1	1
0	0
0	-0.000774665
0	-0.000830398
0.005	-0.000832185
0.015	-0.000832928
0.025	-0.000833895
0.035	-0.000835109
0.045	-0.000836572
0.055	-0.000838285
0.065	-0.000840249
0.075	-0.000842467
0.085	-0.000844941
0.095	-0.000847673
0.105	-0.000850665
0.115	-0.000853921
0.125	-0.000857443
0.135	-0.000861235
0.145	-0.0008653
0.155	-0.000869641
0.165	-0.000874263
0.175	-0.000879169
0.185	-0.000884363
0.195	-0.000889851
0.205	-0.000895636
0.215	-0.000901723
0.225	-0.000908117
0.235	-0.000914822
0.245	-0.000921845
0.255	-0.00092919
0.265	-0.000936863
0.275	-0.000944869
0.285	-0.000953213
0.295	-0.000961902
0.305	-0.000970941
0.315	-0.000980336
0.325	-0.000990092
0.335	-0.00100022
0.345	-0.00101071
0.355	-0.00102159
0.365	-0.00103285
0.375	-0.0010445
0.385	-0.00105654
0.395	-0.00106899
0.405	-0.00108183
0.415	-0.00109509
0.425	-0.00110877
0.435	-0.00112286
0.445	-0.00113737
0.455	-0.0011523
0.465	-0.00116766
0.475	-0.00118345
0.485	-0.00119967
0.495	-0.00121631
0.505	-0.00123339
0.515	-0.00125088
0.525	-0.0012688
0.535	-0.00128714
0.545	-0.00130589
0.555	-0.00132505
0.565	-0.0013446
0.575	-0.00136454
0.585	-0.00138485
0.595	-0.00140552
0.605	-0.00142653
0.615	-0.00144786
0.625	-0.0014695
0.635	-0.00149142
0.645	-0.00151359
0.655	-0.00153599
0.665	-0.00155857
0.675	-0.00158132
0.685	-0.00160419
0.695	-0.00162713
0.705	-0.00165011
0.715	-0.00167308
0.725	-0.00169599
0.735	-0.00171879
0.745	-0.00174141
0.755	-0.00176381
0.765	-0.00178592
0.775	-0.00180768
0.785	-0.00182902
0.795	-0.00184987
0.805	-0.00187017
0.815	-0.00188984
0.825	-0.00190883
0.835	-0.00192704
0.844999	-0.00194442
0.854999	-0.0019609
0.864999	-0.0019764
0.874999	-0.00199086
0.884999	-0.00200423
0.894999	-0.00201643
0.904999	-0.00202742
0.914999	-0.00203713
0.924999	-0.00204554
0.934999	-0.00205257
0.944999	-0.00205646
0.954999	-0.00195958
0.964999	0.00235057
0.974999	0.125053
0.984999	1
0.994999	-1.54924e-005
1	1.49375e-005
0	5.41933e-007
0	1.29793e-008
0.01	3.19515e-010
0.01	9.41417e-011
0.01	9.07139e-011
0.01	9.03889e-011
0.01	9.00506e-011
0.01	8.96611e-011
0.01	8.92191e-011
0.01	8.87232e-011
0.01	8.8172e-011
0.01	8.7564e-011
0.01	8.68975e-011
0.01	8.61704e-011
0.01	8.53807e-011
0.01	8.45262e-011
0.01	8.36044e-011
0.01	8.26128e-011
0.01	8.15483e-011
0.01	8.04081e-011
0.01	7.91889e-011
0.01	7.78873e-011
0.01	7.64995e-011
0.01	7.50216e-011
0.01	7.34496e-011
0.01	7.17792e-011
0.01	7.00055e-011
0.00999999	6.81239e-011
0.00999999	6.61292e-011
0.00999999	6.40159e-011
0.00999999	6.17785e-011
0.00999999	5.94111e-011
0.00999999	5.69073e-011
0.00999999	5.42608e-011
0.00999999	5.14648e-011
0.00999999	4.85123e-011
0.00999999	4.53959e-011
0.00999999	4.21081e-011
0.00999999	3.8641e-011
0.00999999	3.49866e-011
0.00999999	3.11364e-011
0.00999999	2.70818e-011
0.00999999	2.2814e-011
0.00999999	1.8324e-011
0.00999999	1.36025e-011
0.00999999	8.64017e-012
0.00999999	3.42748e-012
0.00999999	-2.04513e-012
0.00999999	-7.78727e-012
0.00999999	-1.38086e-011
0.00999999	-2.01185e-011
0.00999999	-2.67265e-011
0.00999999	-3.36416e-011
0.01	-4.08728e-011
0.00999999	-4.84284e-011
0.00999999	-5.63165e-011
0.00999999	-6.45443e-011
0.00999999	-7.31183e-011
0.00999999	-8.20442e-011
0.00999999	-9.13267e-011
0.00999999	-1.00969e-010
0.00999999	-1.10973e-010
0.00999999	-1.2134e-010
0.00999999	-1.32068e-010
0.00999999	-1.43153e-010
0.00999999	-1.5459e-010
0.00999999	-1.66372e-010
0.00999999	-1.78487e-010
0.00999999	-1.90923e-010
0.00999999	-2.03663e-010
0.00999999	-2.16687e-010
0.00999999	-2.29973e-010
0.00999999	-2.43492e-010
0.00999999	-2.57216e-010
0.00999999	-2.71109e-010
0.00999999	-2.85133e-010
0.00999999	-2.99246e-010
0.00999999	-3.13401e-010
0.00999999	-3.27549e-010
0.00999999	-3.41634e-010
0.00999999	-3.556e-010
0.00999999	-3.69386e-010
0.00999999	-3.82927e-010
0.00999999	-3.96159e-010
0.00999999	-4.09011e-010
0.00999999	-4.21416e-010
0.00999999	-4.33303e-010
0.00999999	-4.44602e-010
0.00999999	-4.55243e-010
0.00999999	-4.6516e-010
0.00999999	-4.74286e-010
0.00999999	-4.82534e-010
0.00999999	-4.87027e-010
0.00999999	-2.4901e-010
0.00999999	1.7032e-008
0.00999999	9.92812e-007
0.00999999	4.21134e-005
0.00999999	0.00118385
0.00999999	0.0162699
0.00999999	-0.0174968
0.00999999	-1.54924e-005
0.00999999	1.49375e-005
0.00999999	5.41933e-007
0.00999999	1.29793e-008
0	3.19515e-010
0	9.41417e-011
0.01	9.07139e-011
0.01	9.03889e-011
0.01	9.00506e-011
0.01	8.96611e-011
0.01	8.92191e-011
0.01	8.87232e-011
0.01	8.8172e-011
0.01	8.7564e-011
0.01	8.68975e-011
0.01	8.61704e-011
0.01	8.53807e-011
0.01	8.45262e-011
0.01	8.36044e-011
0.01	8.26128e-011
0.01	8.15483e-011
0.01	8.04081e-011
0.01	7.91889e-011
0.01	7.78873e-011
0.01	7.64995e-011
0.01	7.50216e-011
0.01	7.34496e-011
0.01	7.17792e-011
0.01	7.00055e-011
0.01	6.81239e-011
0.01	6.61292e-011
0.00999999	6.40159e-011
0.00999999	6.17785e-011
0.00999999	5.94111e-011
0.00999999	5.69073e-011
0.00999999	5.42608e-011
0.00999999	5.14648e-011
0.00999999	4.85123e-011
0.00999999	4.53959e-011
0.00999999	4.21081e-011
0.00999999	3.8641e-011
0.00999999	3.49866e-011
0.00999999	3.11364e-011
0.00999999	2.70818e-011
0.00999999	2.2814e-011
0.00999999	1.8324e-011
0.00999999	1.36025e-011
0.00999999	8.64017e-012
0.00999999	3.42748e-012
0.00999999	-2.04513e-012
0.00999999	-7.78727e-012
0.00999999	-1.38086e-011
0.00999999	-2.01185e-011
0.00999999	-2.67265e-011
0.00999999	-3.36416e-011
0.00999999	-4.08728e-011
0.00999999	-4.84284e-011
0.01	-5.63165e-011
0.00999999	-6.45443e-011
0.00999999	-7.31183e-011
0.00999999	-8.20442e-011
0.00999999	-9.13267e-011
0.00999999	-1.00969e-010
0.00999999	-1.10973e-010
0.00999999	-1.2134e-010
0.00999999	-1.32068e-010
0.00999999	-1.43153e-010
0.00999999	-1.5459e-010
0.00999999	-1.66372e-010
0.00999999	-1.78487e-010
0.00999999	-1.90923e-010
0.00999999	-2.03663e-010
0.00999999	-2.16687e-010
0.00999999	-2.29973e-010
0.00999999	-2.43492e-010
0.00999999	-2.57216e-010
0.00999999	-2.71109e-010
0.00999999	-2.85133e-010
0.00999999	-2.99246e-010
0.00999999	-3.13401e-010
0.00999999	-3.27549e-010
0.00999999	-3.41634e-010
0.00999999	-3.556e-010
0.00999999	-3.69386e-010
0.00999999	-3.82927e-010
0.00999999	-3.96159e-010
0.00999999	-4.09011e-010
0.00999999	-4.21416e-010
0.00999999	-4.33303e-010
0.00999999	-4.44602e-010
0.00999999	-4.55243e-010
0.00999999	-4.6516e-010
0.00999999	-4.74286e-010
0.00999999	-4.82534e-010
0.00999999	-4.87027e-010
0.00999999	-2.4901e-010
0.00999999	1.7032e-008
0.00999999	9.92812e-007
0.00999999	4.21134e-005
0.00999999	0.00118385
0.00999999	0.0162699
0.00999999	-0.0174968
0.00999999	0
0.00999999	-9.99952e-006
0.00999999	-2.02223e-005
0.00999999	-2.99852e-005
0.00999999	-3.92763e-005
0.00999999	-4.81005e-005
0	-5.64632e-005
0	-6.43696e-005
6.76474e-039	-7.18251e-005
0	-7.88352e-005
6.76303e-039	-8.54052e-005
0	-9.15405e-005
0	-9.72464e-005
0	-0.000102528
0	-0.000107391
0	-0.00011184
0	-0.00011588
0	-0.000119517
0	-0.000122753
0	-0.000125596
0	-0.000128048
0	-0.000130115
0	-0.000131802
0	-0.000133113
6.69014e-039	-0.000134055
0	-0.000134632
0	-0.000134853
0	-0.000134723
0	-0.00013425
0	-0.000133443
1.4013e-045	-0.000132312
0	-0.000130865
0	-0.000129115
0	-0.000127072
0	-0.000124748
0	-0.000122156
0	-0.000119311
0	-0.000116225
7.17465e-043	-0.000112914
0	-0.000109392
0	-0.000105678
0	-0.000101787
0	-9.77381e-005
0	-9.35506e-005
0	-8.92451e-005
0	-8.48432e-005
0	-8.03678e-005
0	-7.58388e-005
6.69556e-039	-7.10594e-005
0	-5.86571e-005
0	0
0	0
0	-0.00124997
0	-0.00138039
0	-0.00142429
0	-0.00146557
0	-0.00150603
0	-0.00154542
6.7648e-039	-0.0015834
0	-0.00161958
8.40779e-045	-0.00165355
0	-0.00168487
0	-0.00171305
0	-0.00173758
5.74252e-042	-0.00175794
0	-0.00177358
0	-0.00178398
0	-0.00178863
0	-0.00178707
0	-0.00177888
0	-0.00176375
0	-0.00174145
0	-0.00171187
0	-0.00167504
0	-0.00163113
0	-0.00158046
0	-0.00152347
0	-0.00146076
0	-0.00139303
0	-0.00132105
0	-0.00124569
0	-0.00116783
0	-0.00108837
0	-0.00100817
0	-0.000928073
0	-0.000848832
0	-0.00077113
0	-0.000695562
0	-0.000622626
0	-0.000552728
0	-0.000486183
0	-0.00042322
0	-0.000363992
0	-0.000308584
0	-0.000257025
0	-0.000209293
0	-0.000165328
0	-0.00012504
0	-8.83157e-005
0	-5.50311e-005
0	-2.51251e-005
0	0
0	0
0	-9.99952e-006
0	-2.02223e-005
0	-2.99852e-005
1.12104e-044	-3.92763e-005
0	-4.81005e-005
8.4043e-039	-5.64632e-005
0	-6.43696e-005
6.69014e-039	-7.18251e-005
0	-7.88352e-005
0	-8.54052e-005
0	-9.15405e-005
4.03574e-043	-9.72464e-005
0	-0.000102528
8.40395e-039	-0.000107391
0	-0.00011184
6.69314e-039	-0.00011588
0	-0.000119517
6.69617e-039	-0.000122753
0	-0.000125596
6.69612e-039	-0.000128048
0	-0.000130115
6.76474e-039	-0.000131802
0	-0.000133113
6.76303e-039	-0.000134055
0	-0.000134632
1.5897e-038	-0.000134853
0	-0.000134723
1.5897e-038	-0.00013425
0	-0.000133443
1.5897e-038	-0.000132312
0	-0.000130865
1.5897e-038	-0.000129115
0	-0.000127072
1.5897e-038	-0.000124748
0	-0.000122156
1.58978e-038	-0.000119311
0	-0.000116225
6.69014e-039	-0.000112914
0	-0.000109392
0	-0.000105678
0	-0.000101787
8.13357e-013	-9.77381e-005
4.59163e-041	-9.35506e-005
1.4013e-045	-8.92451e-005
0	-8.48432e-005
6.72623e-044	-8.03678e-005
0	-7.58388e-005
0	-7.10594e-005
0	-5.86571e-005
1.5897e-038	0
0	0
7.17465e-043	-0.00124997
0	-0.00138039
9.18369e-041	-0.00142429
0	-0.00146557
0	-0.00150603
0	-0.00154542
0	-0.0015834
0	-0.00161958
0	-0.00165355
0	-0.00168487
6.69556e-039	-0.00171305
0	-0.00173758
0	-0.00175794
0	-0.00177358
0	-0.00178398
0	-0.00178863
0	-0.00178707
0	-0.00177888
0	-0.00176375
0	-0.00174145
6.7648e-039	-0.00171187
0	-0.00167504
8.40779e-045	-0.00163113
0	-0.00158046
0	-0.00152347
0	-0.00146076
5.74252e-042	-0.00139303
0	-0.00132105
0	-0.00124569
0	-0.00116783
0	-0.00108837
0	-0.00100817
0	-0.000928073
0	-0.000848832
0	-0.00077113
0	-0.000695562
0	-0.000622626
0	-0.000552728
0	-0.000486183
0	-0.00042322
0	-0.000363992
0	-0.000308584
0	-0.000257025
0	-0.000209293
0	-0.000165328
0	-0.00012504
0	-8.83157e-005
0	-5.50311e-005
0	-2.51251e-005
0	0
0	-1.0226e-007
0	-6.89982e-009
0	-1.77541e-010
0	-1.20707e-011
0	-1.20146e-011
0	-1.47614e-011
0	-1.74391e-011
0	-2.00034e-011
0	-2.24509e-011
0	-2.47772e-011
0	-2.69787e-011
0	-2.9052e-011
0	-3.09929e-011
0	-3.27998e-011
0	-3.44702e-011
0	-3.59994e-011
0	-3.73906e-011
0	-3.86375e-011
1.12104e-044	-3.97467e-011
0	-4.07113e-011
8.40495e-039	-4.15406e-011
0	-4.22269e-011
6.69014e-039	-4.27819e-011
0	-4.31964e-011
0	-4.34843e-011
0	-4.36331e-011
4.03574e-043	-4.36524e-011
0	-4.35393e-011
8.4046e-039	-4.32929e-011
0	-4.29115e-011
6.69314e-039	-4.23927e-011
0	-4.17333e-011
6.69617e-039	-4.09299e-011
0	-3.99783e-011
6.69612e-039	-3.88741e-011
0	-3.76123e-011
0	-3.61875e-011
0	-3.45938e-011
0	-3.28248e-011
0	-3.08728e-011
0	-2.87296e-011
0	-2.63855e-011
0	-2.38298e-011
0	-2.10506e-011
0	-1.80271e-011
0	-1.41016e-011
0	3.34735e-011
0	2.27374e-009
0	7.77805e-008
0	1.09404e-006
0	-1.08563e-006
0	-2.42106e-005
0	2.41096e-005
0	8.9087e-007
0	2.1125e-008
0	-2.9772e-010
0	-7.34794e-010
0	-7.88125e-010
0	-8.37976e-010
0	-8.89724e-010
0	-9.43139e-010
0	-9.9782e-010
0	-1.05326e-009
0	-1.10883e-009
0	-1.16378e-009
0	-1.21725e-009
0	-1.26825e-009
0	-1.31572e-009
0	-1.35854e-009
0	-1.39554e-009
0	-1.42559e-009
0	-1.44764e-009
0	-1.46075e-009
0	-1.46417e-009
0	-1.45741e-009
0	-1.44021e-009
0	-1.41263e-009
0	-1.37505e-009
0	-1.32811e-009
0	-1.27275e-009
0	-1.21009e-009
0	-1.14145e-009
0	-1.06821e-009
0	-9.91794e-010
0	-9.13595e-010
0	-8.34918e-010
0	-7.56937e-010
0	-6.80673e-010
0	-6.06968e-010
0	-5.36489e-010
0	-4.69727e-010
0	-4.07013e-010
0	-3.48532e-010
0	-2.94349e-010
0	-2.44423e-010
0	-1.98634e-010
0	-1.56804e-010
0	-1.18827e-010
0	-9.18522e-011
0	-4.61785e-010
0	-1.46598e-008
0	-2.35499e-007
0	-1.0226e-007
0	-6.89982e-009
0	-1.77541e-010
0	-1.20707e-011
0	-1.20146e-011
0	-1.47614e-011
0	-1.74391e-011
0	-2.00034e-011
0	-2.24509e-011
0	-2.47772e-011
0	-2.69787e-011
0	-2.9052e-011
0	-3.09929e-011
0	-3.27998e-011
0	-3.44702e-011
0	-3.59994e-011
0	-3.73906e-011
0	-3.86375e-011
0	-3.97467e-011
0	-4.07113e-011
0	-4.15406e-011
0	-4.22269e-011
0	-4.27819e-011
0	-4.31964e-011
0	-4.34843e-011
0	-4.36331e-011
0	-4.36524e-011
0	-4.35393e-011
0	-4.32929e-011
0	-4.29115e-011
0	-4.23927e-011
0	-4.17333e-011
0	-4.09299e-011
0	-3.99783e-011
0	-3.88741e-011
0	-3.76123e-011
0	-3.61875e-011
0	-3.45938e-011
0	-3.28248e-011
0	-3.08728e-011
0	-2.87296e-011
0	-2.63855e-011
0	-2.38298e-011
0	-2.10506e-011
0	-1.80271e-011
0	-1.41016e-011
0	3.34735e-011
0	2.27374e-009
0	7.77805e-008
0	1.09404e-006
0	-1.08563e-006
0	-2.42106e-005
0	2.41096e-005
0	8.9087e-007
0	2.1125e-008
0	-2.9772e-010
0	-7.34794e-010
0	-7.88125e-010
0	-8.37976e-010
0	-8.89724e-010
0	-9.43139e-010
0	-9.9782e-010
0	-1.05326e-009
0	-1.10883e-009
0	-1.16378e-009
0	-1.21725e-009
0	-1.26825e-009
0	-1.31572e-009
0	-1.35854e-009
0	-1.39554e-009
0	-1.42559e-009
0	-1.44764e-009
0	-1.46075e-009
0	-1.46417e-009
0	-1.45741e-009
0	-1.44021e-009
0	-1.41263e-009
0	-1.37505e-009
0	-1.32811e-009
0	-1.27275e-009
0	-1.21009e-009
0	-1.14145e-009
0	-1.06821e-009
0	-9.91794e-010
0	-9.13595e-010
0	-8.34918e-010
0	-7.56937e-010
0	-6.80673e-010
0	-6.06968e-010
0	-5.36489e-010
0	-4.69727e-010
0	-4.07013e-010
0	-3.48532e-010
0	-2.94349e-010
0	-2.44423e-010
0	-1.98634e-010
0	-1.56804e-010
0	-1.18827e-010
0	-9.18522e-011
0	-4.61785e-010
0	-1.46598e-008
0	-2.35499e-007
0	-7.74642e-009
0	-0.000774613
0	-0.000830346
0	-0.000832133
0	-0.000832876
0	-0.000833843
0	-0.000835057
0	-0.00083652
0	-0.000838232
0	-0.000840197
0	-0.000842415
0	-0.000844888
0	-0.00084762
0	-0.000850612
0	-0.000853868
0	-0.00085739
0	-0.000861181
0	-0.000865246
0	-0.000869587
0	-0.000874208
0	-0.000879114
0	-0.000884308
0	-0.000889795
0	-0.000895579
0	-0.000901666
0	-0.000908059
0	-0.000914764
0	-0.000921787
0	-0.000929131
0	-0.000936803
0	-0.000944809
0	-0.000953152
0	-0.000961841
0	-0.000970879
0	-0.000980273
0	-0.000990029
-1.41231e+006	-0.00100015
-0.833994	-0.00101065
1.16195e-010	-0.00102152
-0.827208	-0.00103278
9.60568e+006	-0.00104443
-0.823916	-0.00105647
1.04356e-029	-0.00106892
-0.822023	-0.00108176
-1.65983e+007	-0.00109502
-0.820771	-0.00110869
6.454e+022	-0.00112278
-0.819853	-0.00113729
3.54824e+028	-0.00115223
-0.819128	-0.00116759
9.34677e+025	-0.00118337
-0.818524	-0.00119959
-7.15104e+034	-0.00121623
-0.817998	-0.0012333
2.9201e-020	-0.0012508
-0.817526	-0.00126872
-9.47856e+018	-0.00128706
-0.817092	-0.00130581
5.38676e+021	-0.00132496
-0.816685	-0.00134451
-6.4668e-032	-0.00136445
-0.816298	-0.00138475
-28.505	-0.00140542
-0.815926	-0.00142643
-6.93439e-033	-0.00144777
-0.815563	-0.0014694
0.0379164	-0.00149132
-0.815207	-0.00151349
2.15394e+027	-0.00153588
-0.814856	-0.00155847
-3.0549e+006	-0.00158121
-0.814506	-0.00160408
1.98845e-035	-0.00162702
-0.814158	-0.00165
4.9819e+012	-0.00167297
-0.813808	-0.00169587
7.78021e+019	-0.00171867
-0.813457	-0.00174129
-2.11955e-036	-0.00176369
-0.813102	-0.0017858
0.000211328	-0.00180755
-0.812744	-0.00182889
4.79759e+015	-0.00184974
-0.812261	-0.00187004
-1.47115e+019	-0.00188971
-0.811522	-0.00190869
0.463275	-0.00192691
-0.810772	-0.00194429
-1.0649e-006	-0.00196076
-0.810008	-0.00197626
7.52806e-031	-0.00199073
-0.809228	-0.00200409
2.54355e+022	-0.00201629
-0.808433	-0.00202727
-6.84463e+037	-0.00203699
-0.807621	-0.0020454
9.8965e-022	-0.00205243
-0.806791	-0.00205631
-1.02987e+021	-0.00195944
-0.805942	0.00235072
0.00111475	0.125053
-0.805073	0.999991
-836.036	-5.11311e-011
-0.804184	-9.99902e-006
-136.605	-2.02212e-005
-0.803274	-2.99836e-005
2.51623e-028	-3.92742e-005
-0.802342	-4.8098e-005
2.38668e-024	-5.64602e-005
-0.801387	-6.43662e-005
-596.559	-7.18214e-005
-0.800409	-7.88311e-005
-3.40108e-038	-8.54008e-005
-0.799408	-9.15359e-005
1.042e-006	-9.72416e-005
-0.798381	-0.000102523
0.0444066	-0.000107386
-0.79733	-0.000111835
2.70693e+024	-0.000115875
-0.796253	-0.000119511
-9.92161e+033	-0.000122748
-0.79515	-0.00012559
-9.58882e-020	-0.000128043
-0.79402	-0.00013011
-1.10626e-036	-0.000131796
-0.792863	-0.000133108
7.88811e-005	-0.00013405
-0.791678	-0.000134628
-6834.63	-0.000134848
-0.790466	-0.000134718
-3.50065e-016	-0.000134246
-0.789225	-0.000133439
-77531.3	-0.000132308
-0.787956	-0.000130862
-1.66232e-029	-0.000129112
-0.786657	-0.000127069
-6245.44	-0.000124746
-0.785329	-0.000122155
6.69594e-024	-0.00011931
-0.783972	-0.000116224
2.13428e-017	-0.000112914
-0.782584	-0.000109393
6.10611e+006	-0.000105679
-0.781167	-0.000101789
5.89898e+030	-9.77403e-005
-0.779719	-9.35535e-005
3.4949e-035	-8.92486e-005
-0.778241	-8.48473e-005
-1.02178e+036	-8.03726e-005
-0.776732	-7.58443e-005
-2.48443e+013	-7.10655e-005
-0.775192	-5.86639e-005
-7.81351e-013	-5.42774e-010
-0.773622	-1.21057e-008
2.56171e-015	-0.00124988
-0.772022	-0.0013803
-2.90588e-031	-0.0014242
-0.77039	-0.00146547
-0.00195208	-0.00150594
-0.768728	-0.00154532
3.92588e-010	-0.00158329
-0.767035	-0.00161947
1.97526e-032	-0.00165345
-0.765312	-0.00168476
2.28855e-029	-0.00171294
-0.763559	-0.00173747
-1.82046e-013	-0.00175782
-0.761775	-0.00177346
-2.48419e+028	-0.00178386
-0.759962	-0.00178851
-2.30281e-021	-0.00178695
-0.758119	-0.00177877
2.15819e-017	-0.00176363
-0.756247	-0.00174133
-4.56141e-020	-0.00171176
-0.754346	-0.00167493
-7.42032e+017	-0.00163103
-0.752416	-0.00158036
1.0199e+017	-0.00152338
-0.750459	-0.00146067
-2.75591e-025	-0.00139294
-0.746948	-0.00132097
8.00124e-022	-0.00124561
-0.742924	-0.00116776
2.77776e+029	-0.0010883
-0.738848	-0.00100811
3.59439e-022	-0.000928014
-0.73472	-0.000848777
2.44328e-034	-0.00077108
-0.730541	-0.000695517
2.38603e+034	-0.000622586
-0.726314	-0.000552693
3.88533e-032	-0.000486152
-0.722039	-0.000423193
-1.03379e-010	-0.000363969
-0.717718	-0.000308565
-1.85712e-020	-0.000257009
-0.713353	-0.00020928
3.12799e+016	-0.000165318
-0.708946	-0.000125032
-1.41483e-019	-8.83105e-005
-0.704497	-5.5028e-005
4.12954e+018	-2.51237e-005
-0.70001	-1.17752e-010
-3.97055e-011	0.00648112
-0.695486	0.00648048
-3639.65	0.00647943
-0.690926	0.00647838
-1.70607e+013	0.00647732
-0.685168	0.00647627
-2.34306e+010	0.00647521
-0.675921	0.00647415
-3.93753e+035	0.00647308
-0.666617	0.00647201
-8.3744e-022	0.00647094
-0.65726	0.00646985
-1.03779e-013	0.00646876
-0.647854	0.00646767
-4.07042e-021	0.00646656
-0.638404	0.00646545
1.53965e+012	0.00646433
-0.628915	0.0064632
-1.66972	0.00646206
-0.613784	0.00646092
-2.43647e-005	0.00645976
-0.594678	0.00645859
17353	0.00645741
-0.575522	0.00645622
-8.07185e-012	0.00645502
-0.550154	0.00645381
-1.73605e-028	0.00645258
-0.511705	0.00645135
-7.30188e-031	0.0064501
-0.473277	0.00644885
0	0.00644758
0	0.00644629
0	0.006445
0	0.0064437
5.66046e-023	0.00644238
-0.829897	0.00644106
-3.54828e+026	0.00643972
-0.82936	0.00643837
1.11511e-029	0.00643701
-0.827948	0.00643564
5.583e+010	0.00643427
-0.826667	0.00643288
-2.73179e+022	0.00643148
-0.825626	0.00643008
-1.67161e+007	0.00642867
-0.824779	0.00642725
4.39119e+027	0.00642583
-0.824071	0.00642441
-1.02002e+015	0.00642298
-0.823459	0.00642143
6.10418e-017	0.006421
-0.822917	0.00654653
-271.694	0.00654822
-0.822423	0.00654991
-2.96948e-006	0.0065516
-0.821965	0.00655328
0.0987347	0.00655494
-0.821533	0.00655659
1.06113e-037	0.0065582
-0.821121	0.00655978
7.93826e-018	0.00656132
-0.820722	0.00656282
4.74475e-009	0.00656425
-0.820333	0.00656562
2157.47	0.00656691
-0.819951	0.00656811
-2.29695e+030	0.00656922
-0.819573	0.00657022
-4.66563e-033	0.0065711
-0.819198	0.00657186
1.48463e-012	0.00657247
-0.818822	0.00657294
9.15833e+021	0.00657325
-0.818446	0.00657339
1.68592e-013	0.00657337
-0.818067	0.00657317
4.29444e-016	0.00657278
-0.817685	0.00657222
2.89747e-019	0.00657148
-0.817299	0.00657055
-8.93969e-023	0.00656945
-0.816907	0.00656817
9.57135e+035	0.00656673
-0.81651	0.00656513
-3.27491e+013	0.00656339
-0.816106	0.0065615
-2.57472e-012	0.00655948
-0.815694	0.00655734
-5.05491e+010	0.00655509
-0.815274	0.00655274
-1.41818e+006	0.0065503
-0.814846	0.00654778
-2.38521e-008	0.0065452
-0.814409	0.00654255
1.03281e-010	0.00653985
-0.813962	0.0065371
1.90327e+013	0.00653432
-0.813505	0.00653151
-2.01787e-015	0.00652868
-0.813038	0.00652583
1.49945e-037	0.00652297
-0.81256	0.00652011
9.13655e-005	0.00651724
-0.811641	0
-6.70543e+031	1
-0.810639	1
-3.31537e+013	1
-0.809612	1
1.12461e-033	1
-0.808561	1
0.100527	1
-0.807484	1
-2.67815e-015	1
-0.806381	1
-7.5502e+031	1
-0.805251	1
3.61868e+009	1
-0.804094	1
3.57065e+016	1
-0.802909	1
1.5558e-008	1
-0.801695	1
1.12183e+025	1
-0.800453	1
9.54448e-033	1
-0.799181	1
-1.45468e-022	1
-0.797879	1
3.76798e-022	1
-0.796547	0.999997
3.62153e-033	1
-0.795185	0.999997
6.83504e+020	1
-0.793791	0.999997
-1.842e-024	1
-0.792366	0.999997
-6.9488e-011	1
-0.790909	0.999997
1.93141	1
-0.78942	0.999999
4.35017e+014	0.999999
-0.7879	1
-4.58568e-026	0.999999
-0.786346	1
5.26114e-013	0.999999
-0.784761	1
-5.66923e+019	0.999999
-0.783142	0.999999
2.13868e-026	0.999999
-0.781491	0.999999
-1254.18	0.999999
-0.779807	0.999999
-2.63325e-032	1
-0.778091	0
-1.04289e-015	1.99974
-0.776341	1
-4.27083e+036	1
-0.774559	1
1.26047e-022	1
-0.772744	1
0.479791	1
-0.770896	1
2.23445e+012	1
-0.769016	1
-6.61934e+034	1
-0.767104	1
-6.94019e-037	1
-0.76516	1
-1.45661e+038	1
-0.763185	1
7.32717e-009	1
-0.761178	1
-2.23539e-020	1
-0.75914	1
-2.72155e-036	1
-0.757072	1
-2.74534e+019	1
-0.754974	1
1.17983e+027	1
-0.752847	1
-9.89027e-017	1
-0.75069	1
-1.14434e-036	1
-0.747011	1
3.63942e+031	1
-0.742587	1
-3.66338e-039	1
-0.738108	1
-1.348e-036	1
-0.733578	1
-1.3632e+007	1
-0.728996	1
1.27419e-030	1
-0.724366	1
9.34085e+023	1
-0.719688	1
1.32232e+010	1
-0.714965	1
-3.11655e-026	1
-0.710198	1
2.61213e+007	1
-0.705389	1
-449964	1
-0.70054	1
-2.30698e-027	0.999997
-0.695654	0
9.84299e+013	0
-0.690733	1
-9.32367e-013	1
-0.684057	1
-1.13378e-007	1
-0.674087	1
49930.7	1
-0.664059	1
-8.33543e-010	1
-0.65398	1
-2.59947e+019	1
-0.643854	1
454.418	1
-0.633686	1
26.9114	1
-0.621961	1
-2.17281e+007	1
-0.601487	1
2.75574e-031	1
-0.58096	1
8.2282e-036	1
-0.558282	1
-2.70785e+032	1
-0.517082	1
-3.60649e-021	0.999999
-0.475906	1
0	0.999997
0	1
0	0.999997
0	1
-1.79924e-023	0.999997
-0.826124	1
-3.49969e+030	0.999997
-0.826858	1
1.884e+021	0.999999
-0.826549	0.999999
2.12928e-017	1
-0.825911	0.999999
-0.0300893	1
-0.825222	0.999999
-1.27045e-021	1
-0.82457	0.999999
2.74816e+026	0.999999
-0.823975	0.999999
6.29429e+033	0.999999
-0.823432	0.999999
1.09371e-035	0.999999
-0.822932	2
-1.29176e+035	0
-0.822467	1
3.20909e-038	1
-0.822029	1
4.94448e+014	1
-0.821611	1
-2.5029e-038	1
-0.821208	1
-1.51235e+032	1
-0.820817	1
1.66303e+007	1
-0.820434	1
1.11205e-012	1
-0.820056	1
-4.78761e+030	1
-0.819681	1
-1.65335e+029	1
-0.819308	1
8.31407e-027	1
-0.818935	1
-9.71377e+028	1
-0.818561	1
-1.57046e+031	1
-0.818183	1
-6.59107e+017	1
-0.817803	1
45225.9	1
-0.817417	1
1.88879e+010	1
-0.817027	1
7.20242e+016	1
-0.81663	1
-1.9112e+012	1
-0.816226	1
2.94526e-035	1
-0.815815	1
-7.90381e+037	1
-0.815395	1
9.26095e+027	1
-0.814968	1
-2.30591e-026	1
-0.814531	1
2.56494e-009	1
-0.814084	1
2.20281e+029	1
-0.813627	1
-3.86599e+021	1
-0.81316	1
1.90637e+033	1
-0.812682	1
-1.71723e+012	1
-0.811884	0.999997
-1.5193e-027	1
-0.810881	1
-1.0825e+013	0
-0.809855	1
-3.31399e+008	0.999999
-0.808803	0.999999
2.76749e-008	0.999999
-0.807725	0.999999
0.000639419	0.999999
-0.806622	0.999999
-4.44882e-027	1
-0.805491	0.999999
8.81109e+024	1
-0.804333	0.999999
2.83641e+016	1
-0.803147	0.999999
-3.44247e-038	0.999999
-0.801932	1
2.01574e+026	0.999997
-0.800689	1
3.09796e-020	0.999997
-0.799416	1
6.7425e-022	0.999997
-0.798113	1
3.13748e+017	0.999997
-0.796779	1
3.92361e+013	0.999999
-0.795415	1
-4.83412e+037	1
-0.79402	1
-4.23591e-005	1
-0.792593	1
-1.52727e-023	1
-0.791134	1
5.34768e-023	1
-0.789644	1
6887.46	1
-0.788121	1
-1.28165e-007	1
-0.786565	1
-1.02152e-029	1
-0.784977	1
-4.44938e-025	1
-0.783357	1
1.08625e-017	1
-0.781703	1
1.25337e-014	1
-0.780016	1
0.0011206	1
-0.778297	1
-2.35946e-028	0
-0.776544	0
1.26706e-031	1
-0.774759	1
5.29398e-008	0.999997
-0.772941	1
0.159542	1
-0.77109	1
6.34587e-027	1
-0.769207	1
1.15825e+010	1
-0.767291	1
812.05	1
-0.765343	1
-4.21795e+035	1
-0.763364	1
4.96412e-005	1
-0.761353	1
1.8303e+038	1
-0.759311	1
3.38352e-030	1
-0.757239	1
-9.06194e+022	1
-0.755137	1
-92.4779	1
-0.753005	1
4.48948e-017	1
-0.750844	1
-8.60431e-029	1
-0.747309	1
7.49109e+014	1
-0.742875	1
6.69601e-027	1
-0.738387	1
-6.35272e-009	1
-0.733846	1
-9.26337e-028	1
-0.729254	1
-5.69334e-036	1
-0.724613	1
-0.448055	1
-0.719925	1
-2.44013e+013	1
-0.71519	1
-4.89939e-007	1
-0.710412	1
-2.26408e-026	1
-0.705591	1
-1.90408e+028	1
-0.700731	1
1.306e+029	1
-0.695833	1
-2.02541e+028	1
-0.6909	1
-1.0885e-008	1.99974
-0.684367	0
5.02901e+009	0
-0.674371	2
-9.52701e-025	0.999999
-0.664319	0.999999
0.00839565	0.999999
-0.654215	0.999999
-1.68481e-023	0.999999
-0.644063	0.999999
-4.3663e-028	1
-0.633869	0.999999
-1.34944e+007	1
-0.622275	0.999999
1.1405e-020	1
-0.601749	0.999999
5.34482e+008	0.999999
-0.58117	1
-1.82384e-008	0.999997
-0.558596	1
1.92042e-020	0.999997
-0.517291	1
-242.21	0.999997
-0.476009	1
0	0.999999
0	1
0	0.999999
0	1
-2.46644e-027	1
-0.824538	1
-16553.9	1
-0.825271	1
-917.642	1
-0.825351	1
-4.11958e-029	1
-0.825081	1
1.93987e-008	1
-0.824659	1
-4.34933e+028	1
-0.824185	1
2.30809e+031	1
-0.823708	1
3.1926e-013	1
-0.823243	1
8.25539e-031	1
-0.822797	1
4.96177e-033	1
-0.822369	1
5.08882e-016	0
-0.821957	0
9.71655e-008	1
-0.821558	1
2.11408e-023	1
-0.821171	1
-1.60203e-013	0.999997
-0.820791	1
-1.78896e-009	1
-0.820417	1
-1.04614e+013	1
-0.820046	1
7.80897e-028	1
-0.819678	1
1.20943e-023	1
-0.819309	1
-9.29913e-007	1
-0.818941	1
64742.5	1
-0.81857	1
7.06575e+012	1
-0.818196	1
2.03471e-013	1
-0.817818	1
-1.29585e-028	1
-0.817435	1
-3.84922e-029	1
-0.817046	1
0.21026	1
-0.816651	1
-3.10628e-028	1
-0.816249	1
9952.11	1
-0.81584	1
-0.960761	1
-0.815422	1
-1.44716e+032	1
-0.814996	1
6.13314e+018	1
-0.814561	1
-1.69097e+024	1
-0.814115	1
-3.95684e+020	1
-0.81366	1
-1.04096e+036	1
-0.813194	1
5.11508e-005	1
-0.812717	1
-7.81842e+013	1
-0.811956	1
3.46985e+019	1
-0.810956	1
-2.3821e+009	1
-0.809931	1
3.84241e+025	1
-0.808881	1
-3.83116e+032	1
-0.807806	1
-4.10593e-009	5
-0.806704	4
2.36579e+013	4
-0.805575	4
2.53076e-029	4
-0.804418	4
-1.21746e-036	4
-0.803234	4
-814913	4
-0.802021	4
7.97411e+027	4
-0.800779	4
1.41201e+032	4
-0.799507	4
3.92451e+015	4
-0.798205	4
1.14161e-029	4
-0.796872	4
4.32129e-035	4
-0.795509	4
8.5071e-013	4
-0.794115	4
-2.10861e+015	4
-0.792689	4
4.04481e-018	4
-0.791231	4
1.28352e+029	4
-0.789741	4
-76.1289	4
-0.788219	4
-9.95588e-014	4
-0.786664	4
5483.68	4
-0.785076	4
7.17273e+006	4
-0.783455	4
8.68412e-035	4
-0.781802	4
5.66695e+021	4
-0.780115	4
-1.2121e+026	4
-0.778396	4
-2.13704e+006	4
-0.776643	5
-4.69066e+013	1
-0.774857	1
-6.12489e-030	4.99974
-0.773039	4
2.85577e-018	4
-0.771187	4
7.90316e+028	4
-0.769303	4
7.64608e-033	4
-0.767387	4
0.0287124	4
-0.765438	4
1.38524e-031	4
-0.763458	4
3.34562e-005	4
-0.761446	4
0.165002	4
-0.759403	4
6.2922e+016	4
-0.757329	4
-3.0587e-031	4
-0.755225	4
-4.6346e-029	4
-0.753092	4
-8.92891e+022	4
-0.750929	4
-1.02953e-023	4
-0.747475	4
-2.33145e-031	4
-0.743037	4
1.17393e-016	4
-0.738544	4
1.29649e+018	4
-0.733998	4
-5.54231e-015	4
-0.729402	4
-2.54515e+023	4
-0.724755	4
2.47469e+023	4
-0.720061	4
-2.52428e+014	4
-0.715321	4
121.11	4
-0.710537	4
8.89542e-038	4
-0.70571	4
-5.76629e-009	4
-0.700844	4
6.20774e-015	4
-0.695939	4
1.54532e+022	4
-0.690999	4
5.78412e-035	4
-0.684551	4
4.91711e+016	4
-0.674542	4
2.72707e-029	4.99974
-0.664475	1
638.608	0
-0.654355	1.63031e-006
-53887	8.14329e-007
-0.644188	8.14368e-007
-1.76758e+032	8.1441e-007
-0.633979	8.14453e-007
2.11094e-021	8.14495e-007
-0.622465	8.14538e-007
1.06344e-011	8.1458e-007
-0.601907	8.14623e-007
4.18524e+020	8.14664e-007
-0.581297	8.14707e-007
1.61221e+018	8.14748e-007
-0.558786	8.1479e-007
4.92179e+029	8.14833e-007
-0.517416	8.14873e-007
4.07607e-036	8.14915e-007
-0.47607	8.14955e-007
0	8.14997e-007
0	8.15036e-007
0	8.15078e-007
0	8.15116e-007
-7.82322e+021	8.15158e-007
-0.823802	8.15195e-007
-1.39615e-014	8.15236e-007
-0.824336	8.15273e-007
-3.41017e+026	8.15312e-007
-0.824501	8.15349e-007
1.33305e-036	8.15388e-007
-0.824402	8.15424e-007
1.63825e-023	8.15462e-007
-0.824144	8.15498e-007
-4.59509e-034	8.15534e-007
-0.823803	8.1557e-007
-17.041	8.15605e-007
-0.823425	8.15641e-007
-1.72836e-036	8.15675e-007
-0.823033	8.1571e-007
1.4199e-021	8.15744e-007
-0.82264	8.15778e-007
7.92263e+020	8.15811e-007
-0.822252	8.15844e-007
1.70349e-036	9.29652e-007
-0.82187	0
3.42944e-019	1.10586e-007
-0.821494	0
2.09288e-012	1.2117e-006
-0.821123	8.12206e-007
147305	8.12169e-007
-0.820757	8.12134e-007
-4.72857e-029	8.12099e-007
-0.820394	8.12063e-007
1.13388e-007	8.12031e-007
-0.820032	8.11996e-007
1.25742e+028	8.11962e-007
-0.819671	8.11929e-007
-9.39582e+024	8.11896e-007
-0.819309	8.11864e-007
-1.35452e+011	8.11833e-007
-0.818946	8.11803e-007
-7.98788e+006	8.11773e-007
-0.81858	8.11745e-007
-6.54277e+006	8.11717e-007
-0.81821	8.11691e-007
-7.21293e+034	8.11666e-007
-0.817835	8.11643e-007
-8.67846e-032	8.11621e-007
-0.817456	8.11601e-007
-1.65912e-017	8.11583e-007
-0.81707	8.11566e-007
4.83256e-008	8.11552e-007
-0.816678	8.11539e-007
-3.2607e+018	8.11528e-007
-0.816279	8.11519e-007
-1.34263e+025	8.11513e-007
-0.815872	8.11508e-007
4.16126e-016	8.11505e-007
-0.815456	8.11504e-007
-3.63723e+021	8.11504e-007
-0.815032	8.11507e-007
-4.18739e+019	8.11511e-007
-0.814598	8.11516e-007
2.94498	8.11523e-007
-0.814155	8.11532e-007
-8.07326e-037	8.11541e-007
-0.813701	8.11551e-007
4.07984e+037	8.11562e-007
-0.813237	8.11574e-007
6.39857e+010	8.11587e-007
-0.812761	8.116e-007
-5.54339e+010	8.11613e-007
-0.812049	8.11627e-007
-1.22391e+023	8.11641e-007
-0.811051	8.11655e-007
-13.6396	8.11669e-007
-0.810029	8.11684e-007
-33.8288	8.11695e-007
-0.808982	8.1171e-007
-0.484736	8.11724e-007
-0.807909	8.11736e-007
1.00591e-035	8.11738e-007
-0.806809	1.21426e-006
5.21536e+013	0
-0.805683	0
-7.50619e+022	1.69928e-313
-0.804529	2.11724e-140
2.48318e+015	4.47594e-091
-0.803346	9.73041e-072
-646042	3.67375e-076
-0.802135	3.21868e-057
-6.2641	2.02567e-322
-0.800895	3.52954e+030
0.691353	1.33275e-317
-0.799625	1.86866e-214
-0.000150207	2.09245e-110
-0.798324	2.09245e-110
9.96915e-023	2.82933e-315
-0.796993	8.28677e-313
-8.17671e+006	2.1793e-311
-0.795632	2.39581e-311
-1.7473e-012	1.30588e-310
-0.794239	4.19383e-309
6.24732e-031	1.3355e-307
-0.792814	2.67171e-306
-1.52912e+034	1.76747e-304
-0.791357	4.39121e-303
-6912.82	7.65995e-296
-0.789868	4.41754e-295
9.65887e+025	1.66998e-294
-0.788346	2.24537e-299
2.20986e+024	3.77091e-293
-0.786792	1.48009e-310
-6.61798e+009	3.60952e-311
-0.785205	2.08062e-310
452242	0
-0.783585	3.15049e-316
6.89004e-028	1.71882e-312
-0.781932	-1.81656e-308
2.97843e-034	3.13673e-310
-0.780245	2.48931e-310
-9.75762e-017	2.51138e-310
-0.778525	3.60951e-311
2.94677e-033	1.93736e-120
-0.776772	2.48995e-310
-1.17534e+037	1.67829e-310
-0.774986	3.67508e-310
-6.05282e+030	1.47606e-310
-0.773167	1.02632e-319
8.67273e-032	1.47542e-310
-0.771315	5.02255e-310
1.45746e-021	2.78138e-309
-0.76943	5.53353e-310
-8.97513e-011	5.98042e-310
-0.767513	3.85864e-310
3.69278e-037	6.72949e-310
-0.765563	1.40339e-202
6.21071e-026	3.60951e-311
-0.763581	3.99381e-310
-8.39237e-020	7.46879e-310
-0.761568	1.47861e-310
1.7406e-023	8.91238e-313
-0.759523	1.47606e-310
-0.00826011	8.54379e-310
-0.757447	1.39069e-309
-4.80485e-038	1.79096e-311
-0.755341	1.87797e-311
3.13843e-015	2.23977e-310
-0.753206	3.98235e-310
2.75693e-011	9.87598e-310
-0.75104	1.83107e-310
-1.58927e-009	1.69738e-310
-0.747693	1.82916e-310
1.70646e+015	1.48009e-310
-0.743249	3.60952e-311
-2.0375e+020	1.89537e-310
-0.738751	0
1.32462e+014	1.39067e-309
-0.734199	1.9968e-311
21.0996	-5.13158e-307
-0.729596	1.0231e-309
-1.19806e-020	1.66322e-310
-0.724942	9.85009e-310
-2.10913e+015	3.60951e-311
-0.720241	1.55029e-120
-673.923	1.63627e-310
-0.715493	1.04285e-309
-9.91938e-029	1.04744e-309
-0.710701	1.47606e-310
-864.902	1.24954e-319
-0.705867	1.47542e-310
1.69233e-012	1.55818e-310
-0.700992	4.24402e-314
-1.06931e+011	1.06458e-309
-0.696079	1.0451e-309
-3.0035e+028	5.34828e-310
-0.69113	1.65537e-310
-2.81587e-005	1.40339e-202
-0.684794	3.60951e-311
2.78407e-035	3.99381e-310
-0.674766	1.62948e-310
-1.31378e-022	1.47861e-310
-0.66468	8.91239e-313
1.65925e-015	1.4767e-310
-0.654541	1.6002e-310
2.06131e-028	1.39069e-309
-0.644354	9.852e-310
1.06523e+013	3.42278e-311
-0.634125	1.11381e-309
-2.04618e-010	2.35053e-310
-0.622715	1.12027e-309
-7.62349e-034	1.83107e-310
-0.602117	1.69738e-310
-309020	1.82916e-310
-0.581464	1.13567e-309
8.07666e-019	3.60952e-311
-0.559036	2.08062e-310
-4.81185e+015	0
-0.517582	1.39067e-309
1.4855e-024	3.59678e-311
-0.47615	6.05648e+019
0	1.21947e-309
0	1.66322e-310
0	1.26675e-309
0	3.60951e-311
-4.43275e+031	1.55029e-120
-0.823419	1.63627e-310
4.11292e+020	4.82181e-310
-0.823772	1.3619e-309
1.54749e-024	1.89473e-310
-0.823917	3.15515e-319
-2.23028e+031	1.47542e-310
-0.82388	1.34694e-309
3.00255e-018	4.17206e-309
-0.823712	4.11561e-310
-2.95675e+011	9.85688e-310
-0.823459	3.16878e-310
2.57537e-036	1.40461e-309
-0.823156	1.40339e-202
-4.62261e-035	3.60951e-311
-0.822825	1.90874e-310
nan	1.62948e-310
-0.82248	1.47861e-310
-1.70144e+019	8.91238e-313
-0.822129	1.47606e-310
-2.27712e+025	1.35407e-309
-0.821776	1.39069e-309
-3.65759e-018	1.46116e-309
-0.821423	5.13099e-311
-1.25658e-009	6.19495e-310
-0.821072	5.6356e-310
0.269911	1.69929e-310
-0.82072	1.83107e-310
-7.00835e-023	1.02635e-309
-0.820369	1.82916e-310
-2.94408e-037	0
-0.820018	3.60952e-311
6.23693e-029	5.34255e-310
-0.819666	0
-3.22837e+011	1.39067e-309
-0.819311	5.85246e-311
1.36656e+024	-1.08584e-304
-0.818954	1.03704e-309
-5.94928e+010	1.66322e-310
-0.818593	1.85961e-309
-9.65674e-022	3.60951e-311
-0.818228	1.55029e-120
-1.27664e+029	1.9547e-309
-0.817858	1.97976e-309
-8.71366e-031	2.00232e-309
-0.817483	1.47606e-310
-1.02486e+009	4.74417e-319
-0.817101	1.47542e-310
-1.00588e-022	2.08395e-309
-0.816712	1.39067e-309
3.27053e+015	2.13265e-309
-0.816316	2.21642e-310
-4.06372e+025	3.05949e-310
-0.815912	2.19255e-309
-5.60497e-022	1.40339e-202
-0.815499	3.60951e-311
1.21108e-017	1.90874e-310
-0.815077	1.62948e-310
-3.27331e-029	1.47861e-310
-0.814646	8.91239e-313
296585	1.4767e-310
-0.814205	2.39177e-309
1.11463e-037	2.12203e-314
-0.813753	7.73043e-311
-0.0125048	7.81955e-311
-0.813291	2.46302e-309
-0.0141523	1.83234e-310
-0.812818	2.49969e-309
2.03208e-027	2.2143e-310
-0.812165	1.69738e-310
-1.47084e+012	1.82916e-310
-0.811171	1.48009e-310
-0.978501	3.60952e-311
-0.810152	1.86481e-310
2.5043e+010	0
-0.809108	2.78134e-309
3.47768e+031	8.45191e-311
-0.808039	9.19999e-287
-1.33974e-035	2.1322e-309
-0.806942	1.66322e-310
7.12555e+010	2.70355e-309
-0.805818	3.60951e-311
3.45134e-028	5.61778e-120
-0.804667	1.635e-310
4.91867e+028	3.01472e-310
-0.803487	2.82752e-309
-2.08648e-038	1.4767e-310
-0.802278	6.69395e-319
-1.71066e+009	1.47542e-310
-0.80104	2.86998e-309
1.53798e+011	2.78138e-309
-0.799773	2.92746e-309
4.40424e+033	1.03857e-309
-0.798474	2.45791e-309
4.6544e-019	1.65537e-310
-0.797145	1.40339e-202
-8.51588e-014	3.60951e-311
-0.795785	2.98609e-309
-7.78527e+023	1.62948e-310
-0.794394	1.47861e-310
5.08592e-023	8.91239e-313
-0.792971	1.4767e-310
0.117496	3.16188e-309
-0.791515	1.39069e-309
-2.76697e-023	7.59165e-310
-0.790027	1.01941e-310
4.95594e-028	3.17707e-309
-0.788507	1.83234e-310
1.14676e-025	1.69929e-310
-0.786953	2.2143e-310
-4.90962e-016	1.69738e-310
-0.785367	1.82916e-310
9.6478e+013	3.27099e-309
-0.783747	3.60952e-311
8.20919e+012	8.1699e-310
-0.782094	0
5.53032e+025	1.39067e-309
-0.780408	1.08179e-310
9.40449e-039	-1.17023e-301
-0.778688	3.4071e-309
3.43818e-016	1.66322e-310
-0.776935	3.43311e-309
-9.31952e-029	3.60951e-311
-0.775148	2.79662e-309
-5.6389e-017	2.44827e-309
-0.773329	1.67829e-310
9.13697e+030	3.55445e-309
-0.771476	1.47606e-310
-20.6498	4.36803e-320
-0.76959	1.47542e-310
2.80306e-031	3.62974e-309
-0.767671	1.39071e-309
-3.14917e-033	3.67941e-309
-0.76572	3.69102e-309
7.4139e-014	3.7e-309
-0.763736	1.65537e-310
-2.97429e-021	1.40339e-202
-0.761721	3.60951e-311
2.40197e+013	3.99381e-310
-0.759674	1.62948e-310
-2.70156e-035	1.47861e-310
-0.757596	8.91238e-313
3.8329e-016	1.47606e-310
-0.755488	5.47072e-310
-9.22197e+029	1.39067e-309
-0.753349	1.10344e-311
2.18751e+025	1.17559e-311
-0.751181	4.11137e-310
-5.79635e-013	2.35053e-310
-0.747967	7.36863e-310
-4.39836e-038	2.2143e-310
-0.743516	1.69738e-310
-8.73838e+031	1.82916e-310
-0.73901	8.92533e-310
3.21029e-015	3.60952e-311
-0.734451	4.08739e-310
-0.0441407	0
-0.729839	1.39067e-309
-2.13342e+012	2.95081e-319
-0.725178	1.52976e-308
-4.49483e+037	8.01096e-310
-0.720467	1.66322e-310
0.000780831	1.47419e-309
-0.71571	3.60951e-311
-2.69346e+026	2.78136e-309
-0.710908	1.57756e-309
-2.36303e+008	8.92618e-310
-0.706064	1.61785e-309
-1.10897e+026	1.47606e-310
-0.701178	1.24954e-319
-1.33915e-029	1.47542e-310
-0.696254	1.73403e-309
0.00935748	4.24402e-314
-0.691294	1.78589e-309
2.29257e-012	1.03857e-309
-0.6851	1.81059e-309
-2.62238e-009	1.65537e-310
-0.675048	1.40339e-202
-1.18425e-034	3.60951e-311
-0.664938	3.99381e-310
2.63853e-027	1.62948e-310
-0.654775	1.47861e-310
1.95558e+036	8.91239e-313
-0.644563	1.47606e-310
-4.61094e-040	2.04639e-309
-0.634308	1.39067e-309
-7.84602e-018	6.86041e-311
-0.62303	6.93468e-311
-3.61569e+012	2.15419e-309
-0.602379	2.19287e-309
-213.361	1.69929e-310
-0.581674	2.2143e-310
17.1878	1.69738e-310
-0.559351	1.82916e-310
-2.31204e+031	1.48009e-310
-0.517789	3.60952e-311
9.43396e-012	1.89537e-310
-0.47625	0
0	2.78134e-309
0	4.46932e-320
0	7.56591e-307
0	2.09568e-310
9.46073e+008	1.66322e-310
-0.8232	2.55881e-309
0.502926	3.60951e-311
-0.823418	2.78136e-309
1.31935e+011	2.63405e-309
-0.823514	2.65396e-309
-7.8404e-031	2.67692e-309
-0.823489	1.4767e-310
-1.00315e-015	8.81463e-320
-0.823364	1.47542e-310
-2.26098e-024	2.85801e-309
-0.823165	1.39067e-309
-4.14715e+031	2.90987e-309
-0.822914	2.35351e-310
-3.65994e-030	3.85864e-310
-0.822631	1.65537e-310
2.58106e+035	1.40339e-202
-0.822326	3.60951e-311
1.88491e-010	3.05472e-309
-0.822008	1.62948e-310
4.84349e-021	1.47861e-310
-0.821683	8.91239e-313
-6.74789e+007	1.47606e-310
-0.821352	3.21671e-309
-6.99498e-009	1.39067e-309
-0.821019	1.05209e-310
1.4972e+022	1.06397e-310
-0.820683	3.31821e-309
2.05407e-025	1.83234e-310
-0.820345	3.38146e-309
5.87714e-014	2.2143e-310
-0.820005	1.69738e-310
6.69381e+036	1.82916e-310
-0.819662	3.46288e-309
-5.35311e+023	3.60952e-311
-0.819316	3.51146e-309
4.7576e-016	0
-0.818966	1.39067e-309
5.13759e+031	5.86308e-320
-0.818611	-2.69042e-301
-1.11016e+022	2.05537e-310
-0.818252	1.66322e-310
-1.46084e-023	3.72642e-309
-0.817887	3.60951e-311
-3.37094e+025	1.55029e-120
-0.817516	3.75468e-309
1.20707e+028	3.75604e-309
-0.817138	3.75069e-309
4.92297e-030	3.60951e-311
-0.816754	1.91255e-310
nan	5.54966e-310
-0.816361	3.91184e-309
-72459	7.56529e-307
-0.81596	1.37961e-306
0.00342364	9.34534e-307
-0.815551	1.40054e-312
2.68544e+036	6.95336e-309
-0.815132	6.95336e-309
-7.22053e+030	6.95336e-309
-0.814704	8.06638e-308
5.04403e+008	2.29179e-312
-0.814265	1.29062e-306
5.54035e+037	1.84616e-312
-0.813816	1.60221e-306
-2.84911e-008	1.37962e-306
-0.813356	1.02361e-306
1.27967e+015	1.52786e-312
-0.812885	1.4642e-312
6.98812e-013	2.22516e-306
-0.812305	1.33509e-306
-1.3814e-027	1.59256e-310
-0.811315	3.22649e-307
2.11356e-026	1.74577e-310
-0.810301	1.7802e-306
3.19405e+006	8.90112e-307
-0.809261	8.90051e-307
7.18293e-006	1.39067e-308
-0.808195	2.19351e-310
219678	1.37963e-306
-0.807102	4.02129e-221
1.40969e+013	2.45579e-310
-0.805982	9.7347e-309
-9.77331e-021	1.49198e-310
-0.804834	8.01092e-307
-3.66015e+008	0
-0.803657	2.02948e-278
-9.37524e+034	1.2516e-308
-0.802451	7.56603e-307
-6.21755e-017	0
-0.801216	1.765e-278
-2.24569	7.50286e-279
-0.799951	9.45697e-308
-5.22018e-011	4.22765e-307
-0.798655	4.45684e-308
3598.87	5.56296e-307
-0.797329	9.3461e-307
-4.35867e+010	3.82596e-310
-0.795971	1.84432e-261
5.47333e-025	2.78134e-309
-0.794581	1.89813e-310
43054.9	5.34019e-307
-0.79316	2.78134e-309
279814	3.28699e-288
-0.791706	8.9008e-308
6.37603e+009	1.56858e-310
-0.790219	4.45057e-308
7.7947e-013	2.97579e-288
-0.7887	1.2462e-306
1.52141e-006	2.29603e-311
-0.787148	9.03676e-288
4.12387e+015	4.04495e-310
-0.785562	2.22813e-312
1.71584e-026	5.19189e-310
-0.783943	2.05228e-288
6.85156e+037	0
-0.78229	5.44929e-310
1.32795e+006	1.08216e-261
-0.780604	1.11258e-307
-5.60266e+006	8.90097e-307
-0.778884	3.57016e-236
-2.68562e+035	2.84003e-234
-0.777131	4.79565e-233
2.9991e+035	3.15473e-234
-0.775344	6.12514e-310
-1.88196e-023	9.34602e-307
-0.773523	8.62259e-308
4.08645e+014	0
-0.771669	2.15662e-288
3.95781e+024	1.11258e-307
-0.769782	9.346e-307
1.03592e-005	2.18569e-312
-0.767862	9.71452e-319
-1.60037e+026	9.34599e-307
-0.765909	2.62044e-304
4.79088e+024	2.78134e-309
-0.763923	4.45059e-308
7.28391e+012	4.64136e-214
-0.761906	8.90079e-308
2.02956e-024	7.42189e-310
-0.759856	1.93689e-304
-1.29613e+019	1.33511e-306
-0.757775	8.4553e-307
-2.50324e-021	7.76269e-310
-0.755664	1.33512e-306
2.9072e-031	7.94284e-310
-0.753522	8.90098e-307
-6.61579e-010	8.11133e-310
-0.75135	1.29061e-306
-6.87137e-017	8.217e-310
-0.748298	8.35133e-310
2.22406e-032	2.31422e-306
-0.743838	1.59362e-310
6745.37	2.05837e-312
-0.739324	1.33511e-306
-1.18118e-027	1.39067e-309
-0.734755	8.86697e-310
-1.33147e-006	9.62315e-272
-0.730134	4.22766e-307
-6.25805e+031	3.61575e-308
-0.725461	4.79565e-233
6.55191e-030	3.32444e-236
-0.72074	2.04717e-306
0.00041784	1.11261e-306
-0.715972	4.45064e-308
2.05185e-027	1.00267e-290
-0.711158	5.56268e-309
-1.34199e-023	2.30484e-291
-0.706301	1.24611e-306
2.35829e-019	8.90104e-307
-0.701403	3.22649e-307
662.792	2.36414e-308
-0.696466	5.56268e-309
-2.74084e+016	1.3796e-306
-0.691493	1.49749e-310
-1.11912e+008	1.33511e-306
-0.685469	1.06811e-306
2.55383e-033	1.11259e-306
-0.675389	1.42418e-306
-0.00166623	8.45603e-307
-0.66525	4.45064e-308
1.23815e-018	1.37932e-312
-0.655057	6.39722e-308
275164	1.02361e-306
-0.644815	9.79038e-307
-2.39255e+017	1.78019e-306
-0.634529	1.89137e-307
3.21772e-035	9.34541e-307
-0.623411	1.24612e-306
1.24693e+020	4.22787e-307
-0.602697	1.18004e-309
-6.79775e+029	7.56603e-307
-0.581928	3.87375e-304
-84.3843	3.56025e-307
-0.55973	3.22649e-307
-2.66933e-036	2.35545e-312
-0.51804	1.23137e-309
-3.4082e+022	9.76151e-313
-0.476372	1.60221e-306
0	5.92439e-304
0	1.26556e-309
0	1.94129e-278
0	4.79974e-310
1.61424e+020	1.2516e-308
-0.823065	2.78142e-307
6.19697e+007	2.48277e-312
-0.823186	1.24611e-306
5.66685e+037	4.17201e-309
-0.823233	1.33391e-309
6.04759e+006	2.50321e-308
-0.823199	1.24611e-306
3.0508e+011	1.36007e-309
-0.823091	3.75481e-308
-2.89418e+031	1.37962e-306
-0.822921	0
-1.13239e-016	1.60219e-306
-0.822706	1.403e-309
3389.35	1.33512e-306
-0.822457	6.67536e-308
4.42879e-013	6.95381e-308
-0.822184	6.95378e-308
3442	1.44552e-309
-0.821895	1.45291e-309
-8.97957e-029	5.56268e-309
-0.821594	2.11382e-307
-0.655767	1.33509e-306
-0.821285	1.48603e-309
-1.83245e+022	9.34606e-307
-0.820969	4.13344e-310
-2.72597e-033	1.5123e-309
-0.820648	1.5223e-309
1.19628e-009	5.56268e-309
-0.820324	1.60218e-306
-9.58742e-030	7.56603e-307
-0.819995	1.55718e-309
-1.90416e+010	1.5638e-309
-0.819661	1.11258e-306
1.83605e-016	3.56014e-307
-0.819324	8.90097e-307
-4.84279e+012	1.59958e-309
-0.818982	3.72602e-264
-4.37555e+031	2.11383e-307
-0.818634	1.60218e-306
-4.06514e+022	7.56605e-307
-0.818281	0
-3.23085e-015	2.12203e-312
-0.817922	8.9007e-308
1.36436e-028	3.44766e-282
-0.817556	6.95929e-308
-7.76975e+030	8.34403e-309
-0.817183	0
3.13061e-009	9.09954e-310
-0.816803	-1.66672e-146
-9.06909e+008	9.34604e-307
-0.816414	9.34598e-307
-1.21255e+034	1.33511e-306
-0.816017	1.76128e-312
3.09462e-031	3.42208e-210
-0.815612	1.11261e-306
-3.77419e-021	3.22649e-307
-0.815196	7.10396e-308
1.19297e+029	1.96871e-302
-0.814771	1.69122e-306
1.75997e+037	1.80787e-308
-0.814336	2.1193e-227
-1.00009e+032	1.7852e-227
-0.81389	4.17201e-309
2.45697e-005	7.56607e-307
-0.813433	1.84792e-309
-2.24842e+017	3.33761e-307
-0.812965	9.34611e-307
2.11782e+012	1.11261e-306
-0.812469	2.22522e-307
1.29828e-006	1.89078e-309
-0.811485	5.56268e-309
-3.32197e-007	2.04707e-306
-0.810475	1.91557e-309
-1.44378e-032	1.11261e-306
-0.809439	2.46155e-312
-9.27585e+011	2.3342e-313
-0.808378	2.31957e-194
9.38439e-031	6.89235e-311
-0.807289	1.08656e-309
1.43545e-022	0
-0.806173	1.98532e-309
38.7751	7.1439e-265
-0.805029	2.73461e-278
2.58709e-011	7.56605e-307
-0.803856	2.01993e-309
-8.94492e+029	9.76147e-313
-0.802654	0
3.4902e-034	9.48901e-276
-0.801422	2.05343e-309
3.73141e+015	2.06137e-309
-0.80016	8.34403e-309
0.00177687	8.9007e-308
-0.798867	4.45047e-308
1.15554e+031	8.90079e-307
-0.797543	2.18569e-312
0.0132824	8.34403e-309
-0.796188	1.86921e-306
395855	1.89132e-307
-0.7948	4.32953e-304
-2.57599e-008	2.11387e-307
-0.793381	2.8849e-238
1.63367e+007	1.07718e-237
-0.791929	4.45034e-308
1.74474e-010	2.18209e-309
-0.790444	2.78134e-309
6.36362e-027	2.19858e-309
-0.788926	4.45058e-308
0.00115324	2.21734e-309
-0.787375	7.74763e-304
1.81227e+031	0
-0.78579	2.00257e-307
3.55453e-018	3.33762e-307
-0.784172	1.42418e-306
793.221	6.95377e-308
-0.78252	2.27571e-309
1.64435e+030	2.2835e-309
-0.780834	2.05837e-312
-2.4757e+022	2.05395e-288
-0.779114	2.31151e-309
7.8221e+036	6.87683e-245
-0.77736	2.36414e-308
-137.906	1.64352e-288
-0.775573	0
-2.38744e+028	2.20559e-192
-0.773751	6.67536e-308
-4.32074e+024	6.97964e-308
-0.771896	4.45045e-308
2.87918e+009	2.36139e-264
-0.770007	1.691e-309
8.55201e+035	0
-0.768085	2.48277e-312
-4.18597e-038	2.22814e-312
-0.76613	2.50321e-308
7.61077e-006	2.58666e-231
-0.764142	1.11261e-306
1.06445e-007	1.20162e-306
-0.762122	1.24612e-306
-1.46808e+013	1.11261e-306
-0.76007	1.22383e-307
2.09753	4.17201e-309
-0.757985	2.08601e-308
4.80312e+020	2.85854e-310
-0.75587	7.56599e-307
-9.81519e+030	3.33774e-307
-0.753724	1.78021e-306
2.49752e+033	1.49198e-310
-0.751548	3.84948e-271
9.22601e+034	8.01098e-307
-0.748685	2.56808e-309
-0.0529906	2.57676e-309
-0.744216	8.90097e-307
-3.07676e-037	8.45603e-307
-0.739691	1.66881e-308
3.45056e-016	2.80305e-255
-0.735112	2.62022e-309
-4.77049e-029	2.46273e-288
-0.730479	2.11758e-278
3.22452e-006	1.11254e-308
-0.725794	1.33511e-306
1.50835e-030	8.45533e-307
-0.721061	3.05948e-308
-1.83156e-033	8.34403e-309
-0.716279	1.0236e-306
-1.03374e-031	2.78134e-309
-0.711451	1.8692e-306
3.68314e+021	1.11262e-306
-0.70658	2.92041e-308
-4.34035e-005	2.14325e-312
-0.701667	2.73911e-309
-2.28255e-036	7.56598e-307
-0.696715	2.75609e-309
3.70023e-037	8.90056e-307
-0.691725	6.95451e-308
6260.42	1.11256e-306
-0.685902	1.11261e-306
-4.16602e+025	2.79949e-309
-0.675789	7.56601e-307
8.80338e-006	4.45057e-308
-0.665616	0
1.37185e+028	2.22518e-306
-0.655388	9.34602e-307
-1.00312e-015	1.3796e-306
-0.64511	3.22638e-307
-3.61548e-017	1.64353e-288
-0.634789	1.69121e-306
4.31999e+015	2.66961e-288
-0.623857	8.34446e-308
-2.11389e-006	1.99703e-309
-0.603069	2.78134e-309
-3.41849e+019	2.33211e-311
-0.582226	3.22638e-307
-748618	1.33511e-306
-0.560175	1.33511e-306
-3.87525e-026	1.98928e-264
-0.518333	8.01095e-307
4.29982e+019	2.97154e-309
-0.476514	2.96447e-309
0	1.47296e-309
0	1.6022e-306
0	4.17201e-309
0	3.01313e-309
-8.09965e+015	2.35356e-090
-0.822977	7.50137e-311
-4.95401e-035	0
-0.823029	9.79038e-307
5.07015e-026	8.1126e-310
-0.823033	1.60218e-306
-2.48894e+006	9.34693e-307
-0.822983	8.01035e-307
1.40076e+021	2.35545e-312
-0.822878	1.39067e-309
0.0178304	1.69119e-306
-0.822725	2.84831e-305
3.0812e+022	4.45033e-308
-0.822532	1.86916e-306
-2.912e-007	2.0026e-307
-0.822308	1.11261e-306
-1.3822e-016	3.15931e-309
-0.82206	0
1.37124e-014	1.74613e-288
-0.821793	9.3461e-307
8.98375e-020	4.45061e-308
-0.821513	2.00263e-307
-0.000206609	9.7347e-309
-0.821223	6.67536e-308
-3.06546e-026	8.90073e-308
-0.820924	6.39722e-308
-4.3444e-013	4.45056e-308
-0.820618	0
-6.71191e-028	6.95336e-309
-0.820306	4.17201e-309
1.67646e-028	8.90104e-307
-0.819988	0
2.83026e-029	1.04919e-249
-0.819665	6.95336e-309
7.47394e-034	7.56595e-307
-0.819337	1.80787e-308
3.97762e-028	9.01901e-241
-0.819003	8.35941e-308
-1.23413e-018	1.52974e-308
-0.818663	3.35744e-309
5.82631e-027	4.22767e-307
-0.818316	2.56808e-309
5.94403e-031	4.45056e-308
-0.817963	0
-2.11022	3.39967e-309
-0.817603	9.34604e-307
7.39399e-022	8.9007e-308
-0.817235	2.34056e-311
-1.80302e+032	1.24605e-306
-0.81686	2.20691e-312
2.16474e-029	1.7802e-306
-0.816476	1.22732e-090
0.051489	3.71142e-311
-0.816084	2.29391e-278
4.9104e+020	5.74975e-288
-0.815682	2.66967e-288
1.98829e+037	5.07388e-279
-0.815271	1.74612e-288
-2.61481e-009	1.60222e-306
-0.814849	3.52879e-309
105.535	3.53677e-309
-0.814418	7.56593e-307
-2.92559e-020	1.39067e-309
-0.813975	3.22641e-307
5.47717e+016	3.57138e-309
-0.813521	2.44759e-307
5.26829e-006	1.89146e-307
-0.813056	3.59649e-309
1.33147e-022	9.7347e-309
-0.812579	6.67536e-308
0.00267455	1.00132e-307
-0.811679	1.59899e-309
-3.14794e+037	1.33512e-306
-0.810674	3.30397e-304
7.17426e+014	1.60614e-310
-0.809644	3.22649e-307
7.70957e+037	1.39073e-307
-0.808588	1.11259e-307
nan	4.56045e-308
-0.807504	1.24611e-306
-127544	8.01101e-307
-0.806392	7.56591e-307
8.25431e-019	8.90107e-307
-0.805253	3.73253e-309
-7.09214e-006	6.39723e-308
-0.804084	1.39067e-309
-9.09726e-026	5.07359e-279
-0.802886	3.74776e-309
1.85272e-009	2.29387e-278
-0.801658	4.17201e-309
2.23736e+021	1.24611e-306
-0.800399	3.3875e-276
1.13995e+030	3.8118e-309
-0.79911	2.38931e-297
3.72976e-029	1.90642e-309
-0.797789	2.87488e-288
4.1371e+022	2.77225e-288
-0.796436	1.86923e-306
1.82855e-032	6.95336e-309
-0.795052	5.34022e-307
3.72847e-037	9.7347e-309
-0.793635	8.70034e-313
1.50683e-036	1.39067e-309
-0.792185	2.1331e-270
3.68653e-030	5.92333e-277
-0.790702	1.39067e-309
-0.0043897	7.2929e-304
-0.789186	3.13381e-294
3.12179e-011	3.4267e+240
-0.787636	-2.72347e+119
1.54619e-024	7.2929e-304
-0.786052	7.2929e-304
-0.311319	7.2929e-304
-0.784435	1.66006e-321
nan	7.2929e-304
-0.782783	-5.93302e+150
8.65287e+012	7.2929e-304
-0.781098	3.54234e-279
-1.95314e+016	1.83472e-158
-0.779378	5.63882e-104
1.27992e+011	5.94269e-313
-0.777624	0
3.27243e-015	0
-0.775835	0
1.02335e+033	0
-0.774013	0
4.79181e-031	0
-0.772156	0
2.19961e+030	2.85076e-321
-0.770266	0
-1.33332e+023	0
-0.768342	4.07424e-312
1.84866e+025	0
-0.766385	0
-0.771104	0
-0.764394	-2.31411e+303
7.65321e+028	2.88174e-317
-0.762371	0
-3.60249e+006	0
-0.760315	-2.28208e+306
-1.22713e+026	3.21143e-319
-0.758227	-5.14138e+302
-3.43153e-005	0
-0.756107	0
-1.07236e+024	0
-0.753957	2.82763e-278
-9.65447e+036	3.03166e-182
-0.751776	2.85036e-278
-2.75133e-024	2.82496e-278
-0.74913	-2.03645e+307
-1.845e+029	0
-0.74465	0
-1.41633e+022	0
-0.740114	0
-1.00974e+031	0
-0.735521	1.31948e-309
5.89726e-009	0
-0.730875	1.21044e-305
258796	0
-0.726177	2.10581e-314
1.81135e+026	0
-0.721428	0
1.92045e+011	2.1059e-314
-0.716632	3.22472e-319
1.00933e-008	2.11805e-314
-0.711788	0
-1.66938e-009	2.11403e-314
-0.7069	0
-1.27159e+016	4.85947e-312
-0.70197	0
1.79851e-027	0
-0.697001	3.23331e-319
4.02074e-032	0
-0.691993	6.76616e-301
3.51328e+017	2.45215e-319
-0.6864	2.1208e-314
3.87353e-017	0
-0.676248	3.10787e-319
-1.26371e+007	9.48022e-303
-0.666036	0
-0.002949	1.00194e-309
-0.655768	1.36262e-309
8.5639	5.26255e-312
-0.64545	2.17389e-322
1.09417e+021	7.2929e-304
-0.635087	7.2929e-304
7.57113e+021	7.2929e-304
-0.62437	8.90069e-308
3.88672	8.90069e-308
-0.603497	5.78542e-307
-5.58985e-024	2.71988e-317
-0.582568	1.81325e-317
-5.98383e-033	2.56914e-322
-0.560687	1.77864e-322
5.53229e+016	1.52786e-312
-0.518671	0
-1.13066e-015	0
-0.476677	2.3342e-312
0	3.44901e-307
0	1.00986e-309
0	1.33508e-307
0	8.34427e-308
4.72854e+026	2.6702e-307
-0.822917	2.91416e-317
-0.454994	1.20956e-312
-0.822919	2.81617e-322
-1.15559e-036	0
-0.822889	1.37932e-312
1.01018e+023	0
-0.822821	0
2.93151e-009	4.98669e-312
-0.822713	2.00269e-307
1.03338e-005	8.97022e-306
-0.822567	1.33508e-307
-1.34752e+037	1.05695e-307
-0.822389	7.63918e-313
-3.60146e-037	2.26658e-317
-0.822182	8.90073e-308
-1.40496e-031	1.01857e-312
-0.821953	0
-5.24712e-025	2.8494e-317
-0.821706	0
1.2418e-031	0
-0.821443	1.01028e-309
4.25706e+029	2.22522e-307
-0.82117	8.97022e-306
5.58167e-033	2.19839e-311
-0.820886	3.91338e-310
-2.39685e+035	3.43763e-312
-0.820594	2.46152e-311
7.1932e+016	2.60942e-310
-0.820294	0
1.21413e-027	2.02369e-320
-0.819988	5.09916e-311
7.7554e+012	0
-0.819675	0
-4.4761e+015	6.94317e-311
-0.819355	0
-160037	2.59033e-318
-0.81903	1.30227e-310
5.14271e+026	0
-0.818697	2.71615e-312
-0.000909714	2.16189e-310
-0.818358	0
-6.44013e-005	3.23791e-319
-0.818011	1.37741e-309
-587.058	0
-0.817657	3.39519e-313
-7.3434e+006	2.54786e-309
-0.817296	1.1126e-306
3.28663e+032	0
-0.816926	0
