0	0	0	0	0	0	0	0	0	0	0	0	0	0	0	0	0	0	0	0	0	0	0	0	0	0	0	0	0	0	0	0	0	0	0	0	0	0	0	0	0	0	0	0	0	0	0	0	0	0	0	0	
0	0.000216291	0.00455059	0.0167131	0.0359521	0.0606534	0.0892532	0.120427	0.15309	0.186355	0.219495	0.251916	0.283133	0.312754	0.340467	0.366031	0.389266	0.410045	0.428288	0.443956	0.457041	0.467562	0.475561	0.481096	0.484233	0.485048	0.483618	0.48002	0.474325	0.4666	0.456902	0.445278	0.431768	0.416399	0.399191	0.380159	0.359314	0.336672	0.312261	0.286131	0.258368	0.229116	0.198599	0.16716	0.135301	0.103752	0.0735465	0.0461217	0.0234016	0.0077151	0.000969885	0	
0	0.00410715	0.0214289	0.0564223	0.107194	0.17081	0.244152	0.324313	0.408723	0.495174	0.581788	0.666982	0.749439	0.828072	0.902	0.970522	1.0331	1.08934	1.13897	1.18182	1.21782	1.24697	1.26932	1.28499	1.29412	1.29688	1.29344	1.28398	1.26869	1.24774	1.22127	1.18943	1.15234	1.1101	1.06281	1.01055	0.953428	0.891566	0.825131	0.75437	0.67964	0.601462	0.520579	0.438032	0.355257	0.274189	0.197377	0.128073	0.0702116	0.0281311	0.0057942	0	
0	0.00796822	0.0375892	0.0927984	0.169878	0.264852	0.373682	0.492516	0.617839	0.746527	0.875858	1.00349	1.12744	1.24603	1.35791	1.46195	1.5573	1.64329	1.71945	1.78546	1.84115	1.88647	1.92144	1.94618	1.96087	1.96571	1.96094	1.94682	1.92359	1.89152	1.85082	1.80173	1.74445	1.67918	1.6061	1.52541	1.43733	1.34215	1.24022	1.13203	1.01825	0.899787	0.777887	0.65421	0.530943	0.41091	0.297671	0.195572	0.109711	0.0457895	0.010029	0	
0	0.0109949	0.0506166	0.122485	0.220989	0.341084	0.477996	0.627234	0.784658	0.946529	1.10953	1.27077	1.42774	1.57834	1.72078	1.85363	1.97571	2.08614	2.18424	2.26955	2.34179	2.4008	2.44658	2.47922	2.49888	2.50579	2.5002	2.48243	2.45276	2.41151	2.35899	2.29548	2.22128	2.13667	2.04195	1.93745	1.82353	1.70064	1.56936	1.43042	1.2848	1.13377	0.979025	0.822717	0.667605	0.517142	0.375555	0.247908	0.140134	0.0591178	0.0131123	0	
0	0.0131504	0.0602511	0.145002	0.26025	0.399955	0.558681	0.73143	0.913616	1.10108	1.29009	1.47736	1.66002	1.83562	2.00208	2.15766	2.30099	2.43094	2.54669	2.64762	2.73333	2.8036	2.85835	2.89762	2.92154	2.93035	2.9243	2.9037	2.86891	2.82026	2.75811	2.68283	2.59478	2.49434	2.38193	2.25798	2.12302	1.97767	1.82272	1.65916	1.48822	1.31152	1.1311	0.949493	0.769896	0.596194	0.433079	0.286133	0.161947	0.0683807	0.0151627	0	
0	0.0145811	0.0669072	0.161019	0.288694	0.44308	0.618163	0.808524	1.00923	1.21583	1.4243	1.63108	1.83305	2.0275	2.21214	2.38503	2.5446	2.68956	2.81895	2.93203	3.02829	3.10742	3.16928	3.21385	3.24124	3.25164	3.24532	3.22258	3.18378	3.1293	3.05954	2.97491	2.87586	2.76285	2.6364	2.49707	2.34553	2.18258	2.0092	1.82657	1.63621	1.43998	1.24021	1.03973	0.842049	0.651354	0.47267	0.311957	0.176303	0.0742488	0.0163973	0	
0	0.0154505	0.071142	0.171558	0.30784	0.47255	0.659218	0.862079	1.07594	1.2961	1.51838	1.73902	1.95472	2.16262	2.36027	2.5456	2.71688	2.87273	3.01205	3.13402	3.23804	3.32372	3.39086	3.43939	3.46937	3.48097	3.47442	3.45005	3.40819	3.34926	3.27367	3.18191	3.07446	2.95188	2.81476	2.66379	2.49978	2.32367	2.1366	1.93997	1.73549	1.52522	1.31172	1.09806	0.887926	0.685748	0.496765	0.327191	0.184423	0.0773761	0.0170028	0	
0	0.0158972	0.0734767	0.177655	0.319273	0.490529	0.684629	0.895546	1.11789	1.34681	1.57799	1.80755	2.03211	2.2487	2.45477	2.64816	2.82708	2.99005	3.1359	3.26373	3.37289	3.46292	3.53356	3.5847	3.61636	3.62868	3.62186	3.59621	3.55209	3.48989	3.41008	3.31316	3.19966	3.07022	2.92551	2.76632	2.59357	2.40834	2.21191	2.00584	1.79199	1.57261	1.3504	1.12859	0.911025	0.702249	0.507629	0.333506	0.187397	0.0783049	0.0171209	0	
0	0.0160297	0.0743479	0.180227	0.324446	0.499026	0.696976	0.912102	1.13888	1.37237	1.60816	1.84234	2.07147	2.29254	2.50296	2.70053	2.88341	3.05009	3.19935	3.33026	3.44211	3.53441	3.60685	3.65929	3.69171	3.70422	3.697	3.67034	3.62459	3.56016	3.47752	3.37719	3.25977	3.12592	2.9764	2.81208	2.63398	2.44327	2.24138	2.02997	1.81104	1.58694	1.3605	1.13505	0.914491	0.703437	0.507282	0.332363	0.186145	0.0774671	0.0168569	0	
0	0.0159301	0.0741022	0.180035	0.324602	0.499793	0.698535	0.914551	1.14225	1.37666	1.61333	1.84836	2.07829	2.30012	2.51128	2.70955	2.89311	3.06042	3.21028	3.34171	3.454	3.54663	3.61928	3.67176	3.70403	3.71618	3.70837	3.68088	3.63403	3.56825	3.484	3.38183	3.26236	3.12631	2.97449	2.80782	2.62742	2.43454	2.23068	2.01761	1.79742	1.57254	1.34586	1.12075	0.901136	0.691607	0.497496	0.32502	0.181428	0.0752061	0.0162908	0	
0	0.0156589	0.073006	0.177684	0.320762	0.494299	0.691236	0.905292	1.13088	1.36302	1.59731	1.82987	2.05729	2.27662	2.48531	2.68121	2.8625	3.0277	3.17559	3.30524	3.41592	3.50712	3.57848	3.62983	3.6611	3.67235	3.66374	3.63551	3.58801	3.52162	3.43684	3.33421	3.21439	3.0781	2.92622	2.75971	2.57973	2.38762	2.18494	1.97351	1.75548	1.53332	1.30993	1.08869	0.873474	0.668789	0.479818	0.312548	0.173884	0.0717994	0.0154851	0	
0	0.01526	0.0712587	0.173644	0.313732	0.483729	0.676664	0.886319	1.10716	1.33428	1.56334	1.79053	2.01252	2.22646	2.42986	2.62065	2.79707	2.9577	3.10137	3.22716	3.33439	3.42254	3.49128	3.54041	3.56988	3.57972	3.57009	3.54122	3.49342	3.4271	3.34273	3.24087	3.12218	2.98743	2.83748	2.67337	2.49627	2.30756	2.10885	1.90199	1.68914	1.4728	1.25583	1.04155	0.833749	0.636779	0.455599	0.29587	0.164047	0.0674754	0.01449	0	
0	0.014764	0.0690055	0.168265	0.304135	0.469018	0.656088	0.859248	1.07307	1.29276	1.5141	1.73338	1.9474	2.15341	2.34904	2.53231	2.70157	2.85546	2.99289	3.113	3.21513	3.29882	3.36373	3.40969	3.43664	3.44462	3.43377	3.4043	3.35654	3.29086	3.20774	3.10775	2.99154	2.85988	2.71367	2.55394	2.3819	2.19894	2.00668	1.80699	1.602	1.39419	1.18637	0.981744	0.783968	0.597171	0.426022	0.275783	0.152373	0.0624262	0.0133473	0	
0	0.014192	0.0663485	0.161802	0.292434	0.450877	0.630495	0.82536	1.0302	1.24038	1.45181	1.66097	1.86478	2.06063	2.24632	2.41997	2.58005	2.72532	2.85475	2.96757	3.06318	3.14116	3.2012	3.24316	3.26697	3.27269	3.26044	3.23046	3.18302	3.11852	3.03742	2.94028	2.82774	2.70058	2.55969	2.40612	2.24108	2.06594	1.88234	1.69209	1.49732	1.30042	1.10411	0.911461	0.725929	0.55138	0.392132	0.252985	0.139258	0.0568158	0.0120922	0	
0	0.0135573	0.0633565	0.154434	0.278965	0.429835	0.600636	0.785646	0.979796	1.17863	1.37827	1.57535	1.767	1.95077	2.12462	2.28682	2.43599	2.57099	2.69091	2.79507	2.88294	2.95414	3.00843	3.04568	3.06585	3.06899	3.05524	3.02482	2.97801	2.91518	2.83679	2.74338	2.6356	2.51419	2.38006	2.23423	2.07789	1.91241	1.73938	1.56058	1.37806	1.19413	1.01136	0.832662	0.661244	0.500667	0.35485	0.228084	0.125042	0.0507857	0.0107552	0	
0	0.0128677	0.0600728	0.146281	0.263961	0.406273	0.567065	0.740858	0.922819	1.10872	1.2949	1.47822	1.65601	1.82602	1.98639	2.13558	2.27234	2.39568	2.50482	2.59915	2.67825	2.74181	2.78962	2.82159	2.83771	2.83806	2.82275	2.79202	2.74613	2.68545	2.61042	2.52156	2.4195	2.30498	2.17887	2.04217	1.89605	1.74184	1.58106	1.41544	1.24694	1.07772	0.910217	0.747115	0.591357	0.446156	0.314995	0.201619	0.110028	0.0444593	0.00936234	0	
0	0.0121268	0.0565217	0.137414	0.247574	0.380452	0.53018	0.691553	0.860005	1.03157	1.20284	1.37093	1.53339	1.68819	1.83369	1.96853	2.09162	2.20214	2.29943	2.383	2.4525	2.50771	2.54847	2.57475	2.58654	2.58395	2.5671	2.53622	2.49157	2.43351	2.36244	2.27888	2.18344	2.07682	1.95986	1.83354	1.69896	1.55741	1.41035	1.2594	1.10639	0.95337	0.802563	0.656412	0.517562	0.388849	0.27329	0.174062	0.0944759	0.037944	0.00793656	0	
0	0.0113356	0.0527142	0.127876	0.2299	0.352548	0.49026	0.638136	0.791909	0.947907	1.103	1.25457	1.40044	1.53881	1.66825	1.78762	1.89602	1.99276	2.07735	2.1494	2.20866	2.25499	2.2883	2.30858	2.31589	2.31031	2.29201	2.2612	2.21813	2.16313	2.09662	2.01907	1.93105	1.83325	1.72645	1.61159	1.48972	1.36205	1.22993	1.0949	0.958658	0.823049	0.690099	0.561983	0.441016	0.329636	0.230376	0.14583	0.0786175	0.0313337	0.00649764	0	
0	0.0104931	0.0486516	0.117683	0.210991	0.32267	0.447495	0.580901	0.718949	0.858287	0.996096	1.13005	1.25823	1.37914	1.49155	1.59454	1.6874	1.76963	1.84084	1.90081	1.94937	1.98645	2.01205	2.02618	2.02894	2.02044	2.00084	1.97035	1.92922	1.87777	1.81637	1.74548	1.66564	1.57748	1.48174	1.3793	1.27113	1.15837	1.04226	0.924205	0.805739	0.688526	0.574351	0.465102	0.362747	0.269306	0.186817	0.117289	0.0626531	0.0247095	0.00506265	0	
0	0.0095971	0.0443295	0.106837	0.190871	0.290883	0.402015	0.520063	0.641445	0.763156	0.882712	0.998096	1.1077	1.21027	1.30486	1.39074	1.46743	1.53457	1.59195	1.63944	1.67699	1.70462	1.72237	1.73033	1.72859	1.7173	1.69663	1.66678	1.62799	1.58055	1.52482	1.4612	1.39022	1.31244	1.22856	1.13936	1.04576	0.948776	0.849542	0.749312	0.649444	0.551391	0.456684	0.366906	0.283664	0.208553	0.143107	0.0887549	0.0467559	0.0181412	0.0036462	0	
0	0.00864481	0.0397404	0.0953313	0.169546	0.257227	0.35391	0.455784	0.559654	0.662886	0.76335	0.859365	0.949632	1.03318	1.10931	1.17755	1.23759	1.28926	1.33249	1.36728	1.39369	1.41179	1.4217	1.42355	1.41747	1.40362	1.38217	1.35331	1.31727	1.27432	1.22478	1.16903	1.10753	1.0408	0.969461	0.894231	0.815918	0.735431	0.653774	0.572039	0.491392	0.413061	0.338307	0.268397	0.204569	0.147982	0.0996754	0.0605029	0.0310746	0.0116882	0.00226055	0	
0	0.00763341	0.0348757	0.0831559	0.147017	0.221728	0.303252	0.388203	0.473799	0.557802	0.638458	0.714435	0.784757	0.848746	0.905967	0.956173	0.99926	1.03523	1.06416	1.08618	1.10143	1.11007	1.11227	1.1082	1.09802	1.08189	1.06	1.03253	0.999676	0.961695	0.918866	0.871527	0.820076	0.764983	0.706793	0.646129	0.583698	0.520286	0.45675	0.394009	0.333028	0.274794	0.22029	0.170457	0.126157	0.0881192	0.0568892	0.0327655	0.0157342	0.00540003	0.000915858	0	
0	0.00656026	0.0297275	0.0703017	0.123285	0.184412	0.25011	0.317451	0.384092	0.448216	0.508462	0.563861	0.613769	0.657808	0.695806	0.727749	0.753734	0.773933	0.788563	0.797864	0.802076	0.801433	0.796155	0.786442	0.772481	0.754446	0.732508	0.70684	0.677629	0.645088	0.60946	0.571035	0.530152	0.487212	0.442675	0.397072	0.350995	0.305096	0.260075	0.21667	0.175632	0.137699	0.103568	0.0738499	0.0490302	0.0294121	0.0150603	0.00573787	0.000838437	-0.000682997	-0.00037973	0	
0	0.0054233	0.0242901	0.0567641	0.0983566	0.145313	0.194564	0.243671	0.290759	0.334452	0.373798	0.408203	0.437363	0.461201	0.479809	0.493404	0.502278	0.506767	0.507226	0.504	0.497417	0.487776	0.475342	0.460347	0.442992	0.423456	0.401901	0.378486	0.353371	0.326732	0.29877	0.26972	0.239858	0.209508	0.179044	0.148891	0.119519	0.0914395	0.0651883	0.0413105	0.0203356	0.00274887	-0.0110451	-0.0207644	-0.0262981	-0.0277607	-0.0255517	-0.0204196	-0.013529	-0.00652879	-0.0016199	0	
0	0.00422116	0.0185608	0.0425454	0.0722514	0.104483	0.136715	0.167031	0.194052	0.216861	0.234931	0.248051	0.256259	0.25978	0.25897	0.254269	0.246158	0.235132	0.22167	0.20622	0.189187	0.170927	0.151743	0.131891	0.111583	0.0909974	0.0702836	0.0495775	0.0290096	0.00871637	-0.01115	-0.0304132	-0.0488658	-0.0662653	-0.0823324	-0.096753	-0.109184	-0.119264	-0.126629	-0.130931	-0.131867	-0.12921	-0.122847	-0.112824	-0.0993964	-0.0830852	-0.064735	-0.0455787	-0.0273026	-0.012113	-0.00280002	0	
0	0.00295345	0.0125415	0.0276579	0.0450049	0.0619964	0.0766942	0.0877379	0.0942672	0.0958446	0.0923774	0.0840444	0.0712276	0.0544514	0.0343283	0.0115147	-0.0133266	-0.0395551	-0.0665735	-0.0938426	-0.120889	-0.14731	-0.17277	-0.196995	-0.219771	-0.240928	-0.260331	-0.277872	-0.293455	-0.306989	-0.318372	-0.327493	-0.334218	-0.33839	-0.339831	-0.338342	-0.333714	-0.32574	-0.314233	-0.299046	-0.280106	-0.257444	-0.231236	-0.201853	-0.169906	-0.136306	-0.102321	-0.0696397	-0.0404334	-0.0174182	-0.00391699	0	
0	0.00162087	0.00623847	0.012125	0.0166728	0.0179587	0.0146737	0.00604573	-0.00824206	-0.0281332	-0.0532769	-0.0831022	-0.116885	-0.153808	-0.193008	-0.233624	-0.274822	-0.315826	-0.355933	-0.394524	-0.431067	-0.46512	-0.496325	-0.5244	-0.549131	-0.570363	-0.587983	-0.601915	-0.612101	-0.618499	-0.621064	-0.619753	-0.614508	-0.605265	-0.591949	-0.574482	-0.552794	-0.526835	-0.496598	-0.46214	-0.423617	-0.381317	-0.335701	-0.287454	-0.237532	-0.187217	-0.138178	-0.0925288	-0.0528867	-0.0224331	-0.00496905	0	
0	0.000225352	-0.000335907	-0.00401621	-0.0126659	-0.0274911	-0.0491294	-0.0777331	-0.113055	-0.154531	-0.201363	-0.252587	-0.307142	-0.363926	-0.421838	-0.479822	-0.536887	-0.592135	-0.644768	-0.6941	-0.739552	-0.780652	-0.817028	-0.848396	-0.874553	-0.895362	-0.910738	-0.920639	-0.925054	-0.923989	-0.917463	-0.905502	-0.888131	-0.865379	-0.83728	-0.803879	-0.765248	-0.721496	-0.672797	-0.619414	-0.561727	-0.500277	-0.435804	-0.369296	-0.302035	-0.235658	-0.172209	-0.114193	-0.0646405	-0.0271517	-0.00595563	0	
0	-0.00122976	-0.00716308	-0.0207135	-0.0429057	-0.074174	-0.114444	-0.16322	-0.219671	-0.282718	-0.351111	-0.4235	-0.498495	-0.574719	-0.650848	-0.725643	-0.797974	-0.866833	-0.931343	-0.990761	-1.04447	-1.09199	-1.13293	-1.16701	-1.19406	-1.21396	-1.22665	-1.23214	-1.23045	-1.22166	-1.20584	-1.1831	-1.15354	-1.11728	-1.07449	-1.02531	-0.969975	-0.908747	-0.841983	-0.770143	-0.693834	-0.613839	-0.531168	-0.447096	-0.363218	-0.281502	-0.204339	-0.134599	-0.0756828	-0.0315724	-0.00687709	0	
0	-0.0027396	-0.0142174	-0.0378978	-0.0739111	-0.121867	-0.18094	-0.24996	-0.3275	-0.411959	-0.501639	-0.59481	-0.689765	-0.784869	-0.878587	-0.969517	-1.0564	-1.13814	-1.2138	-1.28258	-1.34385	-1.39711	-1.44198	-1.47821	-1.50562	-1.52414	-1.53374	-1.53448	-1.52643	-1.50971	-1.48448	-1.45091	-1.4092	-1.35956	-1.30227	-1.2376	-1.16592	-1.08766	-1.00336	-0.913655	-0.819384	-0.721563	-0.621456	-0.520612	-0.420918	-0.324649	-0.234517	-0.153724	-0.0860091	-0.0356966	-0.00773456	0	
0	-0.00429762	-0.0214654	-0.0554814	-0.105514	-0.170296	-0.248219	-0.337415	-0.435851	-0.541405	-0.651936	-0.765347	-0.879629	-0.992904	-1.10345	-1.20971	-1.31033	-1.40414	-1.49013	-1.56749	-1.63557	-1.69388	-1.74204	-1.77983	-1.8071	-1.8238	-1.82996	-1.82566	-1.81105	-1.7863	-1.75163	-1.7073	-1.65358	-1.5908	-1.51933	-1.43958	-1.35206	-1.25734	-1.15614	-1.0493	-0.93785	-0.823034	-0.706354	-0.589619	-0.474985	-0.365009	-0.262697	-0.171552	-0.0956193	-0.039528	-0.00852961	0	
0	-0.00589539	-0.028865	-0.0733558	-0.137508	-0.219135	-0.315808	-0.424952	-0.543921	-0.670076	-0.800847	-0.933783	-1.06659	-1.19718	-1.32365	-1.44432	-1.55775	-1.6627	-1.75814	-1.84324	-1.91735	-1.97998	-2.03079	-2.06957	-2.09621	-2.1107	-2.11311	-2.10358	-2.08229	-2.0495	-2.00547	-1.95055	-1.8851	-1.80954	-1.72435	-1.63006	-1.52732	-1.41687	-1.29956	-1.17643	-1.0487	-0.917833	-0.78555	-0.653895	-0.525273	-0.402498	-0.28884	-0.188072	-0.104514	-0.0430704	-0.00926395	0	
0	-0.00752244	-0.0363646	-0.0913893	-0.169649	-0.267992	-0.383153	-0.511834	-0.650781	-0.796849	-0.947054	-1.09861	-1.24898	-1.39585	-1.53719	-1.67122	-1.79641	-1.9115	-2.01543	-2.10737	-2.18669	-2.25291	-2.30573	-2.34495	-2.37052	-2.38246	-2.38089	-2.36599	-2.33801	-2.29726	-2.24407	-2.17886	-2.10207	-2.01423	-1.91592	-1.80779	-1.69061	-1.56527	-1.43277	-1.29434	-1.15137	-1.00552	-0.858704	-0.713196	-0.571619	-0.437015	-0.312892	-0.203263	-0.112691	-0.0463269	-0.00993912	0	
0	-0.00916598	-0.0439017	-0.109424	-0.201643	-0.31641	-0.449604	-0.597205	-0.755361	-0.920438	-1.08906	-1.25814	-1.4249	-1.58686	-1.74186	-1.88804	-2.02385	-2.14797	-2.25936	-2.3572	-2.44087	-2.50993	-2.56411	-2.60326	-2.62736	-2.63647	-2.63076	-2.61046	-2.57587	-2.52736	-2.46533	-2.39026	-2.30269	-2.20322	-2.09253	-1.9714	-1.84071	-1.70148	-1.55488	-1.40227	-1.24523	-1.08557	-0.925424	-0.767231	-0.613819	-0.468431	-0.334781	-0.217091	-0.12014	-0.049297	-0.010556	0	
0	-0.0108106	-0.0514017	-0.127274	-0.233148	-0.363853	-0.514408	-0.680079	-0.856434	-1.03938	-1.22517	-1.41044	-1.59222	-1.76787	-1.93516	-2.09217	-2.2373	-2.36925	-2.48699	-2.58973	-2.67687	-2.74802	-2.80293	-2.84152	-2.86379	-2.86986	-2.85993	-2.8343	-2.7933	-2.73736	-2.66695	-2.58261	-2.48494	-2.37465	-2.2525	-2.11937	-1.97627	-1.82432	-1.66485	-1.49934	-1.32953	-1.1574	-0.985233	-0.815637	-0.65161	-0.496569	-0.354398	-0.229499	-0.126837	-0.051975	-0.0111143	0	
0	-0.012438	-0.0587764	-0.144719	-0.263759	-0.409695	-0.57669	-0.759318	-0.952594	-1.15199	-1.35344	-1.55334	-1.74854	-1.9363	-2.11433	-2.28066	-2.4337	-2.57217	-2.69507	-2.80164	-2.89133	-2.9638	-3.01884	-3.05641	-3.07656	-3.07945	-3.06533	-3.03453	-2.98745	-2.92455	-2.84635	-2.75347	-2.64658	-2.52644	-2.39392	-2.24998	-2.09572	-1.93241	-1.76146	-1.5845	-1.4034	-1.22027	-1.03754	-0.857949	-0.684645	-0.52118	-0.371581	-0.240394	-0.132738	-0.0543469	-0.011612	0	
0	-0.0140264	-0.0659209	-0.161498	-0.293005	-0.453209	-0.635441	-0.833614	-1.04223	-1.25637	-1.47169	-1.68438	-1.89116	-2.08922	-2.27622	-2.45021	-2.60962	-2.75319	-2.87997	-2.98925	-3.08054	-3.15355	-3.20812	-3.24425	-3.26204	-3.26169	-3.2435	-3.20783	-3.15511	-3.08586	-3.00065	-2.90014	-2.78505	-2.65623	-2.5146	-2.36122	-2.19728	-2.02412	-1.84329	-1.65651	-1.46576	-1.27327	-1.08159	-0.893567	-0.712459	-0.541926	-0.3861	-0.249637	-0.137773	-0.056387	-0.0120445	0	
0	-0.0155497	-0.0727112	-0.177307	-0.320332	-0.493547	-0.689489	-0.901459	-1.1235	-1.35035	-1.57743	-1.80078	-2.01703	-2.22334	-2.41736	-2.59716	-2.76121	-2.90833	-3.03761	-3.14842	-3.24033	-3.31308	-3.3666	-3.40091	-3.41617	-3.41261	-3.39056	-3.35043	-3.29267	-3.21784	-3.12654	-3.01948	-2.89744	-2.76129	-2.61204	-2.4508	-2.27883	-2.09757	-1.90864	-1.71386	-1.5153	-1.31529	-1.11645	-0.921726	-0.734451	-0.558355	-0.397638	-0.257025	-0.141836	-0.0580545	-0.012404	0	
0	-0.0169768	-0.0789992	-0.191781	-0.345087	-0.529718	-0.737476	-0.961115	-1.19428	-1.43144	-1.66784	-1.89941	-2.12273	-2.33496	-2.53379	-2.71735	-2.88418	-3.03316	-3.16347	-3.27455	-3.36603	-3.43773	-3.48962	-3.52177	-3.53439	-3.52773	-3.50216	-3.45809	-3.39604	-3.31655	-3.22028	-3.10796	-2.98038	-2.83849	-2.6833	-2.516	-2.33791	-2.15051	-1.9555	-1.75477	-1.55046	-1.34496	-1.14096	-0.941463	-0.749846	-0.569872	-0.405769	-0.262285	-0.144774	-0.0592889	-0.012678	0	
0	-0.0182701	-0.084607	-0.204488	-0.366499	-0.560557	-0.777817	-1.01057	-1.25215	-1.49682	-1.7397	-1.97668	-2.20435	-2.41991	-2.62111	-2.80616	-2.9737	-3.12271	-3.25246	-3.36246	-3.45243	-3.52226	-3.57195	-3.60165	-3.61156	-3.60201	-3.57335	-3.52604	-3.46058	-3.37755	-3.27761	-3.1615	-3.03005	-2.8842	-2.72502	-2.55372	-2.37164	-2.18032	-1.9815	-1.77711	-1.56934	-1.36063	-1.1537	-0.951591	-0.757676	-0.575723	-0.409939	-0.265047	-0.146382	-0.0600051	-0.0128484	0	
0	-0.0193831	-0.0893173	-0.214905	-0.383647	-0.58469	-0.808662	-1.0475	-1.29431	-1.54324	-1.78936	-2.02857	-2.25751	-2.47348	-2.67431	-2.85836	-3.02435	-3.1714	-3.29887	-3.40636	-3.49369	-3.56079	-3.60774	-3.63471	-3.64195	-3.62978	-3.5986	-3.54885	-3.48105	-3.39577	-3.29366	-3.17547	-3.04204	-2.89429	-2.73331	-2.56031	-2.37667	-2.18392	-1.98383	-1.77836	-1.56971	-1.36034	-1.15299	-0.95067	-0.756757	-0.57497	-0.409452	-0.264842	-0.146386	-0.0600874	-0.0128899	0	
0	-0.0202575	-0.0928607	-0.222392	-0.395419	-0.600483	-0.827834	-1.06919	-1.31753	-1.56697	-1.81262	-2.05045	-2.27722	-2.49033	-2.68778	-2.86806	-3.03005	-3.17297	-3.29631	-3.39978	-3.48326	-3.54676	-3.59042	-3.61444	-3.61908	-3.6047	-3.57167	-3.52044	-3.45152	-3.36547	-3.26292	-3.1446	-3.01132	-2.864	-2.70371	-2.53163	-2.34914	-2.15778	-1.95929	-1.75562	-1.54898	-1.34181	-1.13682	-0.937005	-0.745679	-0.566485	-0.403453	-0.261078	-0.14444	-0.0593841	-0.0127684	0	
0	-0.0208178	-0.0948956	-0.226157	-0.400465	-0.605982	-0.832766	-1.07246	-1.31805	-1.56373	-1.8047	-2.03708	-2.25779	-2.46443	-2.65516	-2.82865	-2.98394	-3.12039	-3.23762	-3.33544	-3.41382	-3.47284	-3.51267	-3.53354	-3.53575	-3.51963	-3.48556	-3.43397	-3.36535	-3.28021	-3.17917	-3.06291	-2.9322	-2.78793	-2.63111	-2.46291	-2.28465	-2.09783	-1.90416	-1.70555	-1.50416	-1.30239	-1.10291	-0.908642	-0.722812	-0.54895	-0.390932	-0.253044	-0.140112	-0.0577011	-0.0124383	0	
0	-0.0209631	-0.094981	-0.225205	-0.397134	-0.598843	-0.820423	-1.05361	-1.29154	-1.52856	-1.76008	-1.98243	-2.19277	-2.38891	-2.56925	-2.73264	-2.87831	-3.00577	-3.11478	-3.20524	-3.27722	-3.33084	-3.36632	-3.38391	-3.3839	-3.36664	-3.33247	-3.2818	-3.21506	-3.13275	-3.0354	-2.92366	-2.79824	-2.65996	-2.50977	-2.34876	-2.17818	-1.99947	-1.81425	-1.62436	-1.43189	-1.23915	-1.04871	-0.8634	-0.686335	-0.520889	-0.370743	-0.239916	-0.132887	-0.0547982	-0.0118412	0	
0	-0.0205548	-0.0925362	-0.218278	-0.383402	-0.576255	-0.78722	-1.00831	-1.23293	-1.45572	-1.67239	-1.87958	-2.07473	-2.25594	-2.42186	-2.57156	-2.70446	-2.82025	-2.91879	-3.00012	-3.06434	-3.11165	-3.14229	-3.15651	-3.15462	-3.13691	-3.10373	-3.05542	-2.99237	-2.915	-2.82382	-2.71935	-2.60225	-2.47325	-2.33321	-2.18311	-2.02411	-1.85752	-1.68486	-1.50785	-1.32844	-1.14882	-0.971421	-0.798934	-0.634305	-0.480732	-0.341659	-0.220797	-0.122186	-0.0503905	-0.0109039	0	
0	-0.0193975	-0.0867931	-0.203798	-0.356813	-0.534882	-0.72894	-0.931471	-1.13632	-1.33855	-1.53427	-1.72055	-1.89516	-2.05656	-2.20367	-2.3358	-2.45259	-2.55386	-2.63962	-2.70996	-2.76508	-2.80519	-2.83054	-2.8414	-2.83804	-2.82073	-2.78977	-2.74545	-2.68809	-2.61805	-2.53574	-2.44162	-2.33622	-2.22017	-2.09421	-1.95921	-1.81616	-1.66624	-1.5108	-1.35138	-1.18976	-1.02793	-0.868123	-0.712829	-0.56478	-0.426944	-0.302499	-0.194807	-0.107417	-0.0441662	-0.00953938	0	
0	-0.0172175	-0.0767576	-0.179848	-0.314487	-0.470846	-0.640684	-0.817174	-0.994794	-1.16921	-1.33709	-1.496	-1.64418	-1.78044	-1.90401	-2.01447	-2.11161	-2.19543	-2.26601	-2.32353	-2.36821	-2.40029	-2.42001	-2.42761	-2.42334	-2.40742	-2.38009	-2.34158	-2.29216	-2.23208	-2.16166	-2.08126	-1.99131	-1.89229	-1.78481	-1.66958	-1.54741	-1.41929	-1.28636	-1.14992	-1.0115	-0.872822	-0.735841	-0.602754	-0.475998	-0.35824	-0.252339	-0.161286	-0.0881135	-0.0358461	-0.00765789	0	
0	-0.0136589	-0.0612621	-0.144321	-0.253278	-0.379822	-0.516843	-0.658507	-0.800216	-0.938467	-1.07068	-1.19504	-1.31029	-1.41564	-1.51065	-1.59511	-1.66899	-1.73237	-1.78542	-1.82835	-1.86136	-1.8847	-1.89856	-1.90317	-1.8987	-1.88534	-1.86326	-1.83262	-1.79359	-1.74637	-1.69116	-1.62822	-1.55784	-1.48038	-1.39627	-1.30603	-1.21028	-1.10977	-1.00535	-0.89806	-0.789072	-0.679758	-0.571686	-0.46664	-0.366635	-0.27391	-0.190901	-0.12017	-0.0642398	-0.0253508	-0.00520968	0	
0	-0.00840812	-0.0393879	-0.0955289	-0.170294	-0.257299	-0.351089	-0.447357	-0.542862	-0.635257	-0.722902	-0.804696	-0.879949	-0.948267	-1.00947	-1.06354	-1.11053	-1.15059	-1.18388	-1.21059	-1.23089	-1.24497	-1.25298	-1.25506	-1.25134	-1.24193	-1.22693	-1.20644	-1.18055	-1.14937	-1.11301	-1.07161	-1.02534	-0.974403	-0.919067	-0.859644	-0.796517	-0.73015	-0.661097	-0.590014	-0.517673	-0.444979	-0.37298	-0.302895	-0.236125	-0.174274	-0.119141	-0.0726822	-0.0368536	-0.0132448	-0.00232739	0	
0	-0.00187975	-0.0121303	-0.0339367	-0.0640118	-0.098986	-0.136256	-0.173968	-0.21085	-0.246053	-0.279032	-0.30946	-0.33716	-0.362061	-0.384162	-0.403512	-0.420183	-0.434265	-0.445849	-0.455028	-0.461886	-0.466499	-0.468935	-0.469248	-0.467486	-0.463686	-0.457881	-0.450098	-0.440363	-0.428704	-0.415151	-0.399744	-0.382532	-0.363579	-0.342966	-0.320798	-0.297204	-0.272342	-0.246407	-0.219634	-0.1923	-0.164737	-0.137339	-0.110571	-0.084983	-0.0612326	-0.0401001	-0.0225019	-0.00945531	-0.00187006	0.000230491	0	
0	0	0	0	0	0	0	0	0	0	0	0	0	0	0	0	0	0	0	0	0	0	0	0	0	0	0	0	0	0	0	0	0	0	0	0	0	0	0	0	0	0	0	0	0	0	0	0	0	0	0	0	
