0	0	1
0	0.01	1
0	0.03	1
0	0.05	1
0	0.07	1
0	0.09	1
0	0.11	1
0	0.13	1
0	0.15	1
0	0.17	1
0	0.19	1
0	0.21	1
0	0.23	1
0	0.25	1
0	0.27	1
0	0.29	1
0	0.31	1
0	0.33	1
0	0.35	1
0	0.37	1
0	0.39	1
0	0.41	1
0	0.43	1
0	0.45	1
0	0.47	1
0	0.49	1
0	0.51	1
0	0.53	1
0	0.55	1
0	0.57	1
0	0.59	1
0	0.61	1
0	0.63	1
0	0.65	1
0	0.67	1
0	0.69	1
0	0.71	1
0	0.73	1
0	0.75	1
0	0.77	1
0	0.79	1
0	0.81	1
0	0.83	1
0	0.85	1
0	0.87	1
0	0.89	1
0	0.91	1
0	0.93	1
0	0.95	1
0	0.97	1
0	0.99	1
0	1	1

0.01	0	0.982117
0.01	0.01	0.982117
0.01	0.03	0.982103
0.01	0.05	0.982081
0.01	0.07	0.98206
0.01	0.09	0.982048
0.01	0.11	0.98205
0.01	0.13	0.982069
0.01	0.15	0.98211
0.01	0.17	0.982174
0.01	0.19	0.982263
0.01	0.21	0.982376
0.01	0.23	0.982515
0.01	0.25	0.982677
0.01	0.27	0.982864
0.01	0.29	0.983073
0.01	0.31	0.983303
0.01	0.33	0.983553
0.01	0.35	0.983821
0.01	0.37	0.984106
0.01	0.39	0.984405
0.01	0.41	0.984717
0.01	0.43	0.985041
0.01	0.45	0.985373
0.01	0.47	0.985713
0.01	0.49	0.986058
0.01	0.51	0.986406
0.01	0.53	0.986756
0.01	0.55	0.987105
0.01	0.57	0.987451
0.01	0.59	0.987792
0.01	0.61	0.988127
0.01	0.63	0.988452
0.01	0.65	0.988767
0.01	0.67	0.989069
0.01	0.69	0.989357
0.01	0.71	0.989628
0.01	0.73	0.989881
0.01	0.75	0.990114
0.01	0.77	0.990327
0.01	0.79	0.990518
0.01	0.81	0.990686
0.01	0.83	0.990831
0.01	0.85	0.990954
0.01	0.87	0.991054
0.01	0.89	0.991132
0.01	0.91	0.991191
0.01	0.93	0.991231
0.01	0.95	0.991256
0.01	0.97	0.991269
0.01	0.99	0.991273
0.01	1	0.991273

0.03	0	0.946379
0.03	0.01	0.946381
0.03	0.03	0.946333
0.03	0.05	0.946263
0.03	0.07	0.946197
0.03	0.09	0.946156
0.03	0.11	0.946158
0.03	0.13	0.946214
0.03	0.15	0.946335
0.03	0.17	0.946526
0.03	0.19	0.94679
0.03	0.21	0.94713
0.03	0.23	0.947545
0.03	0.25	0.948033
0.03	0.27	0.948592
0.03	0.29	0.949219
0.03	0.31	0.94991
0.03	0.33	0.950661
0.03	0.35	0.951466
0.03	0.37	0.952321
0.03	0.39	0.95322
0.03	0.41	0.954158
0.03	0.43	0.955129
0.03	0.45	0.956128
0.03	0.47	0.957148
0.03	0.49	0.958185
0.03	0.51	0.959231
0.03	0.53	0.960281
0.03	0.55	0.961328
0.03	0.57	0.962368
0.03	0.59	0.963393
0.03	0.61	0.964398
0.03	0.63	0.965376
0.03	0.65	0.966322
0.03	0.67	0.967229
0.03	0.69	0.968093
0.03	0.71	0.968907
0.03	0.73	0.969667
0.03	0.75	0.970368
0.03	0.77	0.971007
0.03	0.79	0.97158
0.03	0.81	0.972084
0.03	0.83	0.97252
0.03	0.85	0.972887
0.03	0.87	0.973186
0.03	0.89	0.97342
0.03	0.91	0.973594
0.03	0.93	0.973714
0.03	0.95	0.973788
0.03	0.97	0.973825
0.03	0.99	0.973834
0.03	1	0.973834

0.05	0	0.910733
0.05	0.01	0.910737
0.05	0.03	0.910648
0.05	0.05	0.91052
0.05	0.07	0.910398
0.05	0.09	0.910319
0.05	0.11	0.910312
0.05	0.13	0.910399
0.05	0.15	0.910594
0.05	0.17	0.910908
0.05	0.19	0.911346
0.05	0.21	0.91191
0.05	0.23	0.9126
0.05	0.25	0.913413
0.05	0.27	0.914346
0.05	0.29	0.915392
0.05	0.31	0.916545
0.05	0.33	0.917798
0.05	0.35	0.919141
0.05	0.37	0.920568
0.05	0.39	0.922069
0.05	0.41	0.923635
0.05	0.43	0.925256
0.05	0.45	0.926923
0.05	0.47	0.928627
0.05	0.49	0.930356
0.05	0.51	0.932103
0.05	0.53	0.933855
0.05	0.55	0.935604
0.05	0.57	0.93734
0.05	0.59	0.939051
0.05	0.61	0.940729
0.05	0.63	0.942362
0.05	0.65	0.943941
0.05	0.67	0.945456
0.05	0.69	0.946897
0.05	0.71	0.948256
0.05	0.73	0.949525
0.05	0.75	0.950695
0.05	0.77	0.95176
0.05	0.79	0.952715
0.05	0.81	0.953556
0.05	0.83	0.95428
0.05	0.85	0.954889
0.05	0.87	0.955384
0.05	0.89	0.955771
0.05	0.91	0.956056
0.05	0.93	0.956251
0.05	0.95	0.956368
0.05	0.97	0.956425
0.05	0.99	0.956438
0.05	1	0.956439

0.07	0	0.875258
0.07	0.01	0.875263
0.07	0.03	0.875126
0.07	0.05	0.874928
0.07	0.07	0.874738
0.07	0.09	0.87461
0.07	0.11	0.874585
0.07	0.13	0.874694
0.07	0.15	0.874957
0.07	0.17	0.875387
0.07	0.19	0.875994
0.07	0.21	0.87678
0.07	0.23	0.877743
0.07	0.25	0.87888
0.07	0.27	0.880185
0.07	0.29	0.88165
0.07	0.31	0.883266
0.07	0.33	0.885021
0.07	0.35	0.886904
0.07	0.37	0.888904
0.07	0.39	0.891008
0.07	0.41	0.893202
0.07	0.43	0.895475
0.07	0.45	0.897812
0.07	0.47	0.900199
0.07	0.49	0.902624
0.07	0.51	0.905072
0.07	0.53	0.907529
0.07	0.55	0.909981
0.07	0.57	0.912413
0.07	0.59	0.914812
0.07	0.61	0.917164
0.07	0.63	0.919453
0.07	0.65	0.921667
0.07	0.67	0.92379
0.07	0.69	0.925811
0.07	0.71	0.927715
0.07	0.73	0.929492
0.07	0.75	0.931131
0.07	0.77	0.932621
0.07	0.79	0.933957
0.07	0.81	0.935131
0.07	0.83	0.936142
0.07	0.85	0.936989
0.07	0.87	0.937676
0.07	0.89	0.938209
0.07	0.91	0.9386
0.07	0.93	0.938863
0.07	0.95	0.939019
0.07	0.97	0.93909
0.07	0.99	0.939105
0.07	1	0.939105

0.09	0	0.840046
0.09	0.01	0.840052
0.09	0.03	0.83986
0.09	0.05	0.839583
0.09	0.07	0.839315
0.09	0.09	0.839128
0.09	0.11	0.839076
0.09	0.13	0.839197
0.09	0.15	0.83952
0.09	0.17	0.840062
0.09	0.19	0.840832
0.09	0.21	0.841834
0.09	0.23	0.843067
0.09	0.25	0.844525
0.09	0.27	0.8462
0.09	0.29	0.848081
0.09	0.31	0.850157
0.09	0.33	0.852413
0.09	0.35	0.854834
0.09	0.37	0.857406
0.09	0.39	0.860111
0.09	0.41	0.862933
0.09	0.43	0.865856
0.09	0.45	0.868861
0.09	0.47	0.871932
0.09	0.49	0.87505
0.09	0.51	0.878198
0.09	0.53	0.881358
0.09	0.55	0.884512
0.09	0.57	0.887641
0.09	0.59	0.890726
0.09	0.61	0.89375
0.09	0.63	0.896695
0.09	0.65	0.899541
0.09	0.67	0.902271
0.09	0.69	0.904869
0.09	0.71	0.907317
0.09	0.73	0.9096
0.09	0.75	0.911704
0.09	0.77	0.913617
0.09	0.79	0.915329
0.09	0.81	0.916833
0.09	0.83	0.918125
0.09	0.85	0.919204
0.09	0.87	0.920076
0.09	0.89	0.92075
0.09	0.91	0.921238
0.09	0.93	0.921563
0.09	0.95	0.921751
0.09	0.97	0.921832
0.09	0.99	0.921846
0.09	1	0.921847

0.11	0	0.805198
0.11	0.01	0.805206
0.11	0.03	0.804954
0.11	0.05	0.804592
0.11	0.07	0.80424
0.11	0.09	0.803986
0.11	0.11	0.803898
0.11	0.13	0.804025
0.11	0.15	0.804401
0.11	0.17	0.805046
0.11	0.19	0.805974
0.11	0.21	0.807186
0.11	0.23	0.808683
0.11	0.25	0.810456
0.11	0.27	0.812496
0.11	0.29	0.814789
0.11	0.31	0.81732
0.11	0.33	0.820072
0.11	0.35	0.823027
0.11	0.37	0.826165
0.11	0.39	0.829467
0.11	0.41	0.832913
0.11	0.43	0.83648
0.11	0.45	0.840149
0.11	0.47	0.843898
0.11	0.49	0.847705
0.11	0.51	0.851549
0.11	0.53	0.855406
0.11	0.55	0.859256
0.11	0.57	0.863076
0.11	0.59	0.866843
0.11	0.61	0.870534
0.11	0.63	0.874128
0.11	0.65	0.877602
0.11	0.67	0.880934
0.11	0.69	0.884103
0.11	0.71	0.887089
0.11	0.73	0.889872
0.11	0.75	0.892436
0.11	0.77	0.894765
0.11	0.79	0.896847
0.11	0.81	0.898673
0.11	0.83	0.900239
0.11	0.85	0.901544
0.11	0.87	0.902593
0.11	0.89	0.903399
0.11	0.91	0.903978
0.11	0.93	0.904357
0.11	0.95	0.904569
0.11	0.97	0.904656
0.11	0.99	0.904666
0.11	1	0.904667

0.13	0	0.77082
0.13	0.01	0.770828
0.13	0.03	0.770516
0.13	0.05	0.770067
0.13	0.07	0.769626
0.13	0.09	0.769301
0.13	0.11	0.769173
0.13	0.13	0.769301
0.13	0.15	0.769724
0.13	0.17	0.770467
0.13	0.19	0.771545
0.13	0.21	0.772962
0.13	0.23	0.774715
0.13	0.25	0.776796
0.13	0.27	0.779193
0.13	0.29	0.78189
0.13	0.31	0.784869
0.13	0.33	0.788108
0.13	0.35	0.791588
0.13	0.37	0.795285
0.13	0.39	0.799174
0.13	0.41	0.803233
0.13	0.43	0.807437
0.13	0.45	0.81176
0.13	0.47	0.816177
0.13	0.49	0.820663
0.13	0.51	0.825192
0.13	0.53	0.829737
0.13	0.55	0.834273
0.13	0.57	0.838774
0.13	0.59	0.843212
0.13	0.61	0.847561
0.13	0.63	0.851794
0.13	0.65	0.855886
0.13	0.67	0.85981
0.13	0.69	0.86354
0.13	0.71	0.867054
0.13	0.73	0.870328
0.13	0.75	0.873341
0.13	0.77	0.876076
0.13	0.79	0.878519
0.13	0.81	0.880658
0.13	0.83	0.882488
0.13	0.85	0.884009
0.13	0.87	0.885227
0.13	0.89	0.886155
0.13	0.91	0.886817
0.13	0.93	0.887243
0.13	0.95	0.887473
0.13	0.97	0.88756
0.13	0.99	0.887565
0.13	1	0.887566

0.15	0	0.737015
0.15	0.01	0.737025
0.15	0.03	0.736653
0.15	0.05	0.736119
0.15	0.07	0.735591
0.15	0.09	0.735195
0.15	0.11	0.735025
0.15	0.13	0.735151
0.15	0.15	0.735617
0.15	0.17	0.736453
0.15	0.19	0.737675
0.15	0.21	0.739288
0.15	0.23	0.741289
0.15	0.25	0.743669
0.15	0.27	0.746413
0.15	0.29	0.749503
0.15	0.31	0.752918
0.15	0.33	0.756634
0.15	0.35	0.760625
0.15	0.37	0.764867
0.15	0.39	0.769331
0.15	0.41	0.773989
0.15	0.43	0.778814
0.15	0.45	0.783776
0.15	0.47	0.788847
0.15	0.49	0.793996
0.15	0.51	0.799195
0.15	0.53	0.804413
0.15	0.55	0.809621
0.15	0.57	0.814786
0.15	0.59	0.81988
0.15	0.61	0.824872
0.15	0.63	0.82973
0.15	0.65	0.834424
0.15	0.67	0.838925
0.15	0.69	0.843202
0.15	0.71	0.84723
0.15	0.73	0.85098
0.15	0.75	0.85443
0.15	0.77	0.857558
0.15	0.79	0.860349
0.15	0.81	0.862788
0.15	0.83	0.864871
0.15	0.85	0.866596
0.15	0.87	0.867971
0.15	0.89	0.869013
0.15	0.91	0.869748
0.15	0.93	0.870213
0.15	0.95	0.870456
0.15	0.97	0.870539
0.15	0.99	0.870536
0.15	1	0.870537

0.17	0	0.703885
0.17	0.01	0.703895
0.17	0.03	0.703469
0.17	0.05	0.702855
0.17	0.07	0.702244
0.17	0.09	0.70178
0.17	0.11	0.701572
0.17	0.13	0.701695
0.17	0.15	0.702202
0.17	0.17	0.703127
0.17	0.19	0.704487
0.17	0.21	0.706289
0.17	0.23	0.70853
0.17	0.25	0.711198
0.17	0.27	0.714277
0.17	0.29	0.717746
0.17	0.31	0.721582
0.17	0.33	0.725757
0.17	0.35	0.730244
0.17	0.37	0.735013
0.17	0.39	0.740033
0.17	0.41	0.745272
0.17	0.43	0.750699
0.17	0.45	0.75628
0.17	0.47	0.761984
0.17	0.49	0.767777
0.17	0.51	0.773625
0.17	0.53	0.779495
0.17	0.55	0.785352
0.17	0.57	0.791162
0.17	0.59	0.796891
0.17	0.61	0.802504
0.17	0.63	0.807966
0.17	0.65	0.813243
0.17	0.67	0.818301
0.17	0.69	0.823107
0.17	0.71	0.827629
0.17	0.73	0.831838
0.17	0.75	0.835707
0.17	0.77	0.839212
0.17	0.79	0.842334
0.17	0.81	0.845059
0.17	0.83	0.84738
0.17	0.85	0.849297
0.17	0.87	0.850818
0.17	0.89	0.851963
0.17	0.91	0.852762
0.17	0.93	0.853257
0.17	0.95	0.853506
0.17	0.97	0.853581
0.17	0.99	0.85357
0.17	1	0.853571

0.19	0	0.671522
0.19	0.01	0.671534
0.19	0.03	0.671058
0.19	0.05	0.670372
0.19	0.07	0.669687
0.19	0.09	0.669163
0.19	0.11	0.668921
0.19	0.13	0.669045
0.19	0.15	0.669593
0.19	0.17	0.670605
0.19	0.19	0.672099
0.19	0.21	0.674082
0.19	0.23	0.676551
0.19	0.25	0.679495
0.19	0.27	0.682895
0.19	0.29	0.686727
0.19	0.31	0.690966
0.19	0.33	0.695583
0.19	0.35	0.700544
0.19	0.37	0.705818
0.19	0.39	0.711371
0.19	0.41	0.717167
0.19	0.43	0.723171
0.19	0.45	0.729347
0.19	0.47	0.735659
0.19	0.49	0.742068
0.19	0.51	0.74854
0.19	0.53	0.755034
0.19	0.55	0.761515
0.19	0.57	0.767944
0.19	0.59	0.774281
0.19	0.61	0.78049
0.19	0.63	0.786531
0.19	0.65	0.792365
0.19	0.67	0.797956
0.19	0.69	0.803266
0.19	0.71	0.80826
0.19	0.73	0.812906
0.19	0.75	0.817172
0.19	0.77	0.821034
0.19	0.79	0.824469
0.19	0.81	0.827462
0.19	0.83	0.830005
0.19	0.85	0.832099
0.19	0.87	0.833753
0.19	0.89	0.834989
0.19	0.91	0.835843
0.19	0.93	0.836361
0.19	0.95	0.836611
0.19	0.97	0.836674
0.19	0.99	0.836653
0.19	1	0.836654

0.21	0	0.640011
0.21	0.01	0.640023
0.21	0.03	0.639506
0.21	0.05	0.638758
0.21	0.07	0.63801
0.21	0.09	0.637437
0.21	0.11	0.637169
0.21	0.13	0.637299
0.21	0.15	0.637892
0.21	0.17	0.638988
0.21	0.19	0.640611
0.21	0.21	0.642769
0.21	0.23	0.645457
0.21	0.25	0.648663
0.21	0.27	0.652367
0.21	0.29	0.656545
0.21	0.31	0.661166
0.21	0.33	0.666201
0.21	0.35	0.671613
0.21	0.37	0.677367
0.21	0.39	0.683426
0.21	0.41	0.689751
0.21	0.43	0.696303
0.21	0.45	0.703043
0.21	0.47	0.709932
0.21	0.49	0.716928
0.21	0.51	0.72399
0.21	0.53	0.731079
0.21	0.55	0.738152
0.21	0.57	0.745167
0.21	0.59	0.752082
0.21	0.61	0.758856
0.21	0.63	0.765444
0.21	0.65	0.771807
0.21	0.67	0.777901
0.21	0.69	0.783687
0.21	0.71	0.789127
0.21	0.73	0.794183
0.21	0.75	0.798823
0.21	0.77	0.803018
0.21	0.79	0.806744
0.21	0.81	0.809986
0.21	0.83	0.812733
0.21	0.85	0.814988
0.21	0.87	0.816761
0.21	0.89	0.818076
0.21	0.91	0.818974
0.21	0.93	0.819508
0.21	0.95	0.819753
0.21	0.97	0.819801
0.21	0.99	0.819768
0.21	1	0.81977

0.23	0	0.609421
0.23	0.01	0.609434
0.23	0.03	0.608883
0.23	0.05	0.608087
0.23	0.07	0.607289
0.23	0.09	0.606679
0.23	0.11	0.606396
0.23	0.13	0.60654
0.23	0.15	0.607181
0.23	0.17	0.608363
0.23	0.19	0.610112
0.23	0.21	0.612436
0.23	0.23	0.615332
0.23	0.25	0.618786
0.23	0.27	0.622778
0.23	0.29	0.62728
0.23	0.31	0.632262
0.23	0.33	0.63769
0.23	0.35	0.643525
0.23	0.37	0.64973
0.23	0.39	0.656264
0.23	0.41	0.663086
0.23	0.43	0.670153
0.23	0.45	0.677424
0.23	0.47	0.684854
0.23	0.49	0.692401
0.23	0.51	0.700019
0.23	0.53	0.707666
0.23	0.55	0.715294
0.23	0.57	0.72286
0.23	0.59	0.730317
0.23	0.61	0.737619
0.23	0.63	0.744721
0.23	0.65	0.751577
0.23	0.67	0.758142
0.23	0.69	0.764373
0.23	0.71	0.770226
0.23	0.73	0.775664
0.23	0.75	0.78065
0.23	0.77	0.785152
0.23	0.79	0.789147
0.23	0.81	0.792615
0.23	0.83	0.795548
0.23	0.85	0.797946
0.23	0.87	0.799822
0.23	0.89	0.801205
0.23	0.91	0.802137
0.23	0.93	0.802679
0.23	0.95	0.802913
0.23	0.97	0.802943
0.23	0.99	0.802899
0.23	1	0.802901

0.25	0	0.579811
0.25	0.01	0.579825
0.25	0.03	0.57925
0.25	0.05	0.578418
0.25	0.07	0.577587
0.25	0.09	0.576954
0.25	0.11	0.576667
0.25	0.13	0.576834
0.25	0.15	0.577528
0.25	0.17	0.578798
0.25	0.19	0.58067
0.25	0.21	0.583154
0.25	0.23	0.586246
0.25	0.25	0.589934
0.25	0.27	0.594195
0.25	0.29	0.599
0.25	0.31	0.604318
0.25	0.33	0.610111
0.25	0.35	0.61634
0.25	0.37	0.622964
0.25	0.39	0.62994
0.25	0.41	0.637223
0.25	0.43	0.644769
0.25	0.45	0.652532
0.25	0.47	0.660466
0.25	0.49	0.668523
0.25	0.51	0.676658
0.25	0.53	0.684821
0.25	0.55	0.692965
0.25	0.57	0.701041
0.25	0.59	0.709
0.25	0.61	0.716792
0.25	0.63	0.724369
0.25	0.65	0.731681
0.25	0.67	0.73868
0.25	0.69	0.745319
0.25	0.71	0.751553
0.25	0.73	0.75734
0.25	0.75	0.762641
0.25	0.77	0.767424
0.25	0.79	0.77166
0.25	0.81	0.775332
0.25	0.83	0.778429
0.25	0.85	0.780952
0.25	0.87	0.782917
0.25	0.89	0.784354
0.25	0.91	0.78531
0.25	0.93	0.785853
0.25	0.95	0.786071
0.25	0.97	0.786081
0.25	0.99	0.786024
0.25	1	0.786026

0.27	0	0.551225
0.27	0.01	0.55124
0.27	0.03	0.55065
0.27	0.05	0.549796
0.27	0.07	0.548947
0.27	0.09	0.548307
0.27	0.11	0.548031
0.27	0.13	0.54823
0.27	0.15	0.548984
0.27	0.17	0.550342
0.27	0.19	0.552334
0.27	0.21	0.554971
0.27	0.23	0.55825
0.27	0.25	0.562156
0.27	0.27	0.566666
0.27	0.29	0.571753
0.27	0.31	0.57738
0.27	0.33	0.58351
0.27	0.35	0.590101
0.27	0.37	0.59711
0.27	0.39	0.604491
0.27	0.41	0.612198
0.27	0.43	0.620183
0.27	0.45	0.628397
0.27	0.47	0.636793
0.27	0.49	0.645319
0.27	0.51	0.653926
0.27	0.53	0.662563
0.27	0.55	0.671179
0.27	0.57	0.679721
0.27	0.59	0.688139
0.27	0.61	0.696378
0.27	0.63	0.704388
0.27	0.65	0.712115
0.27	0.67	0.719508
0.27	0.69	0.726518
0.27	0.71	0.733096
0.27	0.73	0.739198
0.27	0.75	0.744783
0.27	0.77	0.749815
0.27	0.79	0.754267
0.27	0.81	0.758117
0.27	0.83	0.761356
0.27	0.85	0.763986
0.27	0.87	0.766024
0.27	0.89	0.767502
0.27	0.91	0.768472
0.27	0.93	0.769008
0.27	0.95	0.769206
0.27	0.97	0.769192
0.27	0.99	0.769123
0.27	1	0.769125

0.29	0	0.523696
0.29	0.01	0.523712
0.29	0.03	0.523115
0.29	0.05	0.522254
0.29	0.07	0.521402
0.29	0.09	0.52077
0.29	0.11	0.520517
0.29	0.13	0.520759
0.29	0.15	0.521579
0.29	0.17	0.523029
0.29	0.19	0.525139
0.29	0.21	0.527922
0.29	0.23	0.531374
0.29	0.25	0.535483
0.29	0.27	0.540224
0.29	0.29	0.545568
0.29	0.31	0.551478
0.29	0.33	0.557915
0.29	0.35	0.564835
0.29	0.37	0.572193
0.29	0.39	0.579941
0.29	0.41	0.588032
0.29	0.43	0.596414
0.29	0.45	0.605037
0.29	0.47	0.613849
0.29	0.49	0.622799
0.29	0.51	0.631832
0.29	0.53	0.640897
0.29	0.55	0.649938
0.29	0.57	0.658901
0.29	0.59	0.667731
0.29	0.61	0.676373
0.29	0.63	0.68477
0.29	0.65	0.692869
0.29	0.67	0.700615
0.29	0.69	0.707955
0.29	0.71	0.71484
0.29	0.73	0.72122
0.29	0.75	0.727055
0.29	0.77	0.732306
0.29	0.79	0.736944
0.29	0.81	0.740947
0.29	0.83	0.744306
0.29	0.85	0.747024
0.29	0.87	0.749118
0.29	0.89	0.750625
0.29	0.91	0.751599
0.29	0.93	0.752121
0.29	0.95	0.752295
0.29	0.97	0.752256
0.29	0.99	0.752173
0.29	1	0.752175

0.31	0	0.497242
0.31	0.01	0.497257
0.31	0.03	0.496663
0.31	0.05	0.495808
0.31	0.07	0.494968
0.31	0.09	0.494359
0.31	0.11	0.494142
0.31	0.13	0.494437
0.31	0.15	0.495329
0.31	0.17	0.496872
0.31	0.19	0.499098
0.31	0.21	0.502019
0.31	0.23	0.505635
0.31	0.25	0.50993
0.31	0.27	0.514882
0.31	0.29	0.520459
0.31	0.31	0.526624
0.31	0.33	0.533336
0.31	0.35	0.540551
0.31	0.37	0.548222
0.31	0.39	0.556298
0.31	0.41	0.564731
0.31	0.43	0.573467
0.31	0.45	0.582453
0.31	0.47	0.591637
0.31	0.49	0.600963
0.31	0.51	0.610375
0.31	0.53	0.619819
0.31	0.55	0.629237
0.31	0.57	0.638573
0.31	0.59	0.647767
0.31	0.61	0.656764
0.31	0.63	0.665504
0.31	0.65	0.673929
0.31	0.67	0.681984
0.31	0.69	0.689613
0.31	0.71	0.696764
0.31	0.73	0.703386
0.31	0.75	0.709435
0.31	0.77	0.714873
0.31	0.79	0.719668
0.31	0.81	0.723799
0.31	0.83	0.727256
0.31	0.85	0.730041
0.31	0.87	0.732176
0.31	0.89	0.733698
0.31	0.91	0.734668
0.31	0.93	0.735169
0.31	0.95	0.735314
0.31	0.97	0.735248
0.31	0.99	0.735151
0.31	1	0.735154

0.33	0	0.471867
0.33	0.01	0.471884
0.33	0.03	0.471299
0.33	0.05	0.470461
0.33	0.07	0.469648
0.33	0.09	0.469076
0.33	0.11	0.468907
0.33	0.13	0.469265
0.33	0.15	0.470234
0.33	0.17	0.471871
0.33	0.19	0.47421
0.33	0.21	0.477263
0.33	0.23	0.48103
0.33	0.25	0.485496
0.33	0.27	0.490637
0.33	0.29	0.496423
0.33	0.31	0.502815
0.33	0.33	0.509771
0.33	0.35	0.517246
0.33	0.37	0.525192
0.33	0.39	0.533557
0.33	0.41	0.542289
0.33	0.43	0.551334
0.33	0.45	0.560639
0.33	0.47	0.570146
0.33	0.49	0.5798
0.33	0.51	0.589543
0.33	0.53	0.599316
0.33	0.55	0.609062
0.33	0.57	0.61872
0.33	0.59	0.62823
0.33	0.61	0.637533
0.33	0.63	0.646567
0.33	0.65	0.655274
0.33	0.67	0.663593
0.33	0.69	0.671468
0.33	0.71	0.678844
0.33	0.73	0.68567
0.33	0.75	0.691899
0.33	0.77	0.697491
0.33	0.79	0.702414
0.33	0.81	0.706646
0.33	0.83	0.710178
0.33	0.85	0.713013
0.33	0.87	0.715172
0.33	0.89	0.716697
0.33	0.91	0.717652
0.33	0.93	0.718127
0.33	0.95	0.71824
0.33	0.97	0.718146
0.33	0.99	0.718034
0.33	1	0.718037

0.35	0	0.447568
0.35	0.01	0.447585
0.35	0.03	0.447017
0.35	0.05	0.446208
0.35	0.07	0.445434
0.35	0.09	0.444911
0.35	0.11	0.444801
0.35	0.13	0.445229
0.35	0.15	0.44628
0.35	0.17	0.448013
0.35	0.19	0.45046
0.35	0.21	0.453638
0.35	0.23	0.457543
0.35	0.25	0.462163
0.35	0.27	0.467473
0.35	0.29	0.473443
0.35	0.31	0.480033
0.35	0.33	0.487202
0.35	0.35	0.494902
0.35	0.37	0.503085
0.35	0.39	0.511697
0.35	0.41	0.520687
0.35	0.43	0.529997
0.35	0.45	0.539573
0.35	0.47	0.549357
0.35	0.49	0.55929
0.35	0.51	0.569313
0.35	0.53	0.579366
0.35	0.55	0.589389
0.35	0.57	0.599319
0.35	0.59	0.609095
0.35	0.61	0.618655
0.35	0.63	0.627936
0.35	0.65	0.636877
0.35	0.67	0.645415
0.35	0.69	0.653494
0.35	0.71	0.661054
0.35	0.73	0.668045
0.35	0.75	0.674418
0.35	0.77	0.680132
0.35	0.79	0.685154
0.35	0.81	0.689462
0.35	0.83	0.693046
0.35	0.85	0.695911
0.35	0.87	0.69808
0.35	0.89	0.699597
0.35	0.91	0.700529
0.35	0.93	0.700971
0.35	0.95	0.701049
0.35	0.97	0.700924
0.35	0.99	0.700799
0.35	1	0.700802

0.37	0	0.42433
0.37	0.01	0.424347
0.37	0.03	0.423801
0.37	0.05	0.423031
0.37	0.07	0.422307
0.37	0.09	0.421843
0.37	0.11	0.421802
0.37	0.13	0.422306
0.37	0.15	0.423443
0.37	0.17	0.42527
0.37	0.19	0.427822
0.37	0.21	0.431114
0.37	0.23	0.435146
0.37	0.25	0.439902
0.37	0.27	0.445361
0.37	0.29	0.451489
0.37	0.31	0.45825
0.37	0.33	0.465599
0.37	0.35	0.47349
0.37	0.37	0.481871
0.37	0.39	0.490691
0.37	0.41	0.499895
0.37	0.43	0.509426
0.37	0.45	0.519227
0.37	0.47	0.529238
0.37	0.49	0.539401
0.37	0.51	0.549655
0.37	0.53	0.559938
0.37	0.55	0.570187
0.37	0.57	0.580339
0.37	0.59	0.590331
0.37	0.61	0.600099
0.37	0.63	0.609579
0.37	0.65	0.618707
0.37	0.67	0.62742
0.37	0.69	0.635658
0.37	0.71	0.643363
0.37	0.73	0.650481
0.37	0.75	0.656963
0.37	0.77	0.662766
0.37	0.79	0.667859
0.37	0.81	0.672217
0.37	0.83	0.675832
0.37	0.85	0.678709
0.37	0.87	0.680873
0.37	0.89	0.68237
0.37	0.91	0.683271
0.37	0.93	0.683676
0.37	0.95	0.683715
0.37	0.97	0.68356
0.37	0.99	0.68342
0.37	1	0.683423

0.39	0	0.402128
0.39	0.01	0.402145
0.39	0.03	0.401627
0.39	0.05	0.400903
0.39	0.07	0.400238
0.39	0.09	0.399842
0.39	0.11	0.399876
0.39	0.13	0.400462
0.39	0.15	0.401686
0.39	0.17	0.403606
0.39	0.19	0.406258
0.39	0.21	0.409655
0.39	0.23	0.413799
0.39	0.25	0.418675
0.39	0.27	0.42426
0.39	0.29	0.430523
0.39	0.31	0.437425
0.39	0.33	0.444923
0.39	0.35	0.452969
0.39	0.37	0.461512
0.39	0.39	0.470499
0.39	0.41	0.479874
0.39	0.43	0.489581
0.39	0.45	0.499561
0.39	0.47	0.509753
0.39	0.49	0.520098
0.39	0.51	0.530532
0.39	0.53	0.540994
0.39	0.55	0.55142
0.39	0.57	0.561744
0.39	0.59	0.571903
0.39	0.61	0.58183
0.39	0.63	0.59146
0.39	0.65	0.600729
0.39	0.67	0.609572
0.39	0.69	0.617928
0.39	0.71	0.625737
0.39	0.73	0.632945
0.39	0.75	0.639501
0.39	0.77	0.645363
0.39	0.79	0.650498
0.39	0.81	0.654882
0.39	0.83	0.658507
0.39	0.85	0.661379
0.39	0.87	0.663524
0.39	0.89	0.664991
0.39	0.91	0.665854
0.39	0.93	0.666217
0.39	0.95	0.666216
0.39	0.97	0.666029
0.39	0.99	0.665875
0.39	1	0.665878

0.41	0	0.380932
0.41	0.01	0.380949
0.41	0.03	0.380462
0.41	0.05	0.37979
0.41	0.07	0.379191
0.41	0.09	0.37887
0.41	0.11	0.378986
0.41	0.13	0.379656
0.41	0.15	0.380967
0.41	0.17	0.382978
0.41	0.19	0.385721
0.41	0.21	0.389214
0.41	0.23	0.393456
0.41	0.25	0.398434
0.41	0.27	0.404124
0.41	0.29	0.410496
0.41	0.31	0.417511
0.41	0.33	0.425126
0.41	0.35	0.433292
0.41	0.37	0.44196
0.41	0.39	0.451074
0.41	0.41	0.460579
0.41	0.43	0.470418
0.41	0.45	0.48053
0.41	0.47	0.490857
0.41	0.49	0.501334
0.41	0.51	0.511901
0.41	0.53	0.522493
0.41	0.55	0.533046
0.41	0.57	0.543493
0.41	0.59	0.553769
0.41	0.61	0.563807
0.41	0.63	0.573541
0.41	0.65	0.582906
0.41	0.67	0.591835
0.41	0.69	0.600267
0.41	0.71	0.608142
0.41	0.73	0.615403
0.41	0.75	0.622
0.41	0.77	0.62789
0.41	0.79	0.63304
0.41	0.81	0.637427
0.41	0.83	0.641042
0.41	0.85	0.643893
0.41	0.87	0.646007
0.41	0.89	0.647435
0.41	0.91	0.648253
0.41	0.93	0.648569
0.41	0.95	0.648527
0.41	0.97	0.648308
0.41	0.99	0.64814
0.41	1	0.648144

0.43	0	0.360704
0.43	0.01	0.360721
0.43	0.03	0.360268
0.43	0.05	0.359654
0.43	0.07	0.359126
0.43	0.09	0.358885
0.43	0.11	0.359084
0.43	0.13	0.35984
0.43	0.15	0.361237
0.43	0.17	0.363333
0.43	0.19	0.366161
0.43	0.21	0.369738
0.43	0.23	0.374063
0.43	0.25	0.379124
0.43	0.27	0.384898
0.43	0.29	0.391354
0.43	0.31	0.398454
0.43	0.33	0.406154
0.43	0.35	0.414407
0.43	0.37	0.423161
0.43	0.39	0.432364
0.43	0.41	0.441957
0.43	0.43	0.451884
0.43	0.45	0.462085
0.43	0.47	0.472499
0.43	0.49	0.483063
0.43	0.51	0.493714
0.43	0.53	0.504388
0.43	0.55	0.515018
0.43	0.57	0.52554
0.43	0.59	0.535886
0.43	0.61	0.545988
0.43	0.63	0.555781
0.43	0.65	0.565197
0.43	0.67	0.57417
0.43	0.69	0.582638
0.43	0.71	0.590539
0.43	0.73	0.597819
0.43	0.75	0.604425
0.43	0.77	0.610315
0.43	0.79	0.615454
0.43	0.81	0.619822
0.43	0.83	0.623408
0.43	0.85	0.626223
0.43	0.87	0.628294
0.43	0.89	0.629674
0.43	0.91	0.630442
0.43	0.93	0.63071
0.43	0.95	0.630624
0.43	0.97	0.630373
0.43	0.99	0.630192
0.43	1	0.630196

0.45	0	0.341402
0.45	0.01	0.341419
0.45	0.03	0.341003
0.45	0.05	0.340448
0.45	0.07	0.339996
0.45	0.09	0.339837
0.45	0.11	0.340121
0.45	0.13	0.340962
0.45	0.15	0.342442
0.45	0.17	0.344617
0.45	0.19	0.347521
0.45	0.21	0.351169
0.45	0.23	0.355562
0.45	0.25	0.360688
0.45	0.27	0.366523
0.45	0.29	0.373038
0.45	0.31	0.380194
0.45	0.33	0.387948
0.45	0.35	0.396254
0.45	0.37	0.405059
0.45	0.39	0.414311
0.45	0.41	0.423952
0.45	0.43	0.433926
0.45	0.45	0.444171
0.45	0.47	0.454627
0.45	0.49	0.465231
0.45	0.51	0.475919
0.45	0.53	0.486627
0.45	0.55	0.497289
0.45	0.57	0.507838
0.45	0.59	0.518207
0.45	0.61	0.528328
0.45	0.63	0.538135
0.45	0.65	0.547559
0.45	0.67	0.556535
0.45	0.69	0.565
0.45	0.71	0.572893
0.45	0.73	0.580157
0.45	0.75	0.586741
0.45	0.77	0.592603
0.45	0.79	0.597708
0.45	0.81	0.602035
0.45	0.83	0.605576
0.45	0.85	0.608341
0.45	0.87	0.610358
0.45	0.89	0.611683
0.45	0.91	0.612397
0.45	0.93	0.612614
0.45	0.95	0.612485
0.45	0.97	0.612203
0.45	0.99	0.612009
0.45	1	0.612012

0.47	0	0.32298
0.47	0.01	0.322997
0.47	0.03	0.322619
0.47	0.05	0.322127
0.47	0.07	0.32175
0.47	0.09	0.321675
0.47	0.11	0.322044
0.47	0.13	0.322967
0.47	0.15	0.324525
0.47	0.17	0.326772
0.47	0.19	0.329741
0.47	0.21	0.333448
0.47	0.23	0.337892
0.47	0.25	0.343063
0.47	0.27	0.348937
0.47	0.29	0.355485
0.47	0.31	0.362669
0.47	0.33	0.370447
0.47	0.35	0.378772
0.47	0.37	0.387593
0.47	0.39	0.396856
0.47	0.41	0.406505
0.47	0.43	0.416483
0.47	0.45	0.42673
0.47	0.47	0.437184
0.47	0.49	0.447783
0.47	0.51	0.458464
0.47	0.53	0.46916
0.47	0.55	0.479807
0.47	0.57	0.490338
0.47	0.59	0.500685
0.47	0.61	0.510781
0.47	0.63	0.520559
0.47	0.65	0.52995
0.47	0.67	0.53889
0.47	0.69	0.547315
0.47	0.71	0.555164
0.47	0.73	0.56238
0.47	0.75	0.568913
0.47	0.77	0.574721
0.47	0.79	0.57977
0.47	0.81	0.584037
0.47	0.83	0.587517
0.47	0.85	0.59022
0.47	0.87	0.592175
0.47	0.89	0.593439
0.47	0.91	0.594095
0.47	0.93	0.59426
0.47	0.95	0.594088
0.47	0.97	0.593776
0.47	0.99	0.593569
0.47	1	0.593573

0.49	0	0.30539
0.49	0.01	0.305407
0.49	0.03	0.305067
0.49	0.05	0.304638
0.49	0.07	0.304338
0.49	0.09	0.304345
0.49	0.11	0.304796
0.49	0.13	0.305798
0.49	0.15	0.307428
0.49	0.17	0.309738
0.49	0.19	0.312761
0.49	0.21	0.316512
0.49	0.23	0.320991
0.49	0.25	0.326186
0.49	0.27	0.332077
0.49	0.29	0.338633
0.49	0.31	0.345817
0.49	0.33	0.353588
0.49	0.35	0.361899
0.49	0.37	0.3707
0.49	0.39	0.379937
0.49	0.41	0.389556
0.49	0.43	0.399498
0.49	0.45	0.409705
0.49	0.47	0.420114
0.49	0.49	0.430665
0.49	0.51	0.441293
0.49	0.53	0.451934
0.49	0.55	0.462521
0.49	0.57	0.47299
0.49	0.59	0.483272
0.49	0.61	0.493301
0.49	0.63	0.503008
0.49	0.65	0.512327
0.49	0.67	0.521193
0.49	0.69	0.529542
0.49	0.71	0.537314
0.49	0.73	0.544453
0.49	0.75	0.550908
0.49	0.77	0.556638
0.49	0.79	0.561609
0.49	0.81	0.5658
0.49	0.83	0.569204
0.49	0.85	0.571833
0.49	0.87	0.573719
0.49	0.89	0.574917
0.49	0.91	0.575514
0.49	0.93	0.575626
0.49	0.95	0.575412
0.49	0.97	0.57507
0.49	0.99	0.574852
0.49	1	0.574856

0.51	0	0.288582
0.51	0.01	0.288599
0.51	0.03	0.288297
0.51	0.05	0.28793
0.51	0.07	0.287706
0.51	0.09	0.287793
0.51	0.11	0.288323
0.51	0.13	0.289397
0.51	0.15	0.291091
0.51	0.17	0.293454
0.51	0.19	0.296518
0.51	0.21	0.300298
0.51	0.23	0.304794
0.51	0.25	0.309995
0.51	0.27	0.315879
0.51	0.29	0.322417
0.51	0.31	0.329574
0.51	0.33	0.337308
0.51	0.35	0.345572
0.51	0.37	0.354319
0.51	0.39	0.363494
0.51	0.41	0.373044
0.51	0.43	0.382911
0.51	0.45	0.393037
0.51	0.47	0.40336
0.51	0.49	0.41382
0.51	0.51	0.424353
0.51	0.53	0.434895
0.51	0.55	0.44538
0.51	0.57	0.455744
0.51	0.59	0.46592
0.51	0.61	0.47584
0.51	0.63	0.485438
0.51	0.65	0.494647
0.51	0.67	0.503403
0.51	0.69	0.511643
0.51	0.71	0.519307
0.51	0.73	0.52634
0.51	0.75	0.532692
0.51	0.77	0.538321
0.51	0.79	0.543195
0.51	0.81	0.547293
0.51	0.83	0.55061
0.51	0.85	0.553157
0.51	0.87	0.554967
0.51	0.89	0.556096
0.51	0.91	0.556631
0.51	0.93	0.556692
0.51	0.95	0.556437
0.51	0.97	0.556069
0.51	0.99	0.55584
0.51	1	0.555844

0.53	0	0.272505
0.53	0.01	0.272521
0.53	0.03	0.272257
0.53	0.05	0.271951
0.53	0.07	0.2718
0.53	0.09	0.271963
0.53	0.11	0.272567
0.53	0.13	0.273707
0.53	0.15	0.275456
0.53	0.17	0.277861
0.53	0.19	0.280953
0.53	0.21	0.284747
0.53	0.23	0.289241
0.53	0.25	0.294426
0.53	0.27	0.30028
0.53	0.29	0.306776
0.53	0.31	0.313877
0.53	0.33	0.321544
0.53	0.35	0.32973
0.53	0.37	0.338388
0.53	0.39	0.347467
0.53	0.41	0.35691
0.53	0.43	0.366664
0.53	0.45	0.376669
0.53	0.47	0.386866
0.53	0.49	0.397193
0.53	0.51	0.40759
0.53	0.53	0.417992
0.53	0.55	0.428334
0.53	0.57	0.438553
0.53	0.59	0.448582
0.53	0.61	0.458355
0.53	0.63	0.467806
0.53	0.65	0.476869
0.53	0.67	0.485482
0.53	0.69	0.493581
0.53	0.71	0.501108
0.53	0.73	0.508008
0.53	0.75	0.514233
0.53	0.77	0.519741
0.53	0.79	0.524501
0.53	0.81	0.528493
0.53	0.83	0.531711
0.53	0.85	0.534168
0.53	0.87	0.535896
0.53	0.89	0.536954
0.53	0.91	0.537428
0.53	0.93	0.537439
0.53	0.95	0.537146
0.53	0.97	0.536753
0.53	0.99	0.536516
0.53	1	0.53652

0.55	0	0.257107
0.55	0.01	0.257123
0.55	0.03	0.256895
0.55	0.05	0.256648
0.55	0.07	0.256566
0.55	0.09	0.256801
0.55	0.11	0.257472
0.55	0.13	0.25867
0.55	0.15	0.260464
0.55	0.17	0.262899
0.55	0.19	0.266005
0.55	0.21	0.269796
0.55	0.23	0.27427
0.55	0.25	0.279419
0.55	0.27	0.28522
0.55	0.29	0.291647
0.55	0.31	0.298665
0.55	0.33	0.306235
0.55	0.35	0.314312
0.55	0.37	0.322849
0.55	0.39	0.331795
0.55	0.41	0.341097
0.55	0.43	0.350699
0.55	0.45	0.360546
0.55	0.47	0.370577
0.55	0.49	0.380733
0.55	0.51	0.390954
0.55	0.53	0.401175
0.55	0.55	0.411336
0.55	0.57	0.42137
0.55	0.59	0.431214
0.55	0.61	0.440803
0.55	0.63	0.450071
0.55	0.65	0.458955
0.55	0.67	0.467392
0.55	0.69	0.47532
0.55	0.71	0.482683
0.55	0.73	0.489426
0.55	0.75	0.495502
0.55	0.77	0.50087
0.55	0.79	0.5055
0.55	0.81	0.509373
0.55	0.83	0.512483
0.55	0.85	0.514844
0.55	0.87	0.516488
0.55	0.89	0.517474
0.55	0.91	0.517888
0.55	0.93	0.517852
0.55	0.95	0.517524
0.55	0.97	0.51711
0.55	0.99	0.516864
0.55	1	0.516869

0.57	0	0.242338
0.57	0.01	0.242354
0.57	0.03	0.242161
0.57	0.05	0.241969
0.57	0.07	0.241952
0.57	0.09	0.242253
0.57	0.11	0.242984
0.57	0.13	0.244231
0.57	0.15	0.246058
0.57	0.17	0.248511
0.57	0.19	0.251617
0.57	0.21	0.255387
0.57	0.23	0.259823
0.57	0.25	0.264914
0.57	0.27	0.270639
0.57	0.29	0.276973
0.57	0.31	0.283881
0.57	0.33	0.291324
0.57	0.35	0.299261
0.57	0.37	0.307644
0.57	0.39	0.316424
0.57	0.41	0.325549
0.57	0.43	0.334964
0.57	0.45	0.344614
0.57	0.47	0.354442
0.57	0.49	0.364389
0.57	0.51	0.374395
0.57	0.53	0.384399
0.57	0.55	0.394339
0.57	0.57	0.404152
0.57	0.59	0.413774
0.57	0.61	0.423144
0.57	0.63	0.432196
0.57	0.65	0.440868
0.57	0.67	0.449099
0.57	0.69	0.456829
0.57	0.71	0.464002
0.57	0.73	0.470565
0.57	0.75	0.476472
0.57	0.77	0.481684
0.57	0.79	0.48617
0.57	0.81	0.489913
0.57	0.83	0.492907
0.57	0.85	0.495167
0.57	0.87	0.496725
0.57	0.89	0.497639
0.57	0.91	0.497996
0.57	0.93	0.497916
0.57	0.95	0.497557
0.57	0.97	0.497125
0.57	0.99	0.496873
0.57	1	0.496878

0.59	0	0.228148
0.59	0.01	0.228163
0.59	0.03	0.228003
0.59	0.05	0.227863
0.59	0.07	0.227907
0.59	0.09	0.228267
0.59	0.11	0.229049
0.59	0.13	0.230335
0.59	0.15	0.232186
0.59	0.17	0.234643
0.59	0.19	0.237732
0.59	0.21	0.241465
0.59	0.23	0.245843
0.59	0.25	0.250855
0.59	0.27	0.256481
0.59	0.29	0.262696
0.59	0.31	0.269467
0.59	0.33	0.276756
0.59	0.35	0.284522
0.59	0.37	0.29272
0.59	0.39	0.301301
0.59	0.41	0.310214
0.59	0.43	0.319407
0.59	0.45	0.328826
0.59	0.47	0.338414
0.59	0.49	0.348115
0.59	0.51	0.35787
0.59	0.53	0.367619
0.59	0.55	0.377302
0.59	0.57	0.386858
0.59	0.59	0.396226
0.59	0.61	0.405342
0.59	0.63	0.414146
0.59	0.65	0.422576
0.59	0.67	0.430573
0.59	0.69	0.438079
0.59	0.71	0.445038
0.59	0.73	0.4514
0.59	0.75	0.45712
0.59	0.77	0.46216
0.59	0.79	0.46649
0.59	0.81	0.470094
0.59	0.83	0.472967
0.59	0.85	0.475122
0.59	0.87	0.476593
0.59	0.89	0.477437
0.59	0.91	0.477739
0.59	0.93	0.47762
0.59	0.95	0.477235
0.59	0.97	0.476789
0.59	0.99	0.476533
0.59	1	0.476537

0.61	0	0.214487
0.61	0.01	0.214502
0.61	0.03	0.214372
0.61	0.05	0.214281
0.61	0.07	0.21438
0.61	0.09	0.214792
0.61	0.11	0.215618
0.61	0.13	0.216932
0.61	0.15	0.218793
0.61	0.17	0.221241
0.61	0.19	0.224298
0.61	0.21	0.227977
0.61	0.23	0.232277
0.61	0.25	0.237189
0.61	0.27	0.242693
0.61	0.29	0.248764
0.61	0.31	0.255372
0.61	0.33	0.262479
0.61	0.35	0.270045
0.61	0.37	0.278026
0.61	0.39	0.286376
0.61	0.41	0.295045
0.61	0.43	0.303982
0.61	0.45	0.313135
0.61	0.47	0.322449
0.61	0.49	0.331869
0.61	0.51	0.341337
0.61	0.53	0.350797
0.61	0.55	0.360189
0.61	0.57	0.369455
0.61	0.59	0.378534
0.61	0.61	0.387366
0.61	0.63	0.395892
0.61	0.65	0.404052
0.61	0.67	0.411788
0.61	0.69	0.419045
0.61	0.71	0.425769
0.61	0.73	0.431911
0.61	0.75	0.437427
0.61	0.77	0.442281
0.61	0.79	0.446445
0.61	0.81	0.449901
0.61	0.83	0.452647
0.61	0.85	0.454696
0.61	0.87	0.456081
0.61	0.89	0.456857
0.61	0.91	0.45711
0.61	0.93	0.456956
0.61	0.95	0.456551
0.61	0.97	0.456094
0.61	0.99	0.455837
0.61	1	0.455841

0.63	0	0.201309
0.63	0.01	0.201323
0.63	0.03	0.201223
0.63	0.05	0.201176
0.63	0.07	0.201324
0.63	0.09	0.201781
0.63	0.11	0.20264
0.63	0.13	0.203972
0.63	0.15	0.205832
0.63	0.17	0.208255
0.63	0.19	0.211265
0.63	0.21	0.214872
0.63	0.23	0.219075
0.63	0.25	0.223866
0.63	0.27	0.229225
0.63	0.29	0.235129
0.63	0.31	0.241547
0.63	0.33	0.248444
0.63	0.35	0.255782
0.63	0.37	0.263517
0.63	0.39	0.271605
0.63	0.41	0.279998
0.63	0.43	0.288647
0.63	0.45	0.297501
0.63	0.47	0.306507
0.63	0.49	0.315612
0.63	0.51	0.324761
0.63	0.53	0.333899
0.63	0.55	0.342967
0.63	0.57	0.35191
0.63	0.59	0.36067
0.63	0.61	0.369189
0.63	0.63	0.377408
0.63	0.65	0.385271
0.63	0.67	0.392723
0.63	0.69	0.399708
0.63	0.71	0.406176
0.63	0.73	0.41208
0.63	0.75	0.417378
0.63	0.77	0.422034
0.63	0.79	0.426022
0.63	0.81	0.429325
0.63	0.83	0.43194
0.63	0.85	0.433882
0.63	0.87	0.435181
0.63	0.89	0.435894
0.63	0.91	0.436102
0.63	0.93	0.43592
0.63	0.95	0.4355
0.63	0.97	0.435039
0.63	0.99	0.434781
0.63	1	0.434785

0.65	0	0.188569
0.65	0.01	0.188582
0.65	0.03	0.188508
0.65	0.05	0.188501
0.65	0.07	0.188692
0.65	0.09	0.189186
0.65	0.11	0.190069
0.65	0.13	0.191409
0.65	0.15	0.193254
0.65	0.17	0.195639
0.65	0.19	0.198585
0.65	0.21	0.202103
0.65	0.23	0.206191
0.65	0.25	0.21084
0.65	0.27	0.216032
0.65	0.29	0.221745
0.65	0.31	0.227948
0.65	0.33	0.23461
0.65	0.35	0.241691
0.65	0.37	0.249151
0.65	0.39	0.256948
0.65	0.41	0.265034
0.65	0.43	0.273364
0.65	0.45	0.281888
0.65	0.47	0.290554
0.65	0.49	0.299313
0.65	0.51	0.308111
0.65	0.53	0.316894
0.65	0.55	0.325609
0.65	0.57	0.3342
0.65	0.59	0.342611
0.65	0.61	0.350788
0.65	0.63	0.358675
0.65	0.65	0.366217
0.65	0.67	0.37336
0.65	0.69	0.380054
0.65	0.71	0.386248
0.65	0.73	0.391898
0.65	0.75	0.396964
0.65	0.77	0.401411
0.65	0.79	0.405214
0.65	0.81	0.408359
0.65	0.83	0.410841
0.65	0.85	0.412676
0.65	0.87	0.413892
0.65	0.89	0.414545
0.65	0.91	0.414714
0.65	0.93	0.414511
0.65	0.95	0.414083
0.65	0.97	0.413621
0.65	0.99	0.413366
0.65	1	0.41337

0.67	0	0.176222
0.67	0.01	0.176235
0.67	0.03	0.176185
0.67	0.05	0.176213
0.67	0.07	0.17644
0.67	0.09	0.176963
0.67	0.11	0.177862
0.67	0.13	0.179197
0.67	0.15	0.181015
0.67	0.17	0.183348
0.67	0.19	0.186215
0.67	0.21	0.189627
0.67	0.23	0.19358
0.67	0.25	0.198067
0.67	0.27	0.203071
0.67	0.29	0.20857
0.67	0.31	0.214535
0.67	0.33	0.220935
0.67	0.35	0.227733
0.67	0.37	0.234891
0.67	0.39	0.242368
0.67	0.41	0.25012
0.67	0.43	0.2581
0.67	0.45	0.266264
0.67	0.47	0.274561
0.67	0.49	0.282944
0.67	0.51	0.29136
0.67	0.53	0.299761
0.67	0.55	0.308092
0.67	0.57	0.316303
0.67	0.59	0.324339
0.67	0.61	0.332149
0.67	0.63	0.339678
0.67	0.65	0.346876
0.67	0.67	0.353691
0.67	0.69	0.360073
0.67	0.71	0.365977
0.67	0.73	0.371358
0.67	0.75	0.37618
0.67	0.77	0.380409
0.67	0.79	0.384021
0.67	0.81	0.387002
0.67	0.83	0.389351
0.67	0.85	0.391078
0.67	0.87	0.392215
0.67	0.89	0.392813
0.67	0.91	0.39295
0.67	0.93	0.392732
0.67	0.95	0.392303
0.67	0.97	0.391846
0.67	0.99	0.391595
0.67	1	0.391599

0.69	0	0.164228
0.69	0.01	0.164241
0.69	0.03	0.164212
0.69	0.05	0.164271
0.69	0.07	0.164528
0.69	0.09	0.165072
0.69	0.11	0.165975
0.69	0.13	0.167295
0.69	0.15	0.169074
0.69	0.17	0.171341
0.69	0.19	0.174114
0.69	0.21	0.177402
0.69	0.23	0.181203
0.69	0.25	0.185509
0.69	0.27	0.190304
0.69	0.29	0.195566
0.69	0.31	0.20127
0.69	0.33	0.207384
0.69	0.35	0.213875
0.69	0.37	0.220705
0.69	0.39	0.227836
0.69	0.41	0.235224
0.69	0.43	0.242829
0.69	0.45	0.250604
0.69	0.47	0.258504
0.69	0.49	0.266482
0.69	0.51	0.27449
0.69	0.53	0.28248
0.69	0.55	0.290402
0.69	0.57	0.298206
0.69	0.59	0.305843
0.69	0.61	0.313261
0.69	0.63	0.320411
0.69	0.65	0.327244
0.69	0.67	0.333711
0.69	0.69	0.339765
0.69	0.71	0.345362
0.69	0.73	0.350462
0.69	0.75	0.355028
0.69	0.77	0.359031
0.69	0.79	0.362446
0.69	0.81	0.365261
0.69	0.83	0.367474
0.69	0.85	0.369096
0.69	0.87	0.370157
0.69	0.89	0.370706
0.69	0.91	0.370817
0.69	0.93	0.370592
0.69	0.95	0.370168
0.69	0.97	0.369722
0.69	0.99	0.369478
0.69	1	0.369482

0.71	0	0.152547
0.71	0.01	0.152559
0.71	0.03	0.152549
0.71	0.05	0.152635
0.71	0.07	0.152916
0.71	0.09	0.153472
0.71	0.11	0.154372
0.71	0.13	0.155665
0.71	0.15	0.157392
0.71	0.17	0.15958
0.71	0.19	0.162244
0.71	0.21	0.165392
0.71	0.23	0.169024
0.71	0.25	0.17313
0.71	0.27	0.177696
0.71	0.29	0.182701
0.71	0.31	0.188122
0.71	0.33	0.193927
0.71	0.35	0.200087
0.71	0.37	0.206565
0.71	0.39	0.213324
0.71	0.41	0.220325
0.71	0.43	0.227527
0.71	0.45	0.234888
0.71	0.47	0.242365
0.71	0.49	0.249913
0.71	0.51	0.257487
0.71	0.53	0.265041
0.71	0.55	0.272529
0.71	0.57	0.279903
0.71	0.59	0.287117
0.71	0.61	0.294122
0.71	0.63	0.300872
0.71	0.65	0.307321
0.71	0.67	0.313422
0.71	0.69	0.319132
0.71	0.71	0.32441
0.71	0.73	0.329216
0.71	0.75	0.333518
0.71	0.77	0.337286
0.71	0.79	0.3405
0.71	0.81	0.343146
0.71	0.83	0.345223
0.71	0.85	0.346741
0.71	0.87	0.34773
0.71	0.89	0.348235
0.71	0.91	0.348327
0.71	0.93	0.348102
0.71	0.95	0.34769
0.71	0.97	0.347261
0.71	0.99	0.347026
0.71	1	0.34703

0.73	0	0.141143
0.73	0.01	0.141154
0.73	0.03	0.141161
0.73	0.05	0.141268
0.73	0.07	0.141566
0.73	0.09	0.142128
0.73	0.11	0.143014
0.73	0.13	0.14427
0.73	0.15	0.145934
0.73	0.17	0.148028
0.73	0.19	0.150569
0.73	0.21	0.153563
0.73	0.23	0.157009
0.73	0.25	0.160897
0.73	0.27	0.165216
0.73	0.29	0.169945
0.73	0.31	0.175061
0.73	0.33	0.180537
0.73	0.35	0.186343
0.73	0.37	0.192446
0.73	0.39	0.198811
0.73	0.41	0.205401
0.73	0.43	0.212177
0.73	0.45	0.219101
0.73	0.47	0.22613
0.73	0.49	0.233225
0.73	0.51	0.240341
0.73	0.53	0.247437
0.73	0.55	0.254469
0.73	0.57	0.261392
0.73	0.59	0.268162
0.73	0.61	0.274735
0.73	0.63	0.281067
0.73	0.65	0.287114
0.73	0.67	0.292835
0.73	0.69	0.298187
0.73	0.71	0.303132
0.73	0.73	0.307635
0.73	0.75	0.311664
0.73	0.77	0.315192
0.73	0.79	0.318199
0.73	0.81	0.320674
0.73	0.83	0.322614
0.73	0.85	0.324032
0.73	0.87	0.324952
0.73	0.89	0.325418
0.73	0.91	0.325497
0.73	0.93	0.325279
0.73	0.95	0.324887
0.73	0.97	0.324479
0.73	0.99	0.324257
0.73	1	0.32426

0.75	0	0.129979
0.75	0.01	0.12999
0.75	0.03	0.130011
0.75	0.05	0.130136
0.75	0.07	0.130445
0.75	0.09	0.131004
0.75	0.11	0.131867
0.75	0.13	0.133077
0.75	0.15	0.134665
0.75	0.17	0.136654
0.75	0.19	0.139059
0.75	0.21	0.141883
0.75	0.23	0.145127
0.75	0.25	0.148782
0.75	0.27	0.152836
0.75	0.29	0.157271
0.75	0.31	0.162064
0.75	0.33	0.167192
0.75	0.35	0.172624
0.75	0.37	0.178332
0.75	0.39	0.184281
0.75	0.41	0.190439
0.75	0.43	0.196768
0.75	0.45	0.203232
0.75	0.47	0.209794
0.75	0.49	0.216413
0.75	0.51	0.223052
0.75	0.53	0.229669
0.75	0.55	0.236225
0.75	0.57	0.242677
0.75	0.59	0.248986
0.75	0.61	0.25511
0.75	0.63	0.261007
0.75	0.65	0.266638
0.75	0.67	0.271964
0.75	0.69	0.276946
0.75	0.71	0.281549
0.75	0.73	0.285739
0.75	0.75	0.289487
0.75	0.77	0.292769
0.75	0.79	0.295566
0.75	0.81	0.297868
0.75	0.83	0.299673
0.75	0.85	0.300991
0.75	0.87	0.301845
0.75	0.89	0.302278
0.75	0.91	0.30235
0.75	0.93	0.302146
0.75	0.95	0.301779
0.75	0.97	0.301398
0.75	0.99	0.30119
0.75	1	0.301193

0.77	0	0.119024
0.77	0.01	0.119034
0.77	0.03	0.119067
0.77	0.05	0.119205
0.77	0.07	0.119519
0.77	0.09	0.120067
0.77	0.11	0.120899
0.77	0.13	0.122052
0.77	0.15	0.123555
0.77	0.17	0.125427
0.77	0.19	0.127682
0.77	0.21	0.130324
0.77	0.23	0.133352
0.77	0.25	0.136759
0.77	0.27	0.140533
0.77	0.29	0.144656
0.77	0.31	0.14911
0.77	0.33	0.153871
0.77	0.35	0.158913
0.77	0.37	0.164206
0.77	0.39	0.169722
0.77	0.41	0.175428
0.77	0.43	0.181292
0.77	0.45	0.187278
0.77	0.47	0.193353
0.77	0.49	0.19948
0.77	0.51	0.205622
0.77	0.53	0.211743
0.77	0.55	0.217805
0.77	0.57	0.223771
0.77	0.59	0.229603
0.77	0.61	0.235262
0.77	0.63	0.240711
0.77	0.65	0.245913
0.77	0.67	0.250833
0.77	0.69	0.255434
0.77	0.71	0.259684
0.77	0.73	0.263554
0.77	0.75	0.267015
0.77	0.77	0.270047
0.77	0.79	0.272631
0.77	0.81	0.274758
0.77	0.83	0.276427
0.77	0.85	0.277646
0.77	0.87	0.278439
0.77	0.89	0.278843
0.77	0.91	0.278913
0.77	0.93	0.278728
0.77	0.95	0.278392
0.77	0.97	0.278042
0.77	0.99	0.277851
0.77	1	0.277854

0.79	0	0.108247
0.79	0.01	0.108256
0.79	0.03	0.108298
0.79	0.05	0.108444
0.79	0.07	0.108758
0.79	0.09	0.109289
0.79	0.11	0.110081
0.79	0.13	0.111168
0.79	0.15	0.112575
0.79	0.17	0.11432
0.79	0.19	0.116414
0.79	0.21	0.118861
0.79	0.23	0.12166
0.79	0.25	0.124805
0.79	0.27	0.128284
0.79	0.29	0.132083
0.79	0.31	0.136182
0.79	0.33	0.140561
0.79	0.35	0.145196
0.79	0.37	0.15006
0.79	0.39	0.155126
0.79	0.41	0.160365
0.79	0.43	0.165746
0.79	0.45	0.171239
0.79	0.47	0.176811
0.79	0.49	0.182429
0.79	0.51	0.18806
0.79	0.53	0.19367
0.79	0.55	0.199225
0.79	0.57	0.20469
0.79	0.59	0.210031
0.79	0.61	0.215213
0.79	0.63	0.220203
0.79	0.65	0.224965
0.79	0.67	0.229468
0.79	0.69	0.23368
0.79	0.71	0.237571
0.79	0.73	0.241113
0.79	0.75	0.244283
0.79	0.77	0.247059
0.79	0.79	0.249427
0.79	0.81	0.251378
0.79	0.83	0.252911
0.79	0.85	0.254034
0.79	0.87	0.254767
0.79	0.89	0.255144
0.79	0.91	0.255217
0.79	0.93	0.255056
0.79	0.95	0.254756
0.79	0.97	0.254441
0.79	0.99	0.254268
0.79	1	0.254271

0.81	0	0.0976182
0.81	0.01	0.0976264
0.81	0.03	0.0976754
0.81	0.05	0.0978266
0.81	0.07	0.0981332
0.81	0.09	0.0986401
0.81	0.11	0.0993848
0.81	0.13	0.100397
0.81	0.15	0.101698
0.81	0.17	0.103306
0.81	0.19	0.105228
0.81	0.21	0.10747
0.81	0.23	0.110029
0.81	0.25	0.1129
0.81	0.27	0.116073
0.81	0.29	0.119534
0.81	0.31	0.123266
0.81	0.33	0.12725
0.81	0.35	0.131464
0.81	0.37	0.135885
0.81	0.39	0.140488
0.81	0.41	0.145246
0.81	0.43	0.150132
0.81	0.45	0.155118
0.81	0.47	0.160174
0.81	0.49	0.165271
0.81	0.51	0.170378
0.81	0.53	0.175465
0.81	0.55	0.180501
0.81	0.57	0.185454
0.81	0.59	0.190295
0.81	0.61	0.19499
0.81	0.63	0.199511
0.81	0.65	0.203825
0.81	0.67	0.207904
0.81	0.69	0.21172
0.81	0.71	0.215245
0.81	0.73	0.218454
0.81	0.75	0.221328
0.81	0.77	0.223846
0.81	0.79	0.225995
0.81	0.81	0.227769
0.81	0.83	0.229165
0.81	0.85	0.230191
0.81	0.87	0.230866
0.81	0.89	0.231219
0.81	0.91	0.231297
0.81	0.93	0.231164
0.81	0.95	0.230903
0.81	0.97	0.230626
0.81	0.99	0.230473
0.81	1	0.230475

0.83	0	0.0871122
0.83	0.01	0.0871196
0.83	0.03	0.0871734
0.83	0.05	0.0873249
0.83	0.07	0.0876194
0.83	0.09	0.0880954
0.83	0.11	0.0887851
0.83	0.13	0.0897142
0.83	0.15	0.0909023
0.83	0.17	0.0923632
0.83	0.19	0.0941051
0.83	0.21	0.0961313
0.83	0.23	0.0984406
0.83	0.25	0.101028
0.83	0.27	0.103883
0.83	0.29	0.106996
0.83	0.31	0.11035
0.83	0.33	0.113928
0.83	0.35	0.117712
0.83	0.37	0.121679
0.83	0.39	0.125808
0.83	0.41	0.130075
0.83	0.43	0.134455
0.83	0.45	0.138923
0.83	0.47	0.143454
0.83	0.49	0.148019
0.83	0.51	0.152593
0.83	0.53	0.157148
0.83	0.55	0.161656
0.83	0.57	0.16609
0.83	0.59	0.170422
0.83	0.61	0.174624
0.83	0.63	0.178668
0.83	0.65	0.182528
0.83	0.67	0.186178
0.83	0.69	0.189591
0.83	0.71	0.192746
0.83	0.73	0.195619
0.83	0.75	0.198193
0.83	0.77	0.20045
0.83	0.79	0.202379
0.83	0.81	0.203973
0.83	0.83	0.205231
0.83	0.85	0.20616
0.83	0.87	0.206777
0.83	0.89	0.207107
0.83	0.91	0.207192
0.83	0.93	0.207088
0.83	0.95	0.206869
0.83	0.97	0.206631
0.83	0.99	0.206499
0.83	1	0.206502

0.85	0	0.0767047
0.85	0.01	0.0767113
0.85	0.03	0.0767674
0.85	0.05	0.0769152
0.85	0.07	0.0771922
0.85	0.09	0.077631
0.85	0.11	0.0782589
0.85	0.13	0.0790978
0.85	0.15	0.0801646
0.85	0.17	0.081471
0.85	0.19	0.0830242
0.85	0.21	0.0848269
0.85	0.23	0.086878
0.85	0.25	0.0891728
0.85	0.27	0.0917034
0.85	0.29	0.0944591
0.85	0.31	0.0974268
0.85	0.33	0.100591
0.85	0.35	0.103935
0.85	0.37	0.107441
0.85	0.39	0.111088
0.85	0.41	0.114856
0.85	0.43	0.118722
0.85	0.45	0.122666
0.85	0.47	0.126663
0.85	0.49	0.130691
0.85	0.51	0.134725
0.85	0.53	0.138742
0.85	0.55	0.142716
0.85	0.57	0.146625
0.85	0.59	0.150443
0.85	0.61	0.154146
0.85	0.63	0.15771
0.85	0.65	0.161112
0.85	0.67	0.164328
0.85	0.69	0.167337
0.85	0.71	0.170118
0.85	0.73	0.172652
0.85	0.75	0.174923
0.85	0.77	0.176917
0.85	0.79	0.178623
0.85	0.81	0.180036
0.85	0.83	0.181155
0.85	0.85	0.181986
0.85	0.87	0.182544
0.85	0.89	0.182851
0.85	0.91	0.182943
0.85	0.93	0.182867
0.85	0.95	0.18269
0.85	0.97	0.182493
0.85	0.99	0.182382
0.85	1	0.182384

0.87	0	0.0663736
0.87	0.01	0.0663794
0.87	0.03	0.0664355
0.87	0.05	0.0665755
0.87	0.07	0.0668299
0.87	0.09	0.0672255
0.87	0.11	0.0677852
0.87	0.13	0.0685273
0.87	0.15	0.069466
0.87	0.17	0.0706111
0.87	0.19	0.0719688
0.87	0.21	0.0735413
0.87	0.23	0.0753276
0.87	0.25	0.0773236
0.87	0.27	0.0795226
0.87	0.29	0.0819153
0.87	0.31	0.0844905
0.87	0.33	0.0872351
0.87	0.35	0.0901343
0.87	0.37	0.0931723
0.87	0.39	0.096332
0.87	0.41	0.0995955
0.87	0.43	0.102944
0.87	0.45	0.106358
0.87	0.47	0.109818
0.87	0.49	0.113304
0.87	0.51	0.116794
0.87	0.53	0.120269
0.87	0.55	0.123708
0.87	0.57	0.127088
0.87	0.59	0.13039
0.87	0.61	0.133592
0.87	0.63	0.136674
0.87	0.65	0.139615
0.87	0.67	0.142397
0.87	0.69	0.144999
0.87	0.71	0.147405
0.87	0.73	0.149598
0.87	0.75	0.151565
0.87	0.77	0.153294
0.87	0.79	0.154776
0.87	0.81	0.156006
0.87	0.83	0.156983
0.87	0.85	0.157714
0.87	0.87	0.158211
0.87	0.89	0.158492
0.87	0.91	0.158589
0.87	0.93	0.158541
0.87	0.95	0.158404
0.87	0.97	0.158247
0.87	0.99	0.158158
0.87	1	0.15816

0.89	0	0.0560996
0.89	0.01	0.0561045
0.89	0.03	0.0561583
0.89	0.05	0.0562865
0.89	0.07	0.0565132
0.89	0.09	0.0568602
0.89	0.11	0.0573458
0.89	0.13	0.0579851
0.89	0.15	0.0587897
0.89	0.17	0.0597678
0.89	0.19	0.0609243
0.89	0.21	0.0622613
0.89	0.23	0.0637777
0.89	0.25	0.0654702
0.89	0.27	0.0673331
0.89	0.29	0.0693587
0.89	0.31	0.0715376
0.89	0.33	0.0738586
0.89	0.35	0.0763096
0.89	0.37	0.0788771
0.89	0.39	0.0815467
0.89	0.41	0.0843033
0.89	0.43	0.0871312
0.89	0.45	0.0900141
0.89	0.47	0.0929351
0.89	0.49	0.0958774
0.89	0.51	0.0988235
0.89	0.53	0.101756
0.89	0.55	0.104657
0.89	0.57	0.107509
0.89	0.59	0.110294
0.89	0.61	0.112995
0.89	0.63	0.115595
0.89	0.65	0.118076
0.89	0.67	0.120422
0.89	0.69	0.122618
0.89	0.71	0.124649
0.89	0.73	0.126501
0.89	0.75	0.128163
0.89	0.77	0.129625
0.89	0.79	0.130881
0.89	0.81	0.131926
0.89	0.83	0.132761
0.89	0.85	0.133389
0.89	0.87	0.133821
0.89	0.89	0.134073
0.89	0.91	0.134171
0.89	0.93	0.134148
0.89	0.95	0.134048
0.89	0.97	0.133929
0.89	0.99	0.13386
0.89	1	0.133861

0.91	0	0.0458656
0.91	0.01	0.0458697
0.91	0.03	0.0459187
0.91	0.05	0.0460312
0.91	0.07	0.0462255
0.91	0.09	0.0465185
0.91	0.11	0.0469247
0.91	0.13	0.0474559
0.91	0.15	0.0481214
0.91	0.17	0.0489277
0.91	0.19	0.0498789
0.91	0.21	0.0509763
0.91	0.23	0.0522193
0.91	0.25	0.0536052
0.91	0.27	0.0551293
0.91	0.29	0.0567856
0.91	0.31	0.0585661
0.91	0.33	0.0604622
0.91	0.35	0.0624637
0.91	0.37	0.0645598
0.91	0.39	0.0667388
0.91	0.41	0.0689885
0.91	0.43	0.0712959
0.91	0.45	0.0736478
0.91	0.47	0.0760305
0.91	0.49	0.0784303
0.91	0.51	0.0808329
0.91	0.53	0.0832241
0.91	0.55	0.0855894
0.91	0.57	0.0879146
0.91	0.59	0.0901853
0.91	0.61	0.0923871
0.91	0.63	0.0945061
0.91	0.65	0.0965286
0.91	0.67	0.0984414
0.91	0.69	0.100232
0.91	0.71	0.101888
0.91	0.73	0.1034
0.91	0.75	0.104757
0.91	0.77	0.105953
0.91	0.79	0.106981
0.91	0.81	0.10784
0.91	0.83	0.108528
0.91	0.85	0.109049
0.91	0.87	0.109413
0.91	0.89	0.109632
0.91	0.91	0.109726
0.91	0.93	0.109722
0.91	0.95	0.109655
0.91	0.97	0.10957
0.91	0.99	0.10952
0.91	1	0.109521

0.93	0	0.0356576
0.93	0.01	0.0356608
0.93	0.03	0.0357026
0.93	0.05	0.0357956
0.93	0.07	0.035953
0.93	0.09	0.0361872
0.93	0.11	0.0365092
0.93	0.13	0.0369278
0.93	0.15	0.03745
0.93	0.17	0.0380808
0.93	0.19	0.0388232
0.93	0.21	0.0396784
0.93	0.23	0.0406459
0.93	0.25	0.0417235
0.93	0.27	0.0429078
0.93	0.29	0.044194
0.93	0.31	0.0455761
0.93	0.33	0.0470474
0.93	0.35	0.0486002
0.93	0.37	0.0502259
0.93	0.39	0.0519157
0.93	0.41	0.05366
0.93	0.43	0.0554489
0.93	0.45	0.0572721
0.93	0.47	0.059119
0.93	0.49	0.0609789
0.93	0.51	0.0628409
0.93	0.53	0.0646939
0.93	0.55	0.0665267
0.93	0.57	0.0683283
0.93	0.59	0.0700875
0.93	0.61	0.0717933
0.93	0.63	0.073435
0.93	0.65	0.0750019
0.93	0.67	0.0764839
0.93	0.69	0.0778714
0.93	0.71	0.0791554
0.93	0.73	0.0803277
0.93	0.75	0.0813812
0.93	0.77	0.0823102
0.93	0.79	0.0831107
0.93	0.81	0.0837803
0.93	0.83	0.0843194
0.93	0.85	0.0847309
0.93	0.87	0.0850214
0.93	0.89	0.0852012
0.93	0.91	0.0852853
0.93	0.93	0.0852942
0.93	0.95	0.0852541
0.93	0.97	0.0851978
0.93	0.99	0.085164
0.93	1	0.0851652

0.95	0	0.0254643
0.95	0.01	0.0254666
0.95	0.03	0.0254988
0.95	0.05	0.0255687
0.95	0.07	0.025685
0.95	0.09	0.0258562
0.95	0.11	0.0260898
0.95	0.13	0.0263919
0.95	0.15	0.0267674
0.95	0.17	0.0272199
0.95	0.19	0.0277514
0.95	0.21	0.0283628
0.95	0.23	0.0290537
0.95	0.25	0.0298227
0.95	0.27	0.0306673
0.95	0.29	0.0315841
0.95	0.31	0.032569
0.95	0.33	0.0336172
0.95	0.35	0.0347232
0.95	0.37	0.035881
0.95	0.39	0.0370842
0.95	0.41	0.0383262
0.95	0.43	0.0395997
0.95	0.45	0.0408976
0.95	0.47	0.0422124
0.95	0.49	0.0435363
0.95	0.51	0.0448616
0.95	0.53	0.0461804
0.95	0.55	0.0474848
0.95	0.57	0.0487669
0.95	0.59	0.0500189
0.95	0.61	0.0512328
0.95	0.63	0.052401
0.95	0.65	0.0535161
0.95	0.67	0.0545709
0.95	0.69	0.0555585
0.95	0.71	0.0564727
0.95	0.73	0.0573077
0.95	0.75	0.0580585
0.95	0.77	0.0587213
0.95	0.79	0.0592931
0.95	0.81	0.0597726
0.95	0.83	0.06016
0.95	0.85	0.0604576
0.95	0.87	0.06067
0.95	0.89	0.0608046
0.95	0.91	0.060872
0.95	0.93	0.0608865
0.95	0.95	0.0608661
0.95	0.97	0.060833
0.95	0.99	0.0608128
0.95	1	0.0608136

0.97	0	0.0152776
0.97	0.01	0.015279
0.97	0.03	0.0152994
0.97	0.05	0.015343
0.97	0.07	0.0154147
0.97	0.09	0.0155192
0.97	0.11	0.0156609
0.97	0.13	0.0158436
0.97	0.15	0.0160699
0.97	0.17	0.0163421
0.97	0.19	0.0166614
0.97	0.21	0.0170283
0.97	0.23	0.0174425
0.97	0.25	0.0179033
0.97	0.27	0.0184092
0.97	0.29	0.0189582
0.97	0.31	0.0195478
0.97	0.33	0.0201752
0.97	0.35	0.020837
0.97	0.37	0.0215299
0.97	0.39	0.0222498
0.97	0.41	0.0229929
0.97	0.43	0.0237549
0.97	0.45	0.0245314
0.97	0.47	0.025318
0.97	0.49	0.02611
0.97	0.51	0.0269028
0.97	0.53	0.0276918
0.97	0.55	0.0284721
0.97	0.57	0.0292391
0.97	0.59	0.029988
0.97	0.61	0.0307141
0.97	0.63	0.0314129
0.97	0.65	0.03208
0.97	0.67	0.032711
0.97	0.69	0.0333019
0.97	0.71	0.033849
0.97	0.73	0.0343488
0.97	0.75	0.0347985
0.97	0.77	0.0351957
0.97	0.79	0.0355387
0.97	0.81	0.0358269
0.97	0.83	0.0360604
0.97	0.85	0.0362406
0.97	0.87	0.0363703
0.97	0.89	0.0364541
0.97	0.91	0.0364982
0.97	0.93	0.0365109
0.97	0.95	0.0365029
0.97	0.97	0.0364869
0.97	0.99	0.0364768
0.97	1	0.0364774

0.99	0	0.00509258
0.99	0.01	0.00509303
0.99	0.03	0.00510008
0.99	0.05	0.00511494
0.99	0.07	0.00513917
0.99	0.09	0.00517435
0.99	0.11	0.00522189
0.99	0.13	0.00528301
0.99	0.15	0.00535864
0.99	0.17	0.00544947
0.99	0.19	0.00555592
0.99	0.21	0.00567817
0.99	0.23	0.00581616
0.99	0.25	0.00596959
0.99	0.27	0.006138
0.99	0.29	0.00632073
0.99	0.31	0.00651695
0.99	0.33	0.00672572
0.99	0.35	0.00694597
0.99	0.37	0.00717651
0.99	0.39	0.00741607
0.99	0.41	0.00766333
0.99	0.43	0.00791687
0.99	0.45	0.00817525
0.99	0.47	0.00843697
0.99	0.49	0.00870052
0.99	0.51	0.00896433
0.99	0.53	0.00922686
0.99	0.55	0.00948651
0.99	0.57	0.00974173
0.99	0.59	0.00999093
0.99	0.61	0.0102326
0.99	0.63	0.0104651
0.99	0.65	0.0106871
0.99	0.67	0.0108971
0.99	0.69	0.0110938
0.99	0.71	0.0112759
0.99	0.73	0.0114423
0.99	0.75	0.0115921
0.99	0.77	0.0117244
0.99	0.79	0.0118388
0.99	0.81	0.0119349
0.99	0.83	0.0120129
0.99	0.85	0.0120733
0.99	0.87	0.012117
0.99	0.89	0.0121456
0.99	0.91	0.012161
0.99	0.93	0.012166
0.99	0.95	0.0121642
0.99	0.97	0.0121597
0.99	0.99	0.0121568
0.99	1	0.012157

1	0	0
1	0.01	0
1	0.03	0
1	0.05	0
1	0.07	0
1	0.09	0
1	0.11	0
1	0.13	0
1	0.15	0
1	0.17	0
1	0.19	0
1	0.21	0
1	0.23	0
1	0.25	0
1	0.27	0
1	0.29	0
1	0.31	0
1	0.33	0
1	0.35	0
1	0.37	0
1	0.39	0
1	0.41	0
1	0.43	0
1	0.45	0
1	0.47	0
1	0.49	0
1	0.51	0
1	0.53	0
1	0.55	0
1	0.57	0
1	0.59	0
1	0.61	0
1	0.63	0
1	0.65	0
1	0.67	0
1	0.69	0
1	0.71	0
1	0.73	0
1	0.75	0
1	0.77	0
1	0.79	0
1	0.81	0
1	0.83	0
1	0.85	0
1	0.87	0
1	0.89	0
1	0.91	0
1	0.93	0
1	0.95	0
1	0.97	0
1	0.99	0
1	1	0

