0	0	0
0	0.01	0
0	0.03	0
0	0.05	0
0	0.07	0
0	0.09	0
0	0.11	0
0	0.13	0
0	0.15	0
0	0.17	0
0	0.19	0
0	0.21	0
0	0.23	0
0	0.25	0
0	0.27	0
0	0.29	0
0	0.31	0
0	0.33	0
0	0.35	0
0	0.37	0
0	0.39	0
0	0.41	0
0	0.43	0
0	0.45	0
0	0.47	0
0	0.49	0
0	0.51	0
0	0.53	0
0	0.55	0
0	0.57	0
0	0.59	0
0	0.61	0
0	0.63	0
0	0.65	0
0	0.67	0
0	0.69	0
0	0.71	0
0	0.73	0
0	0.75	0
0	0.77	0
0	0.79	0
0	0.81	0
0	0.83	0
0	0.85	0
0	0.87	0
0	0.89	0
0	0.91	0
0	0.93	0
0	0.95	0
0	0.97	0
0	0.99	0
0	1	0

0.01	0	0.0329542
0.01	0.01	0.0329544
0.01	0.03	0.0331843
0.01	0.05	0.0335073
0.01	0.07	0.0338333
0.01	0.09	0.0341088
0.01	0.11	0.0343046
0.01	0.13	0.0344063
0.01	0.15	0.0344089
0.01	0.17	0.0343124
0.01	0.19	0.0341202
0.01	0.21	0.033837
0.01	0.23	0.0334687
0.01	0.25	0.0330213
0.01	0.27	0.0325012
0.01	0.29	0.0319145
0.01	0.31	0.0312669
0.01	0.33	0.0305644
0.01	0.35	0.0298121
0.01	0.37	0.0290155
0.01	0.39	0.0281793
0.01	0.41	0.0273082
0.01	0.43	0.0264067
0.01	0.45	0.0254789
0.01	0.47	0.0245288
0.01	0.49	0.0235601
0.01	0.51	0.0225765
0.01	0.53	0.0215815
0.01	0.55	0.0205784
0.01	0.57	0.0195706
0.01	0.59	0.0185613
0.01	0.61	0.0175541
0.01	0.63	0.0165524
0.01	0.65	0.0155602
0.01	0.67	0.0145818
0.01	0.69	0.0136217
0.01	0.71	0.0126856
0.01	0.73	0.0117792
0.01	0.75	0.0109093
0.01	0.77	0.0100833
0.01	0.79	0.00930875
0.01	0.81	0.00859364
0.01	0.83	0.00794559
0.01	0.85	0.00737151
0.01	0.87	0.00687704
0.01	0.89	0.00646597
0.01	0.91	0.00613974
0.01	0.93	0.00589704
0.01	0.95	0.00573363
0.01	0.97	0.00564253
0.01	0.99	0.00561485
0.01	1	0.00561486

0.03	0	0.0985694
0.03	0.01	0.0985701
0.03	0.03	0.0992974
0.03	0.05	0.100306
0.03	0.07	0.101316
0.03	0.09	0.102167
0.03	0.11	0.102773
0.03	0.13	0.103093
0.03	0.15	0.103112
0.03	0.17	0.102832
0.03	0.19	0.102264
0.03	0.21	0.101422
0.03	0.23	0.100325
0.03	0.25	0.0989904
0.03	0.27	0.0974375
0.03	0.29	0.0956845
0.03	0.31	0.0937491
0.03	0.33	0.0916483
0.03	0.35	0.0893984
0.03	0.37	0.0870147
0.03	0.39	0.0845121
0.03	0.41	0.0819043
0.03	0.43	0.0792046
0.03	0.45	0.0764255
0.03	0.47	0.0735788
0.03	0.49	0.0706759
0.03	0.51	0.0677275
0.03	0.53	0.0647441
0.03	0.55	0.0617358
0.03	0.57	0.0587126
0.03	0.59	0.0556845
0.03	0.61	0.0526616
0.03	0.63	0.0496549
0.03	0.65	0.0466757
0.03	0.67	0.0437369
0.03	0.69	0.0408527
0.03	0.71	0.0380391
0.03	0.73	0.0353143
0.03	0.75	0.0326984
0.03	0.77	0.0302135
0.03	0.79	0.0278831
0.03	0.81	0.0257312
0.03	0.83	0.0237811
0.03	0.85	0.022054
0.03	0.87	0.0205672
0.03	0.89	0.0193324
0.03	0.91	0.0183541
0.03	0.93	0.0176283
0.03	0.95	0.0171418
0.03	0.97	0.0168726
0.03	0.99	0.0167923
0.03	1	0.0167923

0.05	0	0.163178
0.05	0.01	0.16318
0.05	0.03	0.164466
0.05	0.05	0.16623
0.05	0.07	0.167987
0.05	0.09	0.169466
0.05	0.11	0.170524
0.05	0.13	0.171094
0.05	0.15	0.171156
0.05	0.17	0.170716
0.05	0.19	0.169792
0.05	0.21	0.16841
0.05	0.23	0.166602
0.05	0.25	0.164399
0.05	0.27	0.161833
0.05	0.29	0.158933
0.05	0.31	0.15573
0.05	0.33	0.152252
0.05	0.35	0.148526
0.05	0.37	0.144577
0.05	0.39	0.140431
0.05	0.41	0.136109
0.05	0.43	0.131633
0.05	0.45	0.127025
0.05	0.47	0.122303
0.05	0.49	0.117486
0.05	0.51	0.112593
0.05	0.53	0.10764
0.05	0.55	0.102644
0.05	0.57	0.0976215
0.05	0.59	0.092589
0.05	0.61	0.0875634
0.05	0.63	0.0825625
0.05	0.65	0.0776054
0.05	0.67	0.0727132
0.05	0.69	0.0679096
0.05	0.71	0.0632212
0.05	0.73	0.0586784
0.05	0.75	0.054315
0.05	0.77	0.0501684
0.05	0.79	0.0462781
0.05	0.81	0.0426852
0.05	0.83	0.0394294
0.05	0.85	0.036547
0.05	0.87	0.0340678
0.05	0.89	0.032012
0.05	0.91	0.0303873
0.05	0.93	0.0291868
0.05	0.95	0.0283873
0.05	0.97	0.0279502
0.05	0.99	0.0278234
0.05	1	0.0278235

0.07	0	0.225895
0.07	0.01	0.225897
0.07	0.03	0.227759
0.07	0.05	0.230303
0.07	0.07	0.23284
0.07	0.09	0.234981
0.07	0.11	0.236527
0.07	0.13	0.237385
0.07	0.15	0.237527
0.07	0.17	0.236962
0.07	0.19	0.235719
0.07	0.21	0.233836
0.07	0.23	0.231358
0.07	0.25	0.228329
0.07	0.27	0.224793
0.07	0.29	0.220794
0.07	0.31	0.216373
0.07	0.33	0.211569
0.07	0.35	0.206421
0.07	0.37	0.200963
0.07	0.39	0.195229
0.07	0.41	0.18925
0.07	0.43	0.183056
0.07	0.45	0.176676
0.07	0.47	0.170136
0.07	0.49	0.163461
0.07	0.51	0.156677
0.07	0.53	0.149806
0.07	0.55	0.142872
0.07	0.57	0.135898
0.07	0.59	0.128905
0.07	0.61	0.121919
0.07	0.63	0.114962
0.07	0.65	0.108062
0.07	0.67	0.101247
0.07	0.69	0.0945516
0.07	0.71	0.0880123
0.07	0.73	0.0816718
0.07	0.75	0.075578
0.07	0.77	0.0697836
0.07	0.79	0.0643452
0.07	0.81	0.0593213
0.07	0.83	0.0547691
0.07	0.85	0.0507407
0.07	0.87	0.0472793
0.07	0.89	0.0444138
0.07	0.91	0.0421555
0.07	0.93	0.0404942
0.07	0.95	0.0393959
0.07	0.97	0.038803
0.07	0.99	0.0386365
0.07	1	0.0386366

0.09	0	0.285818
0.09	0.01	0.28582
0.09	0.03	0.28821
0.09	0.05	0.291489
0.09	0.07	0.294773
0.09	0.09	0.297564
0.09	0.11	0.299601
0.09	0.13	0.300763
0.09	0.15	0.301014
0.09	0.17	0.300364
0.09	0.19	0.298849
0.09	0.21	0.29652
0.09	0.23	0.293433
0.09	0.25	0.289646
0.09	0.27	0.285215
0.09	0.29	0.280197
0.09	0.31	0.274643
0.09	0.33	0.268604
0.09	0.35	0.262126
0.09	0.37	0.255255
0.09	0.39	0.248032
0.09	0.41	0.240497
0.09	0.43	0.232686
0.09	0.45	0.224635
0.09	0.47	0.216377
0.09	0.49	0.207943
0.09	0.51	0.199365
0.09	0.53	0.19067
0.09	0.55	0.181889
0.09	0.57	0.17305
0.09	0.59	0.16418
0.09	0.61	0.155311
0.09	0.63	0.146471
0.09	0.65	0.137697
0.09	0.67	0.129024
0.09	0.69	0.120495
0.09	0.71	0.112158
0.09	0.73	0.104068
0.09	0.75	0.096287
0.09	0.77	0.0888838
0.09	0.79	0.0819322
0.09	0.81	0.0755087
0.09	0.83	0.0696885
0.09	0.85	0.0645404
0.09	0.87	0.060121
0.09	0.89	0.0564688
0.09	0.91	0.0535984
0.09	0.93	0.0514959
0.09	0.95	0.050116
0.09	0.97	0.0493806
0.09	0.99	0.0491805
0.09	1	0.0491806

0.11	0	0.34216
0.11	0.01	0.342162
0.11	0.03	0.344981
0.11	0.05	0.348876
0.11	0.07	0.352805
0.11	0.09	0.356171
0.11	0.11	0.358654
0.11	0.13	0.360103
0.11	0.15	0.360468
0.11	0.17	0.359758
0.11	0.19	0.358016
0.11	0.21	0.355301
0.11	0.23	0.351679
0.11	0.25	0.347219
0.11	0.27	0.34199
0.11	0.29	0.336059
0.11	0.31	0.329488
0.11	0.33	0.322336
0.11	0.35	0.314659
0.11	0.37	0.30651
0.11	0.39	0.297937
0.11	0.41	0.288987
0.11	0.43	0.279703
0.11	0.45	0.270126
0.11	0.47	0.260294
0.11	0.49	0.250244
0.11	0.51	0.240011
0.11	0.53	0.22963
0.11	0.55	0.219135
0.11	0.57	0.208559
0.11	0.59	0.197935
0.11	0.61	0.1873
0.11	0.63	0.176689
0.11	0.65	0.166145
0.11	0.67	0.155712
0.11	0.69	0.145442
0.11	0.71	0.135394
0.11	0.73	0.125634
0.11	0.75	0.116239
0.11	0.77	0.107294
0.11	0.79	0.0988911
0.11	0.81	0.091124
0.11	0.83	0.0840865
0.11	0.85	0.0778642
0.11	0.87	0.0725276
0.11	0.89	0.0681245
0.11	0.91	0.0646729
0.11	0.93	0.0621553
0.11	0.95	0.060514
0.11	0.97	0.0596499
0.11	0.99	0.0594218
0.11	1	0.059422

0.13	0	0.394333
0.13	0.01	0.394335
0.13	0.03	0.39745
0.13	0.05	0.401791
0.13	0.07	0.406206
0.13	0.09	0.410016
0.13	0.11	0.412849
0.13	0.13	0.414524
0.13	0.15	0.414976
0.13	0.17	0.414209
0.13	0.19	0.412268
0.13	0.21	0.409217
0.13	0.23	0.405132
0.13	0.25	0.40009
0.13	0.27	0.39417
0.13	0.29	0.387447
0.13	0.31	0.379992
0.13	0.33	0.371873
0.13	0.35	0.363151
0.13	0.37	0.353886
0.13	0.39	0.344133
0.13	0.41	0.333943
0.13	0.43	0.323363
0.13	0.45	0.312439
0.13	0.47	0.301213
0.13	0.49	0.289725
0.13	0.51	0.278016
0.13	0.53	0.266122
0.13	0.55	0.254083
0.13	0.57	0.241934
0.13	0.59	0.229716
0.13	0.61	0.217467
0.13	0.63	0.205232
0.13	0.65	0.193058
0.13	0.67	0.180997
0.13	0.69	0.169111
0.13	0.71	0.157468
0.13	0.73	0.146149
0.13	0.75	0.135243
0.13	0.77	0.124853
0.13	0.79	0.115086
0.13	0.81	0.106056
0.13	0.83	0.0978738
0.13	0.85	0.0906426
0.13	0.87	0.0844461
0.13	0.89	0.0793412
0.13	0.91	0.0753493
0.13	0.93	0.0724486
0.13	0.95	0.0705694
0.13	0.97	0.069591
0.13	0.99	0.0693399
0.13	1	0.0693401

0.15	0	0.441978
0.15	0.01	0.44198
0.15	0.03	0.445246
0.15	0.05	0.449842
0.15	0.07	0.454549
0.15	0.09	0.458633
0.15	0.11	0.461682
0.15	0.13	0.463485
0.15	0.15	0.463963
0.15	0.17	0.463112
0.15	0.19	0.460976
0.15	0.21	0.457623
0.15	0.23	0.453133
0.15	0.25	0.447592
0.15	0.27	0.441083
0.15	0.29	0.433688
0.15	0.31	0.425487
0.15	0.33	0.416551
0.15	0.35	0.406948
0.15	0.37	0.396743
0.15	0.39	0.385993
0.15	0.41	0.374753
0.15	0.43	0.363074
0.15	0.45	0.351003
0.15	0.47	0.338585
0.15	0.49	0.325863
0.15	0.51	0.312879
0.15	0.53	0.299673
0.15	0.55	0.286286
0.15	0.57	0.272758
0.15	0.59	0.259132
0.15	0.61	0.245452
0.15	0.63	0.231767
0.15	0.65	0.21813
0.15	0.67	0.204602
0.15	0.69	0.191252
0.15	0.71	0.17816
0.15	0.73	0.165418
0.15	0.75	0.153131
0.15	0.77	0.141416
0.15	0.79	0.130398
0.15	0.81	0.120208
0.15	0.83	0.110976
0.15	0.85	0.102819
0.15	0.87	0.0958356
0.15	0.89	0.0900904
0.15	0.91	0.0856079
0.15	0.93	0.0823622
0.15	0.95	0.0802714
0.15	0.97	0.0791935
0.15	0.99	0.0789238
0.15	1	0.078924

0.17	0	0.48496
0.17	0.01	0.484963
0.17	0.03	0.488247
0.17	0.05	0.492905
0.17	0.07	0.497704
0.17	0.09	0.501878
0.17	0.11	0.504985
0.17	0.13	0.506794
0.17	0.15	0.507211
0.17	0.17	0.506224
0.17	0.19	0.503873
0.17	0.21	0.500228
0.17	0.23	0.495371
0.17	0.25	0.489392
0.17	0.27	0.48238
0.17	0.29	0.474421
0.17	0.31	0.465599
0.17	0.33	0.455989
0.17	0.35	0.445663
0.17	0.37	0.434687
0.17	0.39	0.423122
0.17	0.41	0.411024
0.17	0.43	0.398444
0.17	0.45	0.385432
0.17	0.47	0.372032
0.17	0.49	0.358288
0.17	0.51	0.344243
0.17	0.53	0.329938
0.17	0.55	0.315414
0.17	0.57	0.300715
0.17	0.59	0.285886
0.17	0.61	0.270974
0.17	0.63	0.256032
0.17	0.65	0.24112
0.17	0.67	0.226306
0.17	0.69	0.211666
0.17	0.71	0.197291
0.17	0.73	0.183286
0.17	0.75	0.169768
0.17	0.77	0.156869
0.17	0.79	0.144733
0.17	0.81	0.133506
0.17	0.83	0.123334
0.17	0.85	0.114351
0.17	0.87	0.106667
0.17	0.89	0.100353
0.17	0.91	0.0954375
0.17	0.93	0.0918897
0.17	0.95	0.0896159
0.17	0.97	0.088454
0.17	0.99	0.0881698
0.17	1	0.08817

0.19	0	0.52334
0.19	0.01	0.523343
0.19	0.03	0.52653
0.19	0.05	0.531083
0.19	0.07	0.535786
0.19	0.09	0.53987
0.19	0.11	0.542877
0.19	0.13	0.544561
0.19	0.15	0.544815
0.19	0.17	0.543621
0.19	0.19	0.541016
0.19	0.21	0.537067
0.19	0.23	0.531858
0.19	0.25	0.525482
0.19	0.27	0.518029
0.19	0.29	0.509591
0.19	0.31	0.500251
0.19	0.33	0.490089
0.19	0.35	0.479178
0.19	0.37	0.467585
0.19	0.39	0.455371
0.19	0.41	0.442592
0.19	0.43	0.429299
0.19	0.45	0.415541
0.19	0.47	0.40136
0.19	0.49	0.386802
0.19	0.51	0.371906
0.19	0.53	0.356713
0.19	0.55	0.341266
0.19	0.57	0.325608
0.19	0.59	0.309785
0.19	0.61	0.293847
0.19	0.63	0.277852
0.19	0.65	0.261863
0.19	0.67	0.245955
0.19	0.69	0.230212
0.19	0.71	0.214735
0.19	0.73	0.199639
0.19	0.75	0.185056
0.19	0.77	0.171131
0.19	0.79	0.158023
0.19	0.81	0.145896
0.19	0.83	0.134909
0.19	0.85	0.125211
0.19	0.87	0.116921
0.19	0.89	0.110119
0.19	0.91	0.104834
0.19	0.93	0.101031
0.19	0.95	0.0986044
0.19	0.97	0.0973742
0.19	0.99	0.0970792
0.19	1	0.0970795

0.21	0	0.557324
0.21	0.01	0.557328
0.21	0.03	0.560332
0.21	0.05	0.564642
0.21	0.07	0.569093
0.21	0.09	0.572929
0.21	0.11	0.57569
0.21	0.13	0.577122
0.21	0.15	0.57711
0.21	0.17	0.575631
0.21	0.19	0.572718
0.21	0.21	0.568437
0.21	0.23	0.562872
0.21	0.25	0.556116
0.21	0.27	0.548262
0.21	0.29	0.539402
0.21	0.31	0.529623
0.21	0.33	0.519004
0.21	0.35	0.507619
0.21	0.37	0.495535
0.21	0.39	0.482812
0.21	0.41	0.469505
0.21	0.43	0.455663
0.21	0.45	0.441332
0.21	0.47	0.426554
0.21	0.49	0.411369
0.21	0.51	0.395818
0.21	0.53	0.379937
0.21	0.55	0.363769
0.21	0.57	0.347356
0.21	0.59	0.330744
0.21	0.61	0.313985
0.21	0.63	0.297139
0.21	0.65	0.280272
0.21	0.67	0.263466
0.21	0.69	0.246812
0.21	0.71	0.230419
0.21	0.73	0.214413
0.21	0.75	0.198938
0.21	0.77	0.184153
0.21	0.79	0.170231
0.21	0.81	0.157348
0.21	0.83	0.14568
0.21	0.85	0.135385
0.21	0.87	0.126592
0.21	0.89	0.119387
0.21	0.91	0.1138
0.21	0.93	0.10979
0.21	0.95	0.107242
0.21	0.97	0.105959
0.21	0.99	0.105657
0.21	1	0.105657

0.23	0	0.587227
0.23	0.01	0.58723
0.23	0.03	0.589993
0.23	0.05	0.59396
0.23	0.07	0.598037
0.23	0.09	0.601498
0.23	0.11	0.60389
0.23	0.13	0.60496
0.23	0.15	0.604589
0.23	0.17	0.602749
0.23	0.19	0.59947
0.23	0.21	0.594818
0.23	0.23	0.588877
0.23	0.25	0.58174
0.23	0.27	0.573501
0.23	0.29	0.564254
0.23	0.31	0.554085
0.23	0.33	0.543075
0.23	0.35	0.531297
0.23	0.37	0.518818
0.23	0.39	0.505695
0.23	0.41	0.491982
0.23	0.43	0.477726
0.23	0.45	0.462968
0.23	0.47	0.447748
0.23	0.49	0.432102
0.23	0.51	0.416066
0.23	0.53	0.399677
0.23	0.55	0.382971
0.23	0.57	0.365991
0.23	0.59	0.34878
0.23	0.61	0.331392
0.23	0.63	0.313887
0.23	0.65	0.296336
0.23	0.67	0.278823
0.23	0.69	0.261446
0.23	0.71	0.244323
0.23	0.73	0.227589
0.23	0.75	0.211398
0.23	0.77	0.195922
0.23	0.79	0.181344
0.23	0.81	0.167856
0.23	0.83	0.155643
0.23	0.85	0.144873
0.23	0.87	0.135683
0.23	0.89	0.128163
0.23	0.91	0.122342
0.23	0.93	0.118175
0.23	0.95	0.115538
0.23	0.97	0.114218
0.23	0.99	0.113912
0.23	1	0.113912

0.25	0	0.613422
0.25	0.01	0.613425
0.25	0.03	0.615911
0.25	0.05	0.619471
0.25	0.07	0.623091
0.25	0.09	0.626084
0.25	0.11	0.628014
0.25	0.13	0.628634
0.25	0.15	0.627823
0.25	0.17	0.625554
0.25	0.19	0.621855
0.25	0.21	0.616791
0.25	0.23	0.610445
0.25	0.25	0.602911
0.25	0.27	0.594286
0.25	0.29	0.584664
0.25	0.31	0.574131
0.25	0.33	0.562769
0.25	0.35	0.550652
0.25	0.37	0.537843
0.25	0.39	0.524399
0.25	0.41	0.510372
0.25	0.43	0.495803
0.25	0.45	0.480733
0.25	0.47	0.465195
0.25	0.49	0.449223
0.25	0.51	0.432847
0.25	0.53	0.4161
0.25	0.55	0.399016
0.25	0.57	0.381634
0.25	0.59	0.363995
0.25	0.61	0.346153
0.25	0.63	0.328167
0.25	0.65	0.31011
0.25	0.67	0.29207
0.25	0.69	0.274152
0.25	0.71	0.256478
0.25	0.73	0.239192
0.25	0.75	0.222457
0.25	0.77	0.206455
0.25	0.79	0.191381
0.25	0.81	0.177435
0.25	0.83	0.164813
0.25	0.85	0.15369
0.25	0.87	0.144208
0.25	0.89	0.13646
0.25	0.91	0.130472
0.25	0.93	0.126198
0.25	0.95	0.123502
0.25	0.97	0.12216
0.25	0.99	0.121853
0.25	1	0.121853

0.27	0	0.636313
0.27	0.01	0.636316
0.27	0.03	0.638509
0.27	0.05	0.641628
0.27	0.07	0.644741
0.27	0.09	0.647207
0.27	0.11	0.648612
0.27	0.13	0.648717
0.27	0.15	0.647407
0.27	0.17	0.644654
0.27	0.19	0.640486
0.27	0.21	0.634968
0.27	0.23	0.628185
0.27	0.25	0.620232
0.27	0.27	0.611207
0.27	0.29	0.601205
0.27	0.31	0.590314
0.27	0.33	0.578618
0.27	0.35	0.566188
0.27	0.37	0.553089
0.27	0.39	0.539375
0.27	0.41	0.525095
0.27	0.43	0.510287
0.27	0.45	0.494988
0.27	0.47	0.479228
0.27	0.49	0.463033
0.27	0.51	0.446433
0.27	0.53	0.429452
0.27	0.55	0.412122
0.27	0.57	0.394478
0.27	0.59	0.376558
0.27	0.61	0.358414
0.27	0.63	0.340105
0.27	0.65	0.321705
0.27	0.67	0.303304
0.27	0.69	0.285011
0.27	0.71	0.266953
0.27	0.73	0.249281
0.27	0.75	0.232166
0.27	0.77	0.215797
0.27	0.79	0.200379
0.27	0.81	0.186119
0.27	0.83	0.173219
0.27	0.85	0.161861
0.27	0.87	0.152189
0.27	0.89	0.144296
0.27	0.91	0.138209
0.27	0.93	0.133873
0.27	0.95	0.131148
0.27	0.97	0.129798
0.27	0.99	0.129493
0.27	1	0.129494

0.29	0	0.656305
0.29	0.01	0.656308
0.29	0.03	0.65821
0.29	0.05	0.660878
0.29	0.07	0.663463
0.29	0.09	0.66537
0.29	0.11	0.666213
0.29	0.13	0.665763
0.29	0.15	0.663912
0.29	0.17	0.660634
0.29	0.19	0.655958
0.29	0.21	0.64995
0.29	0.23	0.642697
0.29	0.25	0.634297
0.29	0.27	0.62485
0.29	0.29	0.614454
0.29	0.31	0.603199
0.29	0.33	0.591168
0.29	0.35	0.578434
0.29	0.37	0.565062
0.29	0.39	0.551105
0.29	0.41	0.536608
0.29	0.43	0.521609
0.29	0.45	0.506138
0.29	0.47	0.490222
0.29	0.49	0.473883
0.29	0.51	0.457143
0.29	0.53	0.440026
0.29	0.55	0.422556
0.29	0.57	0.404764
0.29	0.59	0.386686
0.29	0.61	0.36837
0.29	0.63	0.349875
0.29	0.65	0.331275
0.29	0.67	0.31266
0.29	0.69	0.294141
0.29	0.71	0.275852
0.29	0.73	0.257947
0.29	0.75	0.240603
0.29	0.77	0.224017
0.29	0.79	0.208397
0.29	0.81	0.193957
0.29	0.83	0.180903
0.29	0.85	0.16942
0.29	0.87	0.159654
0.29	0.89	0.151696
0.29	0.91	0.14557
0.29	0.93	0.141217
0.29	0.95	0.138491
0.29	0.97	0.137148
0.29	0.99	0.136847
0.29	1	0.136848

0.31	0	0.673791
0.31	0.01	0.673795
0.31	0.03	0.675416
0.31	0.05	0.677641
0.31	0.07	0.679698
0.31	0.09	0.68104
0.31	0.11	0.681305
0.31	0.13	0.68028
0.31	0.15	0.677863
0.31	0.17	0.674031
0.31	0.19	0.668817
0.31	0.21	0.662289
0.31	0.23	0.654538
0.31	0.25	0.645663
0.31	0.27	0.635769
0.31	0.29	0.624956
0.31	0.31	0.613319
0.31	0.33	0.600942
0.31	0.35	0.587899
0.31	0.37	0.574256
0.31	0.39	0.560065
0.31	0.41	0.545369
0.31	0.43	0.530204
0.31	0.45	0.514596
0.31	0.47	0.498567
0.31	0.49	0.482137
0.31	0.51	0.465322
0.31	0.53	0.44814
0.31	0.55	0.430611
0.31	0.57	0.412762
0.31	0.59	0.394625
0.31	0.61	0.376245
0.31	0.63	0.357679
0.31	0.65	0.339
0.31	0.67	0.320298
0.31	0.69	0.301688
0.31	0.71	0.283303
0.31	0.73	0.265303
0.31	0.75	0.247868
0.31	0.77	0.231199
0.31	0.79	0.215507
0.31	0.81	0.201011
0.31	0.83	0.187918
0.31	0.85	0.176412
0.31	0.87	0.166639
0.31	0.89	0.158689
0.31	0.91	0.152581
0.31	0.93	0.148252
0.31	0.95	0.145549
0.31	0.97	0.144224
0.31	0.99	0.143931
0.31	1	0.143932

0.33	0	0.689137
0.33	0.01	0.68914
0.33	0.03	0.690498
0.33	0.05	0.692301
0.33	0.07	0.693848
0.33	0.09	0.694633
0.33	0.11	0.694323
0.33	0.13	0.692717
0.33	0.15	0.689723
0.33	0.17	0.685321
0.33	0.19	0.679549
0.33	0.21	0.672477
0.33	0.23	0.664201
0.33	0.25	0.654826
0.33	0.27	0.644458
0.33	0.29	0.633204
0.33	0.31	0.621162
0.33	0.33	0.60842
0.33	0.35	0.595055
0.33	0.37	0.581131
0.33	0.39	0.566703
0.33	0.41	0.551811
0.33	0.43	0.536489
0.33	0.45	0.520762
0.33	0.47	0.504647
0.33	0.49	0.48816
0.33	0.51	0.471312
0.33	0.53	0.454116
0.33	0.55	0.436589
0.33	0.57	0.418752
0.33	0.59	0.400634
0.33	0.61	0.382277
0.33	0.63	0.363735
0.33	0.65	0.345079
0.33	0.67	0.3264
0.33	0.69	0.307812
0.33	0.71	0.289451
0.33	0.73	0.271476
0.33	0.75	0.254072
0.33	0.77	0.23744
0.33	0.79	0.221794
0.33	0.81	0.207352
0.33	0.83	0.194321
0.33	0.85	0.182884
0.33	0.87	0.173184
0.33	0.89	0.165307
0.33	0.91	0.159267
0.33	0.93	0.154998
0.33	0.95	0.152341
0.33	0.97	0.151046
0.33	0.99	0.150763
0.33	1	0.150764

0.35	0	0.702675
0.35	0.01	0.702679
0.35	0.03	0.703795
0.35	0.05	0.705205
0.35	0.07	0.706267
0.35	0.09	0.706518
0.35	0.11	0.705645
0.35	0.13	0.703466
0.35	0.15	0.699892
0.35	0.17	0.694913
0.35	0.19	0.688569
0.35	0.21	0.680936
0.35	0.23	0.672113
0.35	0.25	0.662212
0.35	0.27	0.651347
0.35	0.29	0.639627
0.35	0.31	0.627156
0.35	0.33	0.614027
0.35	0.35	0.60032
0.35	0.37	0.586101
0.35	0.39	0.571423
0.35	0.41	0.55633
0.35	0.43	0.540852
0.35	0.45	0.525011
0.35	0.47	0.508822
0.35	0.49	0.492296
0.35	0.51	0.475442
0.35	0.53	0.458268
0.35	0.55	0.440785
0.35	0.57	0.423012
0.35	0.59	0.404973
0.35	0.61	0.386707
0.35	0.63	0.368265
0.35	0.65	0.349716
0.35	0.67	0.331152
0.35	0.69	0.312683
0.35	0.71	0.294446
0.35	0.73	0.276602
0.35	0.75	0.259334
0.35	0.77	0.242845
0.35	0.79	0.227347
0.35	0.81	0.213056
0.35	0.83	0.200177
0.35	0.85	0.18889
0.35	0.87	0.179332
0.35	0.89	0.171584
0.35	0.91	0.165658
0.35	0.93	0.16148
0.35	0.95	0.158891
0.35	0.97	0.157636
0.35	0.99	0.157365
0.35	1	0.157366

0.37	0	0.714706
0.37	0.01	0.714709
0.37	0.03	0.715608
0.37	0.05	0.716656
0.37	0.07	0.717267
0.37	0.09	0.71701
0.37	0.11	0.715597
0.37	0.13	0.712856
0.37	0.15	0.70871
0.37	0.17	0.703151
0.37	0.19	0.696227
0.37	0.21	0.688019
0.37	0.23	0.678633
0.37	0.25	0.668186
0.37	0.27	0.6568
0.37	0.29	0.644591
0.37	0.31	0.631668
0.37	0.33	0.61813
0.37	0.35	0.604059
0.37	0.37	0.589526
0.37	0.39	0.574585
0.37	0.41	0.559279
0.37	0.43	0.543637
0.37	0.45	0.527679
0.37	0.47	0.511419
0.37	0.49	0.494865
0.37	0.51	0.47802
0.37	0.53	0.460889
0.37	0.55	0.443481
0.37	0.57	0.425808
0.37	0.59	0.407893
0.37	0.61	0.389771
0.37	0.63	0.371489
0.37	0.65	0.353116
0.37	0.67	0.33474
0.37	0.69	0.316471
0.37	0.71	0.298444
0.37	0.73	0.280819
0.37	0.75	0.263778
0.37	0.77	0.247521
0.37	0.79	0.232258
0.37	0.81	0.218202
0.37	0.83	0.205552
0.37	0.85	0.194483
0.37	0.87	0.185127
0.37	0.89	0.177559
0.37	0.91	0.171784
0.37	0.93	0.167726
0.37	0.95	0.165222
0.37	0.97	0.164016
0.37	0.99	0.163761
0.37	1	0.163762

0.39	0	0.725493
0.39	0.01	0.725496
0.39	0.03	0.7262
0.39	0.05	0.72692
0.39	0.07	0.727114
0.39	0.09	0.726381
0.39	0.11	0.724452
0.39	0.13	0.721168
0.39	0.15	0.716458
0.39	0.17	0.710323
0.39	0.19	0.702814
0.39	0.21	0.694022
0.39	0.23	0.684058
0.39	0.25	0.673048
0.39	0.27	0.661121
0.39	0.29	0.648402
0.39	0.31	0.635007
0.39	0.33	0.621038
0.39	0.35	0.606585
0.39	0.37	0.591719
0.39	0.39	0.576498
0.39	0.41	0.560964
0.39	0.43	0.545148
0.39	0.45	0.529068
0.39	0.47	0.512734
0.39	0.49	0.496152
0.39	0.51	0.479324
0.39	0.53	0.46225
0.39	0.55	0.444935
0.39	0.57	0.427389
0.39	0.59	0.409632
0.39	0.61	0.391693
0.39	0.63	0.373619
0.39	0.65	0.355475
0.39	0.67	0.337347
0.39	0.69	0.319343
0.39	0.71	0.301596
0.39	0.73	0.284264
0.39	0.75	0.267526
0.39	0.77	0.251576
0.39	0.79	0.236622
0.39	0.81	0.222871
0.39	0.83	0.210515
0.39	0.85	0.199722
0.39	0.87	0.190618
0.39	0.89	0.18327
0.39	0.91	0.17768
0.39	0.93	0.173766
0.39	0.95	0.171364
0.39	0.97	0.170216
0.39	0.99	0.169979
0.39	1	0.169979

0.41	0	0.735268
0.41	0.01	0.735271
0.41	0.03	0.735802
0.41	0.05	0.736226
0.41	0.07	0.736037
0.41	0.09	0.734861
0.41	0.11	0.732442
0.41	0.13	0.728633
0.41	0.15	0.723372
0.41	0.17	0.716664
0.41	0.19	0.70857
0.41	0.21	0.699187
0.41	0.23	0.688634
0.41	0.25	0.677048
0.41	0.27	0.664564
0.41	0.29	0.651318
0.41	0.31	0.637431
0.41	0.33	0.623014
0.41	0.35	0.60816
0.41	0.37	0.592944
0.41	0.39	0.577428
0.41	0.41	0.561653
0.41	0.43	0.545651
0.41	0.45	0.529439
0.41	0.47	0.513026
0.41	0.49	0.496415
0.41	0.51	0.479605
0.41	0.53	0.462595
0.41	0.55	0.445385
0.41	0.57	0.427984
0.41	0.59	0.410406
0.41	0.61	0.392681
0.41	0.63	0.374851
0.41	0.65	0.356978
0.41	0.67	0.339146
0.41	0.69	0.32146
0.41	0.71	0.304051
0.41	0.73	0.287071
0.41	0.75	0.270696
0.41	0.77	0.255116
0.41	0.79	0.240531
0.41	0.81	0.227142
0.41	0.83	0.215133
0.41	0.85	0.204664
0.41	0.87	0.195853
0.41	0.89	0.188761
0.41	0.91	0.183383
0.41	0.93	0.179635
0.41	0.95	0.177348
0.41	0.97	0.176268
0.41	0.99	0.176051
0.41	1	0.176051

0.43	0	0.744231
0.43	0.01	0.744233
0.43	0.03	0.744613
0.43	0.05	0.744772
0.43	0.07	0.744233
0.43	0.09	0.742642
0.43	0.11	0.739759
0.43	0.13	0.735445
0.43	0.15	0.729644
0.43	0.17	0.722371
0.43	0.19	0.713692
0.43	0.21	0.703713
0.43	0.23	0.692564
0.43	0.25	0.68039
0.43	0.27	0.667338
0.43	0.29	0.65355
0.43	0.31	0.639157
0.43	0.33	0.624277
0.43	0.35	0.609007
0.43	0.37	0.593429
0.43	0.39	0.577603
0.43	0.41	0.561575
0.43	0.43	0.545376
0.43	0.45	0.529023
0.43	0.47	0.512524
0.43	0.49	0.495879
0.43	0.51	0.479087
0.43	0.53	0.462142
0.43	0.55	0.445045
0.43	0.57	0.427799
0.43	0.59	0.410418
0.43	0.61	0.392927
0.43	0.63	0.375368
0.43	0.65	0.357799
0.43	0.67	0.340299
0.43	0.69	0.322973
0.43	0.71	0.305946
0.43	0.73	0.289366
0.43	0.75	0.273404
0.43	0.77	0.258242
0.43	0.79	0.244075
0.43	0.81	0.231094
0.43	0.83	0.219474
0.43	0.85	0.209368
0.43	0.87	0.200884
0.43	0.89	0.194077
0.43	0.91	0.188935
0.43	0.93	0.185371
0.43	0.95	0.183214
0.43	0.97	0.182209
0.43	0.99	0.182015
0.43	1	0.182016

0.45	0	0.752554
0.45	0.01	0.752557
0.45	0.03	0.752803
0.45	0.05	0.752724
0.45	0.07	0.751865
0.45	0.09	0.749889
0.45	0.11	0.746565
0.45	0.13	0.741764
0.45	0.15	0.735436
0.45	0.17	0.727603
0.45	0.19	0.718342
0.45	0.21	0.707766
0.45	0.23	0.696016
0.45	0.25	0.683248
0.45	0.27	0.669618
0.45	0.29	0.655279
0.45	0.31	0.64037
0.45	0.33	0.625016
0.45	0.35	0.60932
0.45	0.37	0.593367
0.45	0.39	0.577221
0.45	0.41	0.56093
0.45	0.43	0.544525
0.45	0.45	0.528022
0.45	0.47	0.511429
0.45	0.49	0.494746
0.45	0.51	0.477968
0.45	0.53	0.461089
0.45	0.55	0.444107
0.45	0.57	0.427024
0.45	0.59	0.40985
0.45	0.61	0.39261
0.45	0.63	0.37534
0.45	0.65	0.358097
0.45	0.67	0.340959
0.45	0.69	0.324024
0.45	0.71	0.307413
0.45	0.73	0.29127
0.45	0.75	0.275759
0.45	0.77	0.261054
0.45	0.79	0.247342
0.45	0.81	0.234804
0.45	0.83	0.223608
0.45	0.85	0.213895
0.45	0.87	0.205765
0.45	0.89	0.199267
0.45	0.91	0.194381
0.45	0.93	0.191018
0.45	0.95	0.189004
0.45	0.97	0.188084
0.45	0.99	0.187917
0.45	1	0.187918

0.47	0	0.760388
0.47	0.01	0.76039
0.47	0.03	0.760519
0.47	0.05	0.760226
0.47	0.07	0.759075
0.47	0.09	0.756738
0.47	0.11	0.752995
0.47	0.13	0.747723
0.47	0.15	0.74088
0.47	0.17	0.732496
0.47	0.19	0.722656
0.47	0.21	0.711484
0.47	0.23	0.699132
0.47	0.25	0.685766
0.47	0.27	0.671554
0.47	0.29	0.656659
0.47	0.31	0.641229
0.47	0.33	0.625394
0.47	0.35	0.609265
0.47	0.37	0.59293
0.47	0.39	0.576457
0.47	0.41	0.559895
0.47	0.43	0.543276
0.47	0.45	0.526617
0.47	0.47	0.509924
0.47	0.49	0.493197
0.47	0.51	0.476429
0.47	0.53	0.459615
0.47	0.55	0.442748
0.47	0.57	0.425831
0.47	0.59	0.408871
0.47	0.61	0.39189
0.47	0.63	0.374923
0.47	0.65	0.358025
0.47	0.67	0.341268
0.47	0.69	0.324746
0.47	0.71	0.308578
0.47	0.73	0.292899
0.47	0.75	0.277866
0.47	0.77	0.263648
0.47	0.79	0.250419
0.47	0.81	0.238352
0.47	0.83	0.227604
0.47	0.85	0.218308
0.47	0.87	0.210555
0.47	0.89	0.204384
0.47	0.91	0.199774
0.47	0.93	0.196627
0.47	0.95	0.19477
0.47	0.97	0.193944
0.47	0.99	0.193809
0.47	1	0.193809

0.49	0	0.767856
0.49	0.01	0.767859
0.49	0.03	0.767884
0.49	0.05	0.7674
0.49	0.07	0.765979
0.49	0.09	0.763305
0.49	0.11	0.759163
0.49	0.13	0.753436
0.49	0.15	0.746091
0.49	0.17	0.737164
0.49	0.19	0.726751
0.49	0.21	0.714987
0.49	0.23	0.702035
0.49	0.25	0.688073
0.49	0.27	0.67328
0.49	0.29	0.657829
0.49	0.31	0.641876
0.49	0.33	0.625559
0.49	0.35	0.608994
0.49	0.37	0.592275
0.49	0.39	0.575471
0.49	0.41	0.558633
0.49	0.43	0.541794
0.49	0.45	0.524973
0.49	0.47	0.508175
0.49	0.49	0.491398
0.49	0.51	0.474637
0.49	0.53	0.457883
0.49	0.55	0.441131
0.49	0.57	0.424379
0.49	0.59	0.407636
0.49	0.61	0.39092
0.49	0.63	0.374265
0.49	0.65	0.357721
0.49	0.67	0.341359
0.49	0.69	0.325267
0.49	0.71	0.309559
0.49	0.73	0.294363
0.49	0.75	0.27983
0.49	0.77	0.266117
0.49	0.79	0.253392
0.49	0.81	0.241815
0.49	0.83	0.231536
0.49	0.85	0.222675
0.49	0.87	0.215316
0.49	0.89	0.209491
0.49	0.91	0.205173
0.49	0.93	0.20226
0.49	0.95	0.200573
0.49	0.97	0.199853
0.49	0.99	0.199754
0.49	1	0.199754

0.51	0	0.775069
0.51	0.01	0.775071
0.51	0.03	0.775006
0.51	0.05	0.774348
0.51	0.07	0.77268
0.51	0.09	0.769688
0.51	0.11	0.765165
0.51	0.13	0.759
0.51	0.15	0.751165
0.51	0.17	0.741707
0.51	0.19	0.73073
0.51	0.21	0.718381
0.51	0.23	0.704837
0.51	0.25	0.690286
0.51	0.27	0.674918
0.51	0.29	0.658916
0.51	0.31	0.642444
0.51	0.33	0.625649
0.51	0.35	0.608651
0.51	0.37	0.591548
0.51	0.39	0.574412
0.51	0.41	0.557297
0.51	0.43	0.540236
0.51	0.45	0.523248
0.51	0.47	0.506339
0.51	0.49	0.489509
0.51	0.51	0.472749
0.51	0.53	0.456052
0.51	0.55	0.43941
0.51	0.57	0.422823
0.51	0.59	0.406296
0.51	0.61	0.389847
0.51	0.63	0.373507
0.51	0.65	0.357323
0.51	0.67	0.341363
0.51	0.69	0.325711
0.51	0.71	0.310473
0.51	0.73	0.295773
0.51	0.75	0.281751
0.51	0.77	0.268558
0.51	0.79	0.256349
0.51	0.81	0.245278
0.51	0.83	0.23548
0.51	0.85	0.227069
0.51	0.87	0.22012
0.51	0.89	0.214658
0.51	0.91	0.210648
0.51	0.93	0.207985
0.51	0.95	0.206486
0.51	0.97	0.205884
0.51	0.99	0.205826
0.51	1	0.205827

0.53	0	0.782116
0.53	0.01	0.782119
0.53	0.03	0.781973
0.53	0.05	0.781159
0.53	0.07	0.77926
0.53	0.09	0.77597
0.53	0.11	0.771085
0.53	0.13	0.764497
0.53	0.15	0.756188
0.53	0.17	0.746212
0.53	0.19	0.734685
0.53	0.21	0.721766
0.53	0.23	0.707642
0.53	0.25	0.692515
0.53	0.27	0.676584
0.53	0.29	0.660043
0.53	0.31	0.643065
0.53	0.33	0.6258
0.53	0.35	0.608376
0.53	0.37	0.590894
0.53	0.39	0.573429
0.53	0.41	0.556037
0.53	0.43	0.538753
0.53	0.45	0.521597
0.53	0.47	0.504574
0.53	0.49	0.487685
0.53	0.51	0.470921
0.53	0.53	0.454276
0.53	0.55	0.43774
0.53	0.57	0.421313
0.53	0.59	0.404999
0.53	0.61	0.388814
0.53	0.63	0.372788
0.53	0.65	0.356966
0.53	0.67	0.34141
0.53	0.69	0.326201
0.53	0.71	0.311439
0.53	0.73	0.29724
0.53	0.75	0.283736
0.53	0.77	0.27107
0.53	0.79	0.259387
0.53	0.81	0.248829
0.53	0.83	0.239524
0.53	0.85	0.231574
0.53	0.87	0.225049
0.53	0.89	0.219965
0.53	0.91	0.216282
0.53	0.93	0.213889
0.53	0.95	0.212595
0.53	0.97	0.212126
0.53	0.99	0.212117
0.53	1	0.212118

0.55	0	0.789077
0.55	0.01	0.78908
0.55	0.03	0.788863
0.55	0.05	0.787906
0.55	0.07	0.785795
0.55	0.09	0.782225
0.55	0.11	0.776994
0.55	0.13	0.770002
0.55	0.15	0.761237
0.55	0.17	0.750763
0.55	0.19	0.738705
0.55	0.21	0.725235
0.55	0.23	0.710553
0.55	0.25	0.694869
0.55	0.27	0.678397
0.55	0.29	0.661335
0.55	0.31	0.643867
0.55	0.33	0.626149
0.55	0.35	0.608312
0.55	0.37	0.590461
0.55	0.39	0.572675
0.55	0.41	0.555011
0.55	0.43	0.537505
0.55	0.45	0.520179
0.55	0.47	0.50304
0.55	0.49	0.486087
0.55	0.51	0.469315
0.55	0.53	0.452714
0.55	0.55	0.436278
0.55	0.57	0.420004
0.55	0.59	0.403896
0.55	0.61	0.387971
0.55	0.63	0.372255
0.55	0.65	0.35679
0.55	0.67	0.341636
0.55	0.69	0.326868
0.55	0.71	0.31258
0.55	0.73	0.298883
0.55	0.75	0.285899
0.55	0.77	0.273762
0.55	0.79	0.262608
0.55	0.81	0.252569
0.55	0.83	0.243764
0.55	0.85	0.236287
0.55	0.87	0.230198
0.55	0.89	0.225508
0.55	0.91	0.222172
0.55	0.93	0.22007
0.55	0.95	0.219003
0.55	0.97	0.218684
0.55	0.99	0.218732
0.55	1	0.218733

0.57	0	0.796018
0.57	0.01	0.79602
0.57	0.03	0.79574
0.57	0.05	0.794654
0.57	0.07	0.792347
0.57	0.09	0.788514
0.57	0.11	0.782958
0.57	0.13	0.775584
0.57	0.15	0.766385
0.57	0.17	0.755437
0.57	0.19	0.742876
0.57	0.21	0.728883
0.57	0.23	0.713671
0.57	0.25	0.697461
0.57	0.27	0.680475
0.57	0.29	0.662921
0.57	0.31	0.644988
0.57	0.33	0.626839
0.57	0.35	0.608608
0.57	0.37	0.590404
0.57	0.39	0.572309
0.57	0.41	0.554381
0.57	0.43	0.536659
0.57	0.45	0.519164
0.57	0.47	0.501907
0.57	0.49	0.484887
0.57	0.51	0.468099
0.57	0.53	0.451536
0.57	0.55	0.435191
0.57	0.57	0.419061
0.57	0.59	0.403152
0.57	0.61	0.387477
0.57	0.63	0.372062
0.57	0.65	0.356946
0.57	0.67	0.342186
0.57	0.69	0.327853
0.57	0.71	0.314035
0.57	0.73	0.300834
0.57	0.75	0.288367
0.57	0.77	0.276757
0.57	0.79	0.266132
0.57	0.81	0.256615
0.57	0.83	0.248315
0.57	0.85	0.24132
0.57	0.87	0.235681
0.57	0.89	0.231404
0.57	0.91	0.228436
0.57	0.93	0.226649
0.57	0.95	0.225834
0.57	0.97	0.225684
0.57	0.99	0.225799
0.57	1	0.225799

0.59	0	0.802996
0.59	0.01	0.802998
0.59	0.03	0.802661
0.59	0.05	0.801457
0.59	0.07	0.798969
0.59	0.09	0.794894
0.59	0.11	0.789035
0.59	0.13	0.781304
0.59	0.15	0.771702
0.59	0.17	0.760312
0.59	0.19	0.747282
0.59	0.21	0.732805
0.59	0.23	0.717102
0.59	0.25	0.700405
0.59	0.27	0.682945
0.59	0.29	0.664936
0.59	0.31	0.646574
0.59	0.33	0.628024
0.59	0.35	0.609427
0.59	0.37	0.590893
0.59	0.39	0.572506
0.59	0.41	0.554326
0.59	0.43	0.536396
0.59	0.45	0.518737
0.59	0.47	0.501362
0.59	0.49	0.484272
0.59	0.51	0.467463
0.59	0.53	0.450929
0.59	0.55	0.434665
0.59	0.57	0.41867
0.59	0.59	0.402946
0.59	0.61	0.387509
0.59	0.63	0.372383
0.59	0.65	0.357605
0.59	0.67	0.343227
0.59	0.69	0.329317
0.59	0.71	0.315958
0.59	0.73	0.303245
0.59	0.75	0.291286
0.59	0.77	0.280198
0.59	0.79	0.270099
0.59	0.81	0.261104
0.59	0.83	0.253314
0.59	0.85	0.246809
0.59	0.87	0.241635
0.59	0.89	0.23779
0.59	0.91	0.235214
0.59	0.93	0.23377
0.59	0.95	0.233233
0.59	0.97	0.233277
0.59	0.99	0.233469
0.59	1	0.233469

0.61	0	0.810059
0.61	0.01	0.810061
0.61	0.03	0.809674
0.61	0.05	0.808364
0.61	0.07	0.805712
0.61	0.09	0.801414
0.61	0.11	0.79528
0.61	0.13	0.787223
0.61	0.15	0.777254
0.61	0.17	0.765465
0.61	0.19	0.752012
0.61	0.21	0.737099
0.61	0.23	0.720956
0.61	0.25	0.703825
0.61	0.27	0.685941
0.61	0.29	0.667527
0.61	0.31	0.64878
0.61	0.33	0.629872
0.61	0.35	0.610944
0.61	0.37	0.59211
0.61	0.39	0.573456
0.61	0.41	0.555044
0.61	0.43	0.536918
0.61	0.45	0.519103
0.61	0.47	0.501613
0.61	0.49	0.484451
0.61	0.51	0.467617
0.61	0.53	0.451105
0.61	0.55	0.434912
0.61	0.57	0.419037
0.61	0.59	0.403486
0.61	0.61	0.388271
0.61	0.63	0.373418
0.61	0.65	0.358961
0.61	0.67	0.34495
0.61	0.69	0.331448
0.61	0.71	0.318533
0.61	0.73	0.306294
0.61	0.75	0.294832
0.61	0.77	0.284257
0.61	0.79	0.274678
0.61	0.81	0.266203
0.61	0.83	0.258926
0.61	0.85	0.25292
0.61	0.87	0.248225
0.61	0.89	0.244833
0.61	0.91	0.242675
0.61	0.93	0.241604
0.61	0.95	0.241377
0.61	0.97	0.24164
0.61	0.99	0.241921
0.61	1	0.241921

0.63	0	0.817251
0.63	0.01	0.817253
0.63	0.03	0.816821
0.63	0.05	0.815416
0.63	0.07	0.812617
0.63	0.09	0.808122
0.63	0.11	0.801743
0.63	0.13	0.793399
0.63	0.15	0.783109
0.63	0.17	0.770972
0.63	0.19	0.757155
0.63	0.21	0.741868
0.63	0.23	0.72535
0.63	0.25	0.707849
0.63	0.27	0.689607
0.63	0.29	0.670849
0.63	0.31	0.651776
0.63	0.33	0.632562
0.63	0.35	0.613351
0.63	0.37	0.594257
0.63	0.39	0.575369
0.63	0.41	0.556751
0.63	0.43	0.538449
0.63	0.45	0.520491
0.63	0.47	0.502894
0.63	0.49	0.485663
0.63	0.51	0.4688
0.63	0.53	0.452303
0.63	0.55	0.436171
0.63	0.57	0.420404
0.63	0.59	0.40501
0.63	0.61	0.390002
0.63	0.63	0.375403
0.63	0.65	0.361248
0.63	0.67	0.347584
0.63	0.69	0.33447
0.63	0.71	0.32198
0.63	0.73	0.310198
0.63	0.75	0.299218
0.63	0.77	0.289143
0.63	0.79	0.280075
0.63	0.81	0.272115
0.63	0.83	0.265353
0.63	0.85	0.259853
0.63	0.87	0.255652
0.63	0.89	0.252734
0.63	0.91	0.251023
0.63	0.93	0.250358
0.63	0.95	0.250473
0.63	0.97	0.250982
0.63	0.99	0.251367
0.63	1	0.251367

0.65	0	0.824606
0.65	0.01	0.824608
0.65	0.03	0.824137
0.65	0.05	0.822649
0.65	0.07	0.819723
0.65	0.09	0.815059
0.65	0.11	0.808473
0.65	0.13	0.79989
0.65	0.15	0.789334
0.65	0.17	0.776914
0.65	0.19	0.762803
0.65	0.21	0.747218
0.65	0.23	0.730405
0.65	0.25	0.712615
0.65	0.27	0.694094
0.65	0.29	0.675068
0.65	0.31	0.655742
0.65	0.33	0.636289
0.65	0.35	0.616853
0.65	0.37	0.597552
0.65	0.39	0.578474
0.65	0.41	0.559687
0.65	0.43	0.541238
0.65	0.45	0.523159
0.65	0.47	0.505468
0.65	0.49	0.488176
0.65	0.51	0.471287
0.65	0.53	0.454802
0.65	0.55	0.438723
0.65	0.57	0.423053
0.65	0.59	0.4078
0.65	0.61	0.392979
0.65	0.63	0.378615
0.65	0.65	0.364741
0.65	0.67	0.351401
0.65	0.69	0.338653
0.65	0.71	0.326566
0.65	0.73	0.31522
0.65	0.75	0.304703
0.65	0.77	0.295111
0.65	0.79	0.286543
0.65	0.81	0.279092
0.65	0.83	0.272842
0.65	0.85	0.267855
0.65	0.87	0.26416
0.65	0.89	0.261738
0.65	0.91	0.260501
0.65	0.93	0.260273
0.65	0.95	0.260765
0.65	0.97	0.261551
0.65	0.99	0.262055
0.65	1	0.262055

0.67	0	0.832159
0.67	0.01	0.83216
0.67	0.03	0.831655
0.67	0.05	0.830096
0.67	0.07	0.827066
0.67	0.09	0.822265
0.67	0.11	0.815516
0.67	0.13	0.806749
0.67	0.15	0.795996
0.67	0.17	0.78337
0.67	0.19	0.76905
0.67	0.21	0.753259
0.67	0.23	0.736245
0.67	0.25	0.718263
0.67	0.27	0.699558
0.67	0.29	0.680359
0.67	0.31	0.660867
0.67	0.33	0.641257
0.67	0.35	0.621672
0.67	0.37	0.60223
0.67	0.39	0.583021
0.67	0.41	0.564114
0.67	0.43	0.545559
0.67	0.45	0.527391
0.67	0.47	0.509631
0.67	0.49	0.492294
0.67	0.51	0.475388
0.67	0.53	0.458918
0.67	0.55	0.442889
0.67	0.57	0.427307
0.67	0.59	0.412183
0.67	0.61	0.397535
0.67	0.63	0.383386
0.67	0.65	0.36977
0.67	0.67	0.356731
0.67	0.69	0.344324
0.67	0.71	0.332615
0.67	0.73	0.32168
0.67	0.75	0.311603
0.67	0.77	0.302476
0.67	0.79	0.294391
0.67	0.81	0.287438
0.67	0.83	0.281696
0.67	0.85	0.277224
0.67	0.87	0.274045
0.67	0.89	0.272135
0.67	0.91	0.271398
0.67	0.93	0.271639
0.67	0.95	0.272542
0.67	0.97	0.273635
0.67	0.99	0.274272
0.67	1	0.274273

0.69	0	0.839935
0.69	0.01	0.839937
0.69	0.03	0.839403
0.69	0.05	0.837788
0.69	0.07	0.834677
0.69	0.09	0.829778
0.69	0.11	0.822918
0.69	0.13	0.814033
0.69	0.15	0.80316
0.69	0.17	0.790418
0.69	0.19	0.775989
0.69	0.21	0.760099
0.69	0.23	0.742997
0.69	0.25	0.724936
0.69	0.27	0.706161
0.69	0.29	0.686898
0.69	0.31	0.667347
0.69	0.33	0.64768
0.69	0.35	0.628038
0.69	0.37	0.60854
0.69	0.39	0.589274
0.69	0.41	0.570313
0.69	0.43	0.551708
0.69	0.45	0.533497
0.69	0.47	0.515706
0.69	0.49	0.498353
0.69	0.51	0.48145
0.69	0.53	0.465008
0.69	0.55	0.449035
0.69	0.57	0.433541
0.69	0.59	0.41854
0.69	0.61	0.404052
0.69	0.63	0.390101
0.69	0.65	0.376724
0.69	0.67	0.363964
0.69	0.69	0.351873
0.69	0.71	0.340517
0.69	0.73	0.329967
0.69	0.75	0.320305
0.69	0.77	0.311619
0.69	0.79	0.303998
0.69	0.81	0.297527
0.69	0.83	0.292283
0.69	0.85	0.288321
0.69	0.87	0.285662
0.69	0.89	0.284276
0.69	0.91	0.284057
0.69	0.93	0.284793
0.69	0.95	0.286137
0.69	0.97	0.287565
0.69	0.99	0.288352
0.69	1	0.288353

0.71	0	0.847962
0.71	0.01	0.847964
0.71	0.03	0.847405
0.71	0.05	0.845749
0.71	0.07	0.842587
0.71	0.09	0.837633
0.71	0.11	0.830721
0.71	0.13	0.821793
0.71	0.15	0.810891
0.71	0.17	0.798136
0.71	0.19	0.783713
0.71	0.21	0.767846
0.71	0.23	0.750784
0.71	0.25	0.732776
0.71	0.27	0.714062
0.71	0.29	0.694865
0.71	0.31	0.675379
0.71	0.33	0.655773
0.71	0.35	0.636187
0.71	0.37	0.616735
0.71	0.39	0.597508
0.71	0.41	0.578577
0.71	0.43	0.559997
0.71	0.45	0.541808
0.71	0.47	0.524041
0.71	0.49	0.506718
0.71	0.51	0.489856
0.71	0.53	0.473469
0.71	0.55	0.457571
0.71	0.57	0.442176
0.71	0.59	0.427302
0.71	0.61	0.41297
0.71	0.63	0.399211
0.71	0.65	0.386058
0.71	0.67	0.373557
0.71	0.69	0.361761
0.71	0.71	0.350732
0.71	0.73	0.340542
0.71	0.75	0.331269
0.71	0.77	0.322998
0.71	0.79	0.315815
0.71	0.81	0.309805
0.71	0.83	0.305042
0.71	0.85	0.301578
0.71	0.87	0.299433
0.71	0.89	0.298572
0.71	0.91	0.298879
0.71	0.93	0.300126
0.71	0.95	0.301933
0.71	0.97	0.303719
0.71	0.99	0.304671
0.71	1	0.304672

0.73	0	0.85626
0.73	0.01	0.856262
0.73	0.03	0.855686
0.73	0.05	0.854006
0.73	0.07	0.850823
0.73	0.09	0.845862
0.73	0.11	0.838964
0.73	0.13	0.830077
0.73	0.15	0.819247
0.73	0.17	0.806595
0.73	0.19	0.792306
0.73	0.21	0.776601
0.73	0.23	0.759723
0.73	0.25	0.741915
0.73	0.27	0.723413
0.73	0.29	0.704429
0.73	0.31	0.685153
0.73	0.33	0.665748
0.73	0.35	0.646349
0.73	0.37	0.627069
0.73	0.39	0.607997
0.73	0.41	0.589204
0.73	0.43	0.570746
0.73	0.45	0.552667
0.73	0.47	0.535001
0.73	0.49	0.517775
0.73	0.51	0.50101
0.73	0.53	0.484726
0.73	0.55	0.468941
0.73	0.57	0.453673
0.73	0.59	0.438945
0.73	0.61	0.424783
0.73	0.63	0.411217
0.73	0.65	0.398286
0.73	0.67	0.386035
0.73	0.69	0.374517
0.73	0.71	0.363796
0.73	0.73	0.353942
0.73	0.75	0.345031
0.73	0.77	0.337147
0.73	0.79	0.330375
0.73	0.81	0.324798
0.73	0.83	0.320489
0.73	0.85	0.3175
0.73	0.87	0.315849
0.73	0.89	0.315499
0.73	0.91	0.316326
0.73	0.93	0.318086
0.73	0.95	0.320365
0.73	0.97	0.322525
0.73	0.99	0.323653
0.73	1	0.323654

0.75	0	0.86485
0.75	0.01	0.864852
0.75	0.03	0.864264
0.75	0.05	0.862578
0.75	0.07	0.859409
0.75	0.09	0.854494
0.75	0.11	0.847683
0.75	0.13	0.83893
0.75	0.15	0.828282
0.75	0.17	0.815861
0.75	0.19	0.801846
0.75	0.21	0.786454
0.75	0.23	0.769918
0.75	0.25	0.752475
0.75	0.27	0.734348
0.75	0.29	0.715743
0.75	0.31	0.69684
0.75	0.33	0.677796
0.75	0.35	0.658739
0.75	0.37	0.639779
0.75	0.39	0.621001
0.75	0.41	0.602478
0.75	0.43	0.584266
0.75	0.45	0.566411
0.75	0.47	0.54895
0.75	0.49	0.531914
0.75	0.51	0.51533
0.75	0.53	0.499221
0.75	0.55	0.48361
0.75	0.57	0.468521
0.75	0.59	0.453981
0.75	0.61	0.440018
0.75	0.63	0.426668
0.75	0.65	0.413971
0.75	0.67	0.401974
0.75	0.69	0.390733
0.75	0.71	0.380309
0.75	0.73	0.370772
0.75	0.75	0.362201
0.75	0.77	0.354677
0.75	0.79	0.348285
0.75	0.81	0.343106
0.75	0.83	0.339215
0.75	0.85	0.336664
0.75	0.87	0.335473
0.75	0.89	0.335601
0.75	0.91	0.33692
0.75	0.93	0.339173
0.75	0.95	0.341915
0.75	0.97	0.34445
0.75	0.99	0.345761
0.75	1	0.345761

0.77	0	0.87375
0.77	0.01	0.873751
0.77	0.03	0.873159
0.77	0.05	0.871486
0.77	0.07	0.868368
0.77	0.09	0.863556
0.77	0.11	0.85691
0.77	0.13	0.848389
0.77	0.15	0.838041
0.77	0.17	0.825985
0.77	0.19	0.812395
0.77	0.21	0.797477
0.77	0.23	0.781455
0.77	0.25	0.764552
0.77	0.27	0.746981
0.77	0.29	0.728936
0.77	0.31	0.710587
0.77	0.33	0.692081
0.77	0.35	0.673542
0.77	0.37	0.655071
0.77	0.39	0.636753
0.77	0.41	0.618658
0.77	0.43	0.600841
0.77	0.45	0.583352
0.77	0.47	0.566229
0.77	0.49	0.549507
0.77	0.51	0.533215
0.77	0.53	0.517383
0.77	0.55	0.502039
0.77	0.57	0.487209
0.77	0.59	0.472925
0.77	0.61	0.459221
0.77	0.63	0.446133
0.77	0.65	0.433705
0.77	0.67	0.421987
0.77	0.69	0.411035
0.77	0.71	0.400912
0.77	0.73	0.391689
0.77	0.75	0.383443
0.77	0.77	0.376255
0.77	0.79	0.370211
0.77	0.81	0.365392
0.77	0.83	0.361874
0.77	0.85	0.359712
0.77	0.87	0.358925
0.77	0.89	0.359476
0.77	0.91	0.361235
0.77	0.93	0.363935
0.77	0.95	0.367105
0.77	0.97	0.369996
0.77	0.99	0.371487
0.77	1	0.371487

0.79	0	0.882975
0.79	0.01	0.882976
0.79	0.03	0.882385
0.79	0.05	0.880746
0.79	0.07	0.877718
0.79	0.09	0.873069
0.79	0.11	0.866669
0.79	0.13	0.858483
0.79	0.15	0.848558
0.79	0.17	0.837009
0.79	0.19	0.823999
0.79	0.21	0.809723
0.79	0.23	0.794392
0.79	0.25	0.778215
0.79	0.27	0.76139
0.79	0.29	0.744098
0.79	0.31	0.726498
0.79	0.33	0.708725
0.79	0.35	0.690896
0.79	0.37	0.673106
0.79	0.39	0.655435
0.79	0.41	0.63795
0.79	0.43	0.620707
0.79	0.45	0.603754
0.79	0.47	0.587131
0.79	0.49	0.570877
0.79	0.51	0.555024
0.79	0.53	0.539605
0.79	0.55	0.524651
0.79	0.57	0.510194
0.79	0.59	0.496268
0.79	0.61	0.48291
0.79	0.63	0.470161
0.79	0.65	0.458067
0.79	0.67	0.446679
0.79	0.69	0.436055
0.79	0.71	0.426258
0.79	0.73	0.41736
0.79	0.75	0.409437
0.79	0.77	0.402572
0.79	0.79	0.396849
0.79	0.81	0.392351
0.79	0.83	0.389155
0.79	0.85	0.387318
0.79	0.87	0.386863
0.79	0.89	0.387758
0.79	0.91	0.389875
0.79	0.93	0.392943
0.79	0.95	0.396476
0.79	0.97	0.39968
0.79	0.99	0.401336
0.79	1	0.401337

0.81	0	0.892538
0.81	0.01	0.892539
0.81	0.03	0.891958
0.81	0.05	0.890375
0.81	0.07	0.887476
0.81	0.09	0.88305
0.81	0.11	0.876979
0.81	0.13	0.869232
0.81	0.15	0.859854
0.81	0.17	0.848952
0.81	0.19	0.83668
0.81	0.21	0.823217
0.81	0.23	0.808758
0.81	0.25	0.793496
0.81	0.27	0.777613
0.81	0.29	0.761274
0.81	0.31	0.744626
0.81	0.33	0.727793
0.81	0.35	0.710881
0.81	0.37	0.693978
0.81	0.39	0.67716
0.81	0.41	0.66049
0.81	0.43	0.644021
0.81	0.45	0.6278
0.81	0.47	0.61187
0.81	0.49	0.596269
0.81	0.51	0.581032
0.81	0.53	0.566194
0.81	0.55	0.551789
0.81	0.57	0.537852
0.81	0.59	0.524421
0.81	0.61	0.511534
0.81	0.63	0.499236
0.81	0.65	0.487572
0.81	0.67	0.476597
0.81	0.69	0.466367
0.81	0.71	0.456948
0.81	0.73	0.448411
0.81	0.75	0.44083
0.81	0.77	0.434289
0.81	0.79	0.428871
0.81	0.81	0.42466
0.81	0.83	0.421732
0.81	0.85	0.42015
0.81	0.87	0.419941
0.81	0.89	0.421078
0.81	0.91	0.423442
0.81	0.93	0.426767
0.81	0.95	0.430561
0.81	0.97	0.434003
0.81	0.99	0.435796
0.81	1	0.435797

0.83	0	0.90245
0.83	0.01	0.902451
0.83	0.03	0.901888
0.83	0.05	0.900382
0.83	0.07	0.897653
0.83	0.09	0.893511
0.83	0.11	0.88785
0.83	0.13	0.880643
0.83	0.15	0.871933
0.83	0.17	0.861817
0.83	0.19	0.850436
0.83	0.21	0.837953
0.83	0.23	0.824544
0.83	0.25	0.810384
0.83	0.27	0.795638
0.83	0.29	0.780454
0.83	0.31	0.764964
0.83	0.33	0.749281
0.83	0.35	0.733499
0.83	0.37	0.717701
0.83	0.39	0.701954
0.83	0.41	0.686316
0.83	0.43	0.67084
0.83	0.45	0.655569
0.83	0.47	0.640546
0.83	0.49	0.625807
0.83	0.51	0.611391
0.83	0.53	0.597333
0.83	0.55	0.583667
0.83	0.57	0.570432
0.83	0.59	0.557666
0.83	0.61	0.545409
0.83	0.63	0.533706
0.83	0.65	0.522605
0.83	0.67	0.512158
0.83	0.69	0.502424
0.83	0.71	0.493466
0.83	0.73	0.485352
0.83	0.75	0.478159
0.83	0.77	0.471964
0.83	0.79	0.466852
0.83	0.81	0.462905
0.83	0.83	0.4602
0.83	0.85	0.458802
0.83	0.87	0.458743
0.83	0.89	0.460006
0.83	0.91	0.462483
0.83	0.93	0.465921
0.83	0.95	0.469841
0.83	0.97	0.473413
0.83	0.99	0.475295
0.83	1	0.475296

0.85	0	0.912719
0.85	0.01	0.91272
0.85	0.03	0.912182
0.85	0.05	0.910777
0.85	0.07	0.908257
0.85	0.09	0.904456
0.85	0.11	0.899282
0.85	0.13	0.892711
0.85	0.15	0.884782
0.85	0.17	0.875584
0.85	0.19	0.865238
0.85	0.21	0.853893
0.85	0.23	0.841703
0.85	0.25	0.828823
0.85	0.27	0.815399
0.85	0.29	0.801564
0.85	0.31	0.787433
0.85	0.33	0.773106
0.85	0.35	0.758667
0.85	0.37	0.74419
0.85	0.39	0.729735
0.85	0.41	0.715356
0.85	0.43	0.701099
0.85	0.45	0.687006
0.85	0.47	0.673117
0.85	0.49	0.659469
0.85	0.51	0.646098
0.85	0.53	0.633039
0.85	0.55	0.620327
0.85	0.57	0.608001
0.85	0.59	0.596098
0.85	0.61	0.584658
0.85	0.63	0.573727
0.85	0.65	0.563351
0.85	0.67	0.553581
0.85	0.69	0.544473
0.85	0.71	0.536089
0.85	0.73	0.528494
0.85	0.75	0.52176
0.85	0.77	0.515963
0.85	0.79	0.511182
0.85	0.81	0.507497
0.85	0.83	0.504984
0.85	0.85	0.503708
0.85	0.87	0.503708
0.85	0.89	0.504975
0.85	0.91	0.507417
0.85	0.93	0.510804
0.85	0.95	0.514683
0.85	0.97	0.518247
0.85	0.99	0.520151
0.85	1	0.520151

0.87	0	0.923349
0.87	0.01	0.923349
0.87	0.03	0.922846
0.87	0.05	0.921563
0.87	0.07	0.91929
0.87	0.09	0.915884
0.87	0.11	0.911267
0.87	0.13	0.905419
0.87	0.15	0.898374
0.87	0.17	0.890208
0.87	0.19	0.881029
0.87	0.21	0.870962
0.87	0.23	0.860143
0.87	0.25	0.848705
0.87	0.27	0.836775
0.87	0.29	0.824467
0.87	0.31	0.811882
0.87	0.33	0.799105
0.87	0.35	0.786211
0.87	0.37	0.773262
0.87	0.39	0.760313
0.87	0.41	0.74741
0.87	0.43	0.734596
0.87	0.45	0.721908
0.87	0.47	0.709384
0.87	0.49	0.697057
0.87	0.51	0.684961
0.87	0.53	0.67313
0.87	0.55	0.661598
0.87	0.57	0.650401
0.87	0.59	0.639575
0.87	0.61	0.62916
0.87	0.63	0.619196
0.87	0.65	0.60973
0.87	0.67	0.600809
0.87	0.69	0.592485
0.87	0.71	0.584815
0.87	0.73	0.57786
0.87	0.75	0.571685
0.87	0.77	0.566362
0.87	0.79	0.561964
0.87	0.81	0.558565
0.87	0.83	0.556238
0.87	0.85	0.555045
0.87	0.87	0.555028
0.87	0.89	0.556188
0.87	0.91	0.558451
0.87	0.93	0.561616
0.87	0.95	0.565272
0.87	0.97	0.568667
0.87	0.99	0.570507
0.87	1	0.570508

0.89	0	0.934335
0.89	0.01	0.934336
0.89	0.03	0.933878
0.89	0.05	0.932738
0.89	0.07	0.930746
0.89	0.09	0.927783
0.89	0.11	0.923784
0.89	0.13	0.918733
0.89	0.15	0.912659
0.89	0.17	0.905626
0.89	0.19	0.897722
0.89	0.21	0.889055
0.89	0.23	0.879737
0.89	0.25	0.869881
0.89	0.27	0.859592
0.89	0.29	0.848967
0.89	0.31	0.838091
0.89	0.33	0.827036
0.89	0.35	0.815865
0.89	0.37	0.804632
0.89	0.39	0.793383
0.89	0.41	0.782157
0.89	0.43	0.770993
0.89	0.45	0.759923
0.89	0.47	0.748979
0.89	0.49	0.738192
0.89	0.51	0.727593
0.89	0.53	0.717212
0.89	0.55	0.707081
0.89	0.57	0.697231
0.89	0.59	0.687698
0.89	0.61	0.678515
0.89	0.63	0.669722
0.89	0.65	0.661358
0.89	0.67	0.653468
0.89	0.69	0.646097
0.89	0.71	0.639296
0.89	0.73	0.63312
0.89	0.75	0.627627
0.89	0.77	0.622879
0.89	0.79	0.61894
0.89	0.81	0.615879
0.89	0.83	0.613759
0.89	0.85	0.612639
0.89	0.87	0.61256
0.89	0.89	0.613529
0.89	0.91	0.61549
0.89	0.93	0.618276
0.89	0.95	0.621532
0.89	0.97	0.62459
0.89	0.99	0.626274
0.89	1	0.626274

0.91	0	0.945669
0.91	0.01	0.945669
0.91	0.03	0.945267
0.91	0.05	0.944292
0.91	0.07	0.942612
0.91	0.09	0.940133
0.91	0.11	0.936803
0.91	0.13	0.932609
0.91	0.15	0.927575
0.91	0.17	0.921751
0.91	0.19	0.91521
0.91	0.21	0.908037
0.91	0.23	0.900323
0.91	0.25	0.892158
0.91	0.27	0.883629
0.91	0.29	0.874814
0.91	0.31	0.86578
0.91	0.33	0.856589
0.91	0.35	0.847291
0.91	0.37	0.83793
0.91	0.39	0.828544
0.91	0.41	0.819168
0.91	0.43	0.809831
0.91	0.45	0.800562
0.91	0.47	0.791387
0.91	0.49	0.782334
0.91	0.51	0.773428
0.91	0.53	0.764695
0.91	0.55	0.756163
0.91	0.57	0.74786
0.91	0.59	0.739815
0.91	0.61	0.732059
0.91	0.63	0.724624
0.91	0.65	0.717545
0.91	0.67	0.71086
0.91	0.69	0.704608
0.91	0.71	0.698832
0.91	0.73	0.693577
0.91	0.75	0.688893
0.91	0.77	0.684831
0.91	0.79	0.681446
0.91	0.81	0.678795
0.91	0.83	0.676932
0.91	0.85	0.675907
0.91	0.87	0.675756
0.91	0.89	0.67649
0.91	0.91	0.678068
0.91	0.93	0.680357
0.91	0.95	0.683067
0.91	0.97	0.68564
0.91	0.99	0.687075
0.91	1	0.687075

0.93	0	0.957328
0.93	0.01	0.957329
0.93	0.03	0.956993
0.93	0.05	0.956205
0.93	0.07	0.954864
0.93	0.09	0.952902
0.93	0.11	0.950279
0.93	0.13	0.946987
0.93	0.15	0.943042
0.93	0.17	0.938482
0.93	0.19	0.933364
0.93	0.21	0.927751
0.93	0.23	0.921713
0.93	0.25	0.915318
0.93	0.27	0.908634
0.93	0.29	0.901719
0.93	0.31	0.894628
0.93	0.33	0.887406
0.93	0.35	0.880093
0.93	0.37	0.872724
0.93	0.39	0.865329
0.93	0.41	0.857934
0.93	0.43	0.850563
0.93	0.45	0.843239
0.93	0.47	0.835983
0.93	0.49	0.828816
0.93	0.51	0.82176
0.93	0.53	0.814836
0.93	0.55	0.808065
0.93	0.57	0.80147
0.93	0.59	0.795076
0.93	0.61	0.788906
0.93	0.63	0.782987
0.93	0.65	0.777348
0.93	0.67	0.772017
0.93	0.69	0.767027
0.93	0.71	0.76241
0.93	0.73	0.758205
0.93	0.75	0.754448
0.93	0.77	0.751181
0.93	0.79	0.748446
0.93	0.81	0.746286
0.93	0.83	0.744746
0.93	0.85	0.743863
0.93	0.87	0.743666
0.93	0.89	0.744165
0.93	0.91	0.74533
0.93	0.93	0.74706
0.93	0.95	0.749133
0.93	0.97	0.751118
0.93	0.99	0.752233
0.93	1	0.752233

0.95	0	0.969277
0.95	0.01	0.969277
0.95	0.03	0.969023
0.95	0.05	0.968439
0.95	0.07	0.967461
0.95	0.09	0.966042
0.95	0.11	0.964154
0.95	0.13	0.961791
0.95	0.15	0.958964
0.95	0.17	0.955701
0.95	0.19	0.95204
0.95	0.21	0.948024
0.95	0.23	0.943704
0.95	0.25	0.939126
0.95	0.27	0.934337
0.95	0.29	0.929381
0.95	0.31	0.924293
0.95	0.33	0.919108
0.95	0.35	0.913855
0.95	0.37	0.908557
0.95	0.39	0.903236
0.95	0.41	0.897912
0.95	0.43	0.892602
0.95	0.45	0.887322
0.95	0.47	0.882089
0.95	0.49	0.876916
0.95	0.51	0.87182
0.95	0.53	0.866817
0.95	0.55	0.861921
0.95	0.57	0.857151
0.95	0.59	0.852522
0.95	0.61	0.848054
0.95	0.63	0.843766
0.95	0.65	0.839677
0.95	0.67	0.83581
0.95	0.69	0.832187
0.95	0.71	0.828834
0.95	0.73	0.825774
0.95	0.75	0.823038
0.95	0.77	0.820652
0.95	0.79	0.818648
0.95	0.81	0.817055
0.95	0.83	0.815904
0.95	0.85	0.815222
0.95	0.87	0.815028
0.95	0.89	0.815328
0.95	0.91	0.816098
0.95	0.93	0.817269
0.95	0.95	0.818685
0.95	0.97	0.820043
0.95	0.99	0.820803
0.95	1	0.820804

0.97	0	0.98146
0.97	0.01	0.981461
0.97	0.03	0.9813
0.97	0.05	0.98094
0.97	0.07	0.980344
0.97	0.09	0.979485
0.97	0.11	0.978348
0.97	0.13	0.976928
0.97	0.15	0.975233
0.97	0.17	0.973278
0.97	0.19	0.971085
0.97	0.21	0.96868
0.97	0.23	0.966091
0.97	0.25	0.963347
0.97	0.27	0.960476
0.97	0.29	0.957502
0.97	0.31	0.954448
0.97	0.33	0.951333
0.97	0.35	0.948176
0.97	0.37	0.94499
0.97	0.39	0.94179
0.97	0.41	0.938585
0.97	0.43	0.935388
0.97	0.45	0.932208
0.97	0.47	0.929055
0.97	0.49	0.925937
0.97	0.51	0.922864
0.97	0.53	0.919845
0.97	0.55	0.916891
0.97	0.57	0.914012
0.97	0.59	0.911217
0.97	0.61	0.908518
0.97	0.63	0.905927
0.97	0.65	0.903455
0.97	0.67	0.901117
0.97	0.69	0.898925
0.97	0.71	0.896896
0.97	0.73	0.895043
0.97	0.75	0.893384
0.97	0.77	0.891935
0.97	0.79	0.890715
0.97	0.81	0.889742
0.97	0.83	0.889033
0.97	0.85	0.888603
0.97	0.87	0.888463
0.97	0.89	0.888614
0.97	0.91	0.889041
0.97	0.93	0.889701
0.97	0.95	0.890501
0.97	0.97	0.891263
0.97	0.99	0.891682
0.97	1	0.891682

0.99	0	0.993801
0.99	0.01	0.993801
0.99	0.03	0.993746
0.99	0.05	0.993624
0.99	0.07	0.993424
0.99	0.09	0.993137
0.99	0.11	0.992757
0.99	0.13	0.992285
0.99	0.15	0.991721
0.99	0.17	0.991071
0.99	0.19	0.990343
0.99	0.21	0.989543
0.99	0.23	0.988683
0.99	0.25	0.987771
0.99	0.27	0.986816
0.99	0.29	0.985827
0.99	0.31	0.98481
0.99	0.33	0.983773
0.99	0.35	0.982722
0.99	0.37	0.981661
0.99	0.39	0.980594
0.99	0.41	0.979526
0.99	0.43	0.97846
0.99	0.45	0.9774
0.99	0.47	0.976348
0.99	0.49	0.975307
0.99	0.51	0.974282
0.99	0.53	0.973274
0.99	0.55	0.972288
0.99	0.57	0.971326
0.99	0.59	0.970392
0.99	0.61	0.96949
0.99	0.63	0.968624
0.99	0.65	0.967797
0.99	0.67	0.967015
0.99	0.69	0.966282
0.99	0.71	0.965602
0.99	0.73	0.964982
0.99	0.75	0.964425
0.99	0.77	0.963939
0.99	0.79	0.96353
0.99	0.81	0.963202
0.99	0.83	0.962962
0.99	0.85	0.962815
0.99	0.87	0.962763
0.99	0.89	0.962808
0.99	0.91	0.962943
0.99	0.93	0.963153
0.99	0.95	0.963408
0.99	0.97	0.963648
0.99	0.99	0.963777
0.99	1	0.963777

1	0	1
1	0.01	1
1	0.03	1
1	0.05	1
1	0.07	1
1	0.09	1
1	0.11	1
1	0.13	1
1	0.15	1
1	0.17	1
1	0.19	1
1	0.21	1
1	0.23	1
1	0.25	1
1	0.27	1
1	0.29	1
1	0.31	1
1	0.33	1
1	0.35	1
1	0.37	1
1	0.39	1
1	0.41	1
1	0.43	1
1	0.45	1
1	0.47	1
1	0.49	1
1	0.51	1
1	0.53	1
1	0.55	1
1	0.57	1
1	0.59	1
1	0.61	1
1	0.63	1
1	0.65	1
1	0.67	1
1	0.69	1
1	0.71	1
1	0.73	1
1	0.75	1
1	0.77	1
1	0.79	1
1	0.81	1
1	0.83	1
1	0.85	1
1	0.87	1
1	0.89	1
1	0.91	1
1	0.93	1
1	0.95	1
1	0.97	1
1	0.99	1
1	1	1

