0	0	0
0	0.01	0
0	0.03	0
0	0.05	0
0	0.07	0
0	0.09	0
0	0.11	0
0	0.13	0
0	0.15	0
0	0.17	0
0	0.19	0
0	0.21	0
0	0.23	0
0	0.25	0
0	0.27	0
0	0.29	0
0	0.31	0
0	0.33	0
0	0.35	0
0	0.37	0
0	0.39	0
0	0.41	0
0	0.43	0
0	0.45	0
0	0.47	0
0	0.49	0
0	0.51	0
0	0.53	0
0	0.55	0
0	0.57	0
0	0.59	0
0	0.61	0
0	0.63	0
0	0.65	0
0	0.67	0
0	0.69	0
0	0.71	0
0	0.73	0
0	0.75	0
0	0.77	0
0	0.79	0
0	0.81	0
0	0.83	0
0	0.85	0
0	0.87	0
0	0.89	0
0	0.91	0
0	0.93	0
0	0.95	0
0	0.97	0
0	0.99	0
0	1	0

0.01	0	0.0764907
0.01	0.01	0.0764908
0.01	0.03	0.0781751
0.01	0.05	0.0794752
0.01	0.07	0.0799551
0.01	0.09	0.0796947
0.01	0.11	0.0788861
0.01	0.13	0.0777072
0.01	0.15	0.0762917
0.01	0.17	0.0747315
0.01	0.19	0.0730856
0.01	0.21	0.071391
0.01	0.23	0.0696695
0.01	0.25	0.0679339
0.01	0.27	0.0661915
0.01	0.29	0.0644466
0.01	0.31	0.0627021
0.01	0.33	0.0609599
0.01	0.35	0.0592218
0.01	0.37	0.0574892
0.01	0.39	0.0557635
0.01	0.41	0.0540457
0.01	0.43	0.0523363
0.01	0.45	0.0506357
0.01	0.47	0.0489432
0.01	0.49	0.0472577
0.01	0.51	0.0455772
0.01	0.53	0.043899
0.01	0.55	0.0422197
0.01	0.57	0.0405354
0.01	0.59	0.0388421
0.01	0.61	0.0371354
0.01	0.63	0.0354114
0.01	0.65	0.0336664
0.01	0.67	0.0318979
0.01	0.69	0.030104
0.01	0.71	0.0282842
0.01	0.73	0.0264388
0.01	0.75	0.0245693
0.01	0.77	0.0226784
0.01	0.79	0.0207703
0.01	0.81	0.0188533
0.01	0.83	0.0169421
0.01	0.85	0.0150633
0.01	0.87	0.0132594
0.01	0.89	0.0115909
0.01	0.91	0.0101327
0.01	0.93	0.00896079
0.01	0.95	0.00813392
0.01	0.97	0.00767233
0.01	0.99	0.00754435
0.01	1	0.00754436

0.03	0	0.224651
0.03	0.01	0.224651
0.03	0.03	0.22985
0.03	0.05	0.234006
0.03	0.07	0.235775
0.03	0.09	0.235358
0.03	0.11	0.233297
0.03	0.13	0.230106
0.03	0.15	0.226175
0.03	0.17	0.221776
0.03	0.19	0.217089
0.03	0.21	0.212228
0.03	0.23	0.207261
0.03	0.25	0.202232
0.03	0.27	0.197164
0.03	0.29	0.192073
0.03	0.31	0.186969
0.03	0.33	0.181861
0.03	0.35	0.176754
0.03	0.37	0.171654
0.03	0.39	0.166567
0.03	0.41	0.161495
0.03	0.43	0.156443
0.03	0.45	0.151411
0.03	0.47	0.146399
0.03	0.49	0.141404
0.03	0.51	0.136422
0.03	0.53	0.131443
0.03	0.55	0.12646
0.03	0.57	0.12146
0.03	0.59	0.11643
0.03	0.61	0.111357
0.03	0.63	0.106229
0.03	0.65	0.101034
0.03	0.67	0.0957627
0.03	0.69	0.0904089
0.03	0.71	0.08497
0.03	0.73	0.0794469
0.03	0.75	0.0738437
0.03	0.77	0.0681681
0.03	0.79	0.0624329
0.03	0.81	0.0566612
0.03	0.83	0.0508962
0.03	0.85	0.0452154
0.03	0.87	0.039747
0.03	0.89	0.0346773
0.03	0.91	0.0302394
0.03	0.93	0.026674
0.03	0.95	0.0241671
0.03	0.97	0.0227817
0.03	0.99	0.0224106
0.03	1	0.0224107

0.05	0	0.35798
0.05	0.01	0.35798
0.05	0.03	0.366314
0.05	0.05	0.373365
0.05	0.07	0.376847
0.05	0.09	0.376929
0.05	0.11	0.374387
0.05	0.13	0.36999
0.05	0.15	0.364341
0.05	0.17	0.357866
0.05	0.19	0.350852
0.05	0.21	0.343487
0.05	0.23	0.335889
0.05	0.25	0.328132
0.05	0.27	0.320262
0.05	0.29	0.312312
0.05	0.31	0.304302
0.05	0.33	0.296251
0.05	0.35	0.288172
0.05	0.37	0.280079
0.05	0.39	0.271982
0.05	0.41	0.263891
0.05	0.43	0.255814
0.05	0.45	0.247756
0.05	0.47	0.239717
0.05	0.49	0.231695
0.05	0.51	0.223683
0.05	0.53	0.215671
0.05	0.55	0.207643
0.05	0.57	0.199581
0.05	0.59	0.191464
0.05	0.61	0.183268
0.05	0.63	0.17497
0.05	0.65	0.16655
0.05	0.67	0.15799
0.05	0.69	0.149276
0.05	0.71	0.140402
0.05	0.73	0.131366
0.05	0.75	0.122174
0.05	0.77	0.112839
0.05	0.79	0.103379
0.05	0.81	0.0938333
0.05	0.83	0.0842689
0.05	0.85	0.0748129
0.05	0.87	0.0656792
0.05	0.89	0.0571858
0.05	0.91	0.049737
0.05	0.93	0.0437556
0.05	0.95	0.0395691
0.05	0.97	0.0372854
0.05	0.99	0.0367021
0.05	1	0.0367021

0.07	0	0.468793
0.07	0.01	0.468793
0.07	0.03	0.478788
0.07	0.05	0.487832
0.07	0.07	0.492913
0.07	0.09	0.493963
0.07	0.11	0.491762
0.07	0.13	0.487168
0.07	0.15	0.480885
0.07	0.17	0.473428
0.07	0.19	0.465156
0.07	0.21	0.456309
0.07	0.23	0.447047
0.07	0.25	0.437476
0.07	0.27	0.427667
0.07	0.29	0.417671
0.07	0.31	0.407526
0.07	0.33	0.397263
0.07	0.35	0.386908
0.07	0.37	0.376485
0.07	0.39	0.366015
0.07	0.41	0.355516
0.07	0.43	0.345003
0.07	0.45	0.334486
0.07	0.47	0.323971
0.07	0.49	0.313458
0.07	0.51	0.302942
0.07	0.53	0.29241
0.07	0.55	0.281842
0.07	0.57	0.271216
0.07	0.59	0.260501
0.07	0.61	0.249664
0.07	0.63	0.238671
0.07	0.65	0.22749
0.07	0.67	0.216089
0.07	0.69	0.204446
0.07	0.71	0.192544
0.07	0.73	0.180376
0.07	0.75	0.167946
0.07	0.77	0.155268
0.07	0.79	0.142367
0.07	0.81	0.129294
0.07	0.83	0.116142
0.07	0.85	0.103088
0.07	0.87	0.0904308
0.07	0.89	0.0786246
0.07	0.91	0.0682522
0.07	0.93	0.0599269
0.07	0.95	0.0541246
0.07	0.97	0.0509972
0.07	0.99	0.0502327
0.07	1	0.0502327

0.09	0	0.555057
0.09	0.01	0.555057
0.09	0.03	0.565014
0.09	0.05	0.574621
0.09	0.07	0.580585
0.09	0.09	0.582533
0.09	0.11	0.581064
0.09	0.13	0.576956
0.09	0.15	0.57089
0.09	0.17	0.563389
0.09	0.19	0.55483
0.09	0.21	0.545476
0.09	0.23	0.53551
0.09	0.25	0.52506
0.09	0.27	0.514218
0.09	0.29	0.503053
0.09	0.31	0.491621
0.09	0.33	0.479967
0.09	0.35	0.468133
0.09	0.37	0.456154
0.09	0.39	0.444064
0.09	0.41	0.431891
0.09	0.43	0.419659
0.09	0.45	0.407387
0.09	0.47	0.395087
0.09	0.49	0.382765
0.09	0.51	0.370416
0.09	0.53	0.35803
0.09	0.55	0.345585
0.09	0.57	0.333053
0.09	0.59	0.320397
0.09	0.61	0.307574
0.09	0.63	0.294537
0.09	0.65	0.28124
0.09	0.67	0.267635
0.09	0.69	0.253683
0.09	0.71	0.239353
0.09	0.73	0.224627
0.09	0.75	0.209499
0.09	0.77	0.193979
0.09	0.79	0.178099
0.09	0.81	0.161919
0.09	0.83	0.145561
0.09	0.85	0.129251
0.09	0.87	0.113377
0.09	0.89	0.0985297
0.09	0.91	0.0854672
0.09	0.93	0.0749902
0.09	0.95	0.0677173
0.09	0.97	0.0638376
0.09	0.99	0.0629235
0.09	1	0.0629235

0.11	0	0.619209
0.11	0.01	0.61921
0.11	0.03	0.627962
0.11	0.05	0.636886
0.11	0.07	0.64284
0.11	0.09	0.645217
0.11	0.11	0.644373
0.11	0.13	0.640916
0.11	0.15	0.635423
0.11	0.17	0.62836
0.11	0.19	0.620077
0.11	0.21	0.610832
0.11	0.23	0.600808
0.11	0.25	0.590143
0.11	0.27	0.578941
0.11	0.29	0.567283
0.11	0.31	0.555239
0.11	0.33	0.542868
0.11	0.35	0.530223
0.11	0.37	0.517355
0.11	0.39	0.504307
0.11	0.41	0.49112
0.11	0.43	0.477827
0.11	0.45	0.464457
0.11	0.47	0.451029
0.11	0.49	0.437555
0.11	0.51	0.424036
0.11	0.53	0.410462
0.11	0.55	0.396813
0.11	0.57	0.383056
0.11	0.59	0.369149
0.11	0.61	0.355038
0.11	0.63	0.340664
0.11	0.65	0.325961
0.11	0.67	0.310866
0.11	0.69	0.295316
0.11	0.71	0.279259
0.11	0.73	0.262658
0.11	0.75	0.24549
0.11	0.77	0.227757
0.11	0.79	0.209487
0.11	0.81	0.190753
0.11	0.83	0.171704
0.11	0.85	0.152622
0.11	0.87	0.133983
0.11	0.89	0.11651
0.11	0.91	0.101128
0.11	0.93	0.0888057
0.11	0.95	0.0802869
0.11	0.97	0.0757844
0.11	0.99	0.074755
0.11	1	0.0747551

0.13	0	0.665645
0.13	0.01	0.665646
0.13	0.03	0.672715
0.13	0.05	0.680242
0.13	0.07	0.685498
0.13	0.09	0.687767
0.13	0.11	0.687192
0.13	0.13	0.684197
0.13	0.15	0.679228
0.13	0.17	0.672666
0.13	0.19	0.664812
0.13	0.21	0.655893
0.13	0.23	0.646084
0.13	0.25	0.635515
0.13	0.27	0.624296
0.13	0.29	0.612513
0.13	0.31	0.600245
0.13	0.33	0.587562
0.13	0.35	0.574527
0.13	0.37	0.561201
0.13	0.39	0.54764
0.13	0.41	0.533893
0.13	0.43	0.520007
0.13	0.45	0.506017
0.13	0.47	0.491954
0.13	0.49	0.477834
0.13	0.51	0.463666
0.13	0.53	0.449443
0.13	0.55	0.435146
0.13	0.57	0.420741
0.13	0.59	0.406178
0.13	0.61	0.391397
0.13	0.63	0.376324
0.13	0.65	0.360875
0.13	0.67	0.344964
0.13	0.69	0.328503
0.13	0.71	0.311414
0.13	0.73	0.29363
0.13	0.75	0.275106
0.13	0.77	0.255826
0.13	0.79	0.235812
0.13	0.81	0.215144
0.13	0.83	0.194001
0.13	0.85	0.17272
0.13	0.87	0.151868
0.13	0.89	0.132291
0.13	0.91	0.115062
0.13	0.93	0.10129
0.13	0.95	0.0918123
0.13	0.97	0.0868457
0.13	0.99	0.0857385
0.13	1	0.0857386

0.15	0	0.698863
0.15	0.01	0.698863
0.15	0.03	0.704253
0.15	0.05	0.710169
0.15	0.07	0.714376
0.15	0.09	0.716151
0.15	0.11	0.715493
0.15	0.13	0.712666
0.15	0.15	0.707997
0.15	0.17	0.701779
0.15	0.19	0.694257
0.15	0.21	0.685625
0.15	0.23	0.676034
0.15	0.25	0.665608
0.15	0.27	0.65445
0.15	0.29	0.64265
0.15	0.31	0.630291
0.15	0.33	0.617449
0.15	0.35	0.604197
0.15	0.37	0.590604
0.15	0.39	0.576738
0.15	0.41	0.562658
0.15	0.43	0.548421
0.15	0.45	0.534074
0.15	0.47	0.519655
0.15	0.49	0.505192
0.15	0.51	0.490697
0.15	0.53	0.476172
0.15	0.55	0.461599
0.15	0.57	0.446944
0.15	0.59	0.432156
0.15	0.61	0.417163
0.15	0.63	0.40188
0.15	0.65	0.386206
0.15	0.67	0.370029
0.15	0.69	0.353235
0.15	0.71	0.335711
0.15	0.73	0.31736
0.15	0.75	0.298106
0.15	0.77	0.277908
0.15	0.79	0.256776
0.15	0.81	0.234796
0.15	0.83	0.212174
0.15	0.85	0.189304
0.15	0.87	0.166841
0.15	0.89	0.145741
0.15	0.91	0.127196
0.15	0.93	0.112421
0.15	0.95	0.102304
0.15	0.97	0.0970482
0.15	0.99	0.0959016
0.15	1	0.0959017

0.17	0	0.722623
0.17	0.01	0.722624
0.17	0.03	0.726574
0.17	0.05	0.730975
0.17	0.07	0.734059
0.17	0.09	0.735161
0.17	0.11	0.734188
0.17	0.13	0.731291
0.17	0.15	0.726695
0.17	0.17	0.72062
0.17	0.19	0.713259
0.17	0.21	0.704771
0.17	0.23	0.695286
0.17	0.25	0.684914
0.17	0.27	0.673754
0.17	0.29	0.661893
0.17	0.31	0.649416
0.17	0.33	0.636405
0.17	0.35	0.62294
0.17	0.37	0.609099
0.17	0.39	0.594959
0.17	0.41	0.580593
0.17	0.43	0.566066
0.17	0.45	0.551438
0.17	0.47	0.536758
0.17	0.49	0.522064
0.17	0.51	0.507379
0.17	0.53	0.49271
0.17	0.55	0.478045
0.17	0.57	0.463354
0.17	0.59	0.448582
0.17	0.61	0.433655
0.17	0.63	0.418474
0.17	0.65	0.402922
0.17	0.67	0.386864
0.17	0.69	0.370156
0.17	0.71	0.352654
0.17	0.73	0.334221
0.17	0.75	0.31475
0.17	0.77	0.294169
0.17	0.79	0.272474
0.17	0.81	0.249751
0.17	0.83	0.226235
0.17	0.85	0.202374
0.17	0.87	0.178903
0.17	0.89	0.15687
0.17	0.91	0.137555
0.17	0.93	0.122231
0.17	0.95	0.111803
0.17	0.97	0.106431
0.17	0.99	0.105281
0.17	1	0.105281

0.19	0	0.739774
0.19	0.01	0.739775
0.19	0.03	0.742588
0.19	0.05	0.74571
0.19	0.07	0.747767
0.19	0.09	0.748173
0.19	0.11	0.746788
0.19	0.13	0.743683
0.19	0.15	0.739006
0.19	0.17	0.732919
0.19	0.19	0.725569
0.19	0.21	0.717085
0.19	0.23	0.707578
0.19	0.25	0.697146
0.19	0.27	0.685878
0.19	0.29	0.67386
0.19	0.31	0.661177
0.19	0.33	0.647915
0.19	0.35	0.634161
0.19	0.37	0.620002
0.19	0.39	0.605525
0.19	0.41	0.590814
0.19	0.43	0.575948
0.19	0.45	0.560998
0.19	0.47	0.546027
0.19	0.49	0.531084
0.19	0.51	0.516204
0.19	0.53	0.501405
0.19	0.55	0.486682
0.19	0.57	0.472011
0.19	0.59	0.45734
0.19	0.61	0.442591
0.19	0.63	0.427659
0.19	0.65	0.41241
0.19	0.67	0.396691
0.19	0.69	0.380328
0.19	0.71	0.363145
0.19	0.73	0.34497
0.19	0.75	0.325658
0.19	0.77	0.30511
0.19	0.79	0.283301
0.19	0.81	0.260323
0.19	0.83	0.236433
0.19	0.85	0.212132
0.19	0.87	0.18822
0.19	0.89	0.165815
0.19	0.91	0.146248
0.19	0.93	0.130807
0.19	0.95	0.12037
0.19	0.97	0.115041
0.19	0.99	0.11392
0.19	1	0.11392

0.21	0	0.752357
0.21	0.01	0.752358
0.21	0.03	0.754317
0.21	0.05	0.756428
0.21	0.07	0.757624
0.21	0.09	0.757402
0.21	0.11	0.755602
0.21	0.13	0.752238
0.21	0.15	0.747404
0.21	0.17	0.741214
0.21	0.19	0.73378
0.21	0.21	0.725205
0.21	0.23	0.715582
0.21	0.25	0.704997
0.21	0.27	0.693532
0.21	0.29	0.681269
0.21	0.31	0.668294
0.21	0.33	0.654694
0.21	0.35	0.640564
0.21	0.37	0.625997
0.21	0.39	0.611091
0.21	0.41	0.595942
0.21	0.43	0.580642
0.21	0.45	0.565277
0.21	0.47	0.549922
0.21	0.49	0.534643
0.21	0.51	0.519486
0.21	0.53	0.504481
0.21	0.55	0.489638
0.21	0.57	0.474938
0.21	0.59	0.460337
0.21	0.61	0.445758
0.21	0.63	0.431091
0.21	0.65	0.416194
0.21	0.67	0.400893
0.21	0.69	0.384993
0.21	0.71	0.368286
0.21	0.73	0.350568
0.21	0.75	0.331662
0.21	0.77	0.311439
0.21	0.79	0.28986
0.21	0.81	0.267017
0.21	0.83	0.243193
0.21	0.85	0.218929
0.21	0.87	0.19508
0.21	0.89	0.172806
0.21	0.91	0.153449
0.21	0.93	0.138269
0.21	0.95	0.128085
0.21	0.97	0.122932
0.21	0.99	0.121866
0.21	1	0.121866

0.23	0	0.761801
0.23	0.01	0.761802
0.23	0.03	0.763138
0.23	0.05	0.76448
0.23	0.07	0.764994
0.23	0.09	0.76425
0.23	0.11	0.762079
0.23	0.13	0.758461
0.23	0.15	0.753447
0.23	0.17	0.747116
0.23	0.19	0.739552
0.23	0.21	0.730835
0.23	0.23	0.721045
0.23	0.25	0.710255
0.23	0.27	0.698541
0.23	0.29	0.68598
0.23	0.31	0.672656
0.23	0.33	0.65866
0.23	0.35	0.644088
0.23	0.37	0.629043
0.23	0.39	0.613631
0.23	0.41	0.59796
0.23	0.43	0.582135
0.23	0.45	0.566255
0.23	0.47	0.550413
0.23	0.49	0.534688
0.23	0.51	0.519142
0.23	0.53	0.503821
0.23	0.55	0.488746
0.23	0.57	0.473912
0.23	0.59	0.459284
0.23	0.61	0.44479
0.23	0.63	0.43032
0.23	0.65	0.415726
0.23	0.67	0.400823
0.23	0.69	0.385396
0.23	0.71	0.369213
0.23	0.73	0.352042
0.23	0.75	0.333675
0.23	0.77	0.313964
0.23	0.79	0.292856
0.23	0.81	0.270447
0.23	0.83	0.24704
0.23	0.85	0.223213
0.23	0.87	0.199852
0.23	0.89	0.17813
0.23	0.91	0.159367
0.23	0.93	0.144759
0.23	0.95	0.135036
0.23	0.97	0.130162
0.23	0.99	0.129168
0.23	1	0.129168

0.25	0	0.769088
0.25	0.01	0.769089
0.25	0.03	0.769978
0.25	0.05	0.770752
0.25	0.07	0.770744
0.25	0.09	0.769584
0.25	0.11	0.767104
0.25	0.13	0.76326
0.25	0.15	0.758073
0.25	0.17	0.751594
0.25	0.19	0.743885
0.25	0.21	0.735011
0.25	0.23	0.725036
0.25	0.25	0.714025
0.25	0.27	0.702045
0.25	0.29	0.689168
0.25	0.31	0.675477
0.25	0.33	0.66106
0.25	0.35	0.646018
0.25	0.37	0.630458
0.25	0.39	0.614496
0.25	0.41	0.598249
0.25	0.43	0.581834
0.25	0.45	0.565366
0.25	0.47	0.54895
0.25	0.49	0.532682
0.25	0.51	0.516641
0.25	0.53	0.500888
0.25	0.55	0.485461
0.25	0.57	0.47037
0.25	0.59	0.455591
0.25	0.61	0.44106
0.25	0.63	0.426674
0.25	0.65	0.412282
0.25	0.67	0.397693
0.25	0.69	0.382679
0.25	0.71	0.36699
0.25	0.73	0.350371
0.25	0.75	0.332597
0.25	0.77	0.313499
0.25	0.79	0.29302
0.25	0.81	0.27126
0.25	0.83	0.248542
0.25	0.85	0.225466
0.25	0.87	0.202932
0.25	0.89	0.1821
0.25	0.91	0.164229
0.25	0.93	0.150424
0.25	0.95	0.141314
0.25	0.97	0.136789
0.25	0.99	0.135877
0.25	1	0.135878

0.27	0	0.774894
0.27	0.01	0.774894
0.27	0.03	0.775466
0.27	0.05	0.775825
0.27	0.07	0.775425
0.27	0.09	0.773942
0.27	0.11	0.771212
0.27	0.13	0.767175
0.27	0.15	0.76183
0.27	0.17	0.75521
0.27	0.19	0.747359
0.27	0.21	0.73833
0.27	0.23	0.728174
0.27	0.25	0.716948
0.27	0.27	0.704711
0.27	0.29	0.69153
0.27	0.31	0.677482
0.27	0.33	0.662654
0.27	0.35	0.647147
0.27	0.37	0.631072
0.27	0.39	0.614551
0.27	0.41	0.597709
0.27	0.43	0.580675
0.27	0.45	0.563575
0.27	0.47	0.546531
0.27	0.49	0.529651
0.27	0.51	0.513032
0.27	0.53	0.496753
0.27	0.55	0.480868
0.27	0.57	0.465402
0.27	0.59	0.450346
0.27	0.61	0.435651
0.27	0.63	0.421219
0.27	0.65	0.406905
0.27	0.67	0.392516
0.27	0.69	0.377817
0.27	0.71	0.362547
0.27	0.73	0.346438
0.27	0.75	0.32925
0.27	0.77	0.310808
0.27	0.79	0.291052
0.27	0.81	0.270089
0.27	0.83	0.248258
0.27	0.85	0.226169
0.27	0.87	0.204717
0.27	0.89	0.185019
0.27	0.91	0.168253
0.27	0.93	0.155409
0.27	0.95	0.147006
0.27	0.97	0.142868
0.27	0.99	0.142045
0.27	1	0.142045

0.29	0	0.77968
0.29	0.01	0.77968
0.29	0.03	0.780027
0.29	0.05	0.780084
0.29	0.07	0.779391
0.29	0.09	0.777658
0.29	0.11	0.774724
0.29	0.13	0.770521
0.29	0.15	0.765033
0.29	0.17	0.758279
0.29	0.19	0.750292
0.29	0.21	0.741115
0.29	0.23	0.730792
0.29	0.25	0.71937
0.29	0.27	0.706901
0.29	0.29	0.693445
0.29	0.31	0.679071
0.29	0.33	0.663865
0.29	0.35	0.647925
0.29	0.37	0.631363
0.29	0.39	0.614304
0.29	0.41	0.596882
0.29	0.43	0.579232
0.29	0.45	0.561493
0.29	0.47	0.543797
0.29	0.49	0.52627
0.29	0.51	0.509023
0.29	0.53	0.492151
0.29	0.55	0.475725
0.29	0.57	0.45979
0.29	0.59	0.444351
0.29	0.61	0.429374
0.29	0.63	0.414774
0.29	0.65	0.400413
0.29	0.67	0.386102
0.29	0.69	0.371606
0.29	0.71	0.35666
0.29	0.73	0.34099
0.29	0.75	0.324352
0.29	0.77	0.306569
0.29	0.79	0.287583
0.29	0.81	0.267513
0.29	0.83	0.246703
0.29	0.85	0.225766
0.29	0.87	0.205569
0.29	0.89	0.187167
0.29	0.91	0.171636
0.29	0.93	0.159841
0.29	0.95	0.152191
0.29	0.97	0.148456
0.29	0.99	0.14772
0.29	1	0.14772

0.31	0	0.783765
0.31	0.01	0.783765
0.31	0.03	0.783952
0.31	0.05	0.783789
0.31	0.07	0.782873
0.31	0.09	0.78094
0.31	0.11	0.777835
0.31	0.13	0.773481
0.31	0.15	0.767856
0.31	0.17	0.76097
0.31	0.19	0.75285
0.31	0.21	0.743533
0.31	0.23	0.733056
0.31	0.25	0.72146
0.31	0.27	0.70879
0.31	0.29	0.695096
0.31	0.31	0.680442
0.31	0.33	0.664905
0.31	0.35	0.648581
0.31	0.37	0.63158
0.31	0.39	0.614029
0.31	0.41	0.596064
0.31	0.43	0.577829
0.31	0.45	0.559471
0.31	0.47	0.541133
0.31	0.49	0.522953
0.31	0.51	0.505058
0.31	0.53	0.487557
0.31	0.55	0.47054
0.31	0.57	0.454068
0.31	0.59	0.438164
0.31	0.61	0.42281
0.31	0.63	0.407937
0.31	0.65	0.393417
0.31	0.67	0.379072
0.31	0.69	0.364671
0.31	0.71	0.349951
0.31	0.73	0.334643
0.31	0.75	0.318502
0.31	0.77	0.301357
0.31	0.79	0.283159
0.31	0.81	0.264032
0.31	0.83	0.244327
0.31	0.85	0.224641
0.31	0.87	0.205802
0.31	0.89	0.188784
0.31	0.91	0.174547
0.31	0.93	0.163832
0.31	0.95	0.15694
0.31	0.97	0.153602
0.31	0.99	0.152949
0.31	1	0.152949

0.33	0	0.78737
0.33	0.01	0.78737
0.33	0.03	0.787442
0.33	0.05	0.787113
0.33	0.07	0.786023
0.33	0.09	0.783924
0.33	0.11	0.780662
0.33	0.13	0.776162
0.33	0.15	0.770395
0.33	0.17	0.76337
0.33	0.19	0.755111
0.33	0.21	0.745654
0.33	0.23	0.735034
0.33	0.25	0.723284
0.33	0.27	0.710443
0.33	0.29	0.696553
0.33	0.31	0.681667
0.33	0.33	0.665856
0.33	0.35	0.649207
0.33	0.37	0.631828
0.33	0.39	0.613843
0.33	0.41	0.595392
0.33	0.43	0.576623
0.33	0.45	0.557688
0.33	0.47	0.538741
0.33	0.49	0.51993
0.33	0.51	0.501394
0.33	0.53	0.483258
0.33	0.55	0.465627
0.33	0.57	0.448579
0.33	0.59	0.432156
0.33	0.61	0.416357
0.33	0.63	0.401129
0.33	0.65	0.386361
0.33	0.67	0.371885
0.33	0.69	0.357484
0.33	0.71	0.342903
0.33	0.73	0.327881
0.33	0.75	0.312182
0.33	0.77	0.295644
0.33	0.79	0.278228
0.33	0.81	0.260065
0.33	0.83	0.241504
0.33	0.85	0.223116
0.33	0.87	0.205676
0.33	0.89	0.190065
0.33	0.91	0.177126
0.33	0.93	0.167473
0.33	0.95	0.161315
0.33	0.97	0.158354
0.33	0.99	0.157779
0.33	1	0.157779

0.35	0	0.790649
0.35	0.01	0.790649
0.35	0.03	0.790637
0.35	0.05	0.79018
0.35	0.07	0.788945
0.35	0.09	0.786695
0.35	0.11	0.78328
0.35	0.13	0.778623
0.35	0.15	0.772699
0.35	0.17	0.765516
0.35	0.19	0.757105
0.35	0.21	0.7475
0.35	0.23	0.736738
0.35	0.25	0.72485
0.35	0.27	0.711865
0.35	0.29	0.697817
0.35	0.31	0.68275
0.35	0.33	0.666721
0.35	0.35	0.649812
0.35	0.37	0.632122
0.35	0.39	0.613773
0.35	0.41	0.594904
0.35	0.43	0.575664
0.35	0.45	0.556212
0.35	0.47	0.536706
0.35	0.49	0.517306
0.35	0.51	0.49816
0.35	0.53	0.479406
0.35	0.55	0.461164
0.35	0.57	0.443529
0.35	0.59	0.426559
0.35	0.61	0.410273
0.35	0.63	0.394634
0.35	0.65	0.379551
0.35	0.67	0.364873
0.35	0.69	0.350396
0.35	0.71	0.33588
0.35	0.73	0.321077
0.35	0.75	0.305767
0.35	0.77	0.289799
0.35	0.79	0.273146
0.35	0.81	0.255943
0.35	0.83	0.238528
0.35	0.85	0.221441
0.35	0.87	0.205391
0.35	0.89	0.191162
0.35	0.91	0.179478
0.35	0.93	0.170837
0.35	0.95	0.165368
0.35	0.97	0.162755
0.35	0.99	0.162251
0.35	1	0.162251

0.37	0	0.793712
0.37	0.01	0.793713
0.37	0.03	0.793635
0.37	0.05	0.793074
0.37	0.07	0.791709
0.37	0.09	0.789311
0.37	0.11	0.785732
0.37	0.13	0.780898
0.37	0.15	0.774789
0.37	0.17	0.767421
0.37	0.19	0.758832
0.37	0.21	0.749063
0.37	0.23	0.738153
0.37	0.25	0.726132
0.37	0.27	0.713025
0.37	0.29	0.698854
0.37	0.31	0.683652
0.37	0.33	0.667464
0.37	0.35	0.650359
0.37	0.37	0.63243
0.37	0.39	0.613791
0.37	0.41	0.594577
0.37	0.43	0.57494
0.37	0.45	0.55504
0.37	0.47	0.535041
0.37	0.49	0.515108
0.37	0.51	0.4954
0.37	0.53	0.476066
0.37	0.55	0.457238
0.37	0.57	0.439026
0.37	0.59	0.421507
0.37	0.61	0.404715
0.37	0.63	0.388636
0.37	0.65	0.373195
0.37	0.67	0.358262
0.37	0.69	0.343652
0.37	0.71	0.329144
0.37	0.73	0.314508
0.37	0.75	0.299539
0.37	0.77	0.284104
0.37	0.79	0.268184
0.37	0.81	0.251917
0.37	0.83	0.235624
0.37	0.85	0.219804
0.37	0.87	0.205096
0.37	0.89	0.192186
0.37	0.91	0.181683
0.37	0.93	0.173981
0.37	0.95	0.169143
0.37	0.97	0.166845
0.37	0.99	0.166404
0.37	1	0.166404

0.39	0	0.796638
0.39	0.01	0.796639
0.39	0.03	0.796509
0.39	0.05	0.795856
0.39	0.07	0.794366
0.39	0.09	0.79181
0.39	0.11	0.788046
0.39	0.13	0.783004
0.39	0.15	0.776672
0.39	0.17	0.76908
0.39	0.19	0.760277
0.39	0.21	0.750317
0.39	0.23	0.739244
0.39	0.25	0.727091
0.39	0.27	0.713876
0.39	0.29	0.699612
0.39	0.31	0.684317
0.39	0.33	0.668025
0.39	0.35	0.650789
0.39	0.37	0.632691
0.39	0.39	0.613837
0.39	0.41	0.594358
0.39	0.43	0.574402
0.39	0.45	0.554131
0.39	0.47	0.533712
0.39	0.49	0.513315
0.39	0.51	0.493106
0.39	0.53	0.473244
0.39	0.55	0.453873
0.39	0.57	0.435115
0.39	0.59	0.417063
0.39	0.61	0.39977
0.39	0.63	0.383241
0.39	0.65	0.367422
0.39	0.67	0.352203
0.39	0.69	0.337422
0.39	0.71	0.322881
0.39	0.73	0.308369
0.39	0.75	0.293702
0.39	0.77	0.278761
0.39	0.79	0.263537
0.39	0.81	0.248167
0.39	0.83	0.232948
0.39	0.85	0.218336
0.39	0.87	0.204894
0.39	0.89	0.193214
0.39	0.91	0.183799
0.39	0.93	0.176951
0.39	0.95	0.172678
0.39	0.97	0.17066
0.39	0.99	0.170274
0.39	1	0.170274

0.41	0	0.799487
0.41	0.01	0.799487
0.41	0.03	0.799313
0.41	0.05	0.798573
0.41	0.07	0.796951
0.41	0.09	0.79422
0.41	0.11	0.790239
0.41	0.13	0.784946
0.41	0.15	0.778343
0.41	0.17	0.770477
0.41	0.19	0.761416
0.41	0.21	0.751228
0.41	0.23	0.739971
0.41	0.25	0.727677
0.41	0.27	0.714361
0.41	0.29	0.700028
0.41	0.31	0.68468
0.41	0.33	0.668334
0.41	0.35	0.651029
0.41	0.37	0.632832
0.41	0.39	0.61384
0.41	0.41	0.594175
0.41	0.43	0.573982
0.41	0.45	0.553421
0.41	0.47	0.532662
0.41	0.49	0.511877
0.41	0.51	0.49124
0.41	0.53	0.470914
0.41	0.55	0.451055
0.41	0.57	0.431797
0.41	0.59	0.413247
0.41	0.61	0.395475
0.41	0.63	0.378504
0.41	0.65	0.362304
0.41	0.67	0.346787
0.41	0.69	0.331814
0.41	0.71	0.317212
0.41	0.73	0.302792
0.41	0.75	0.288392
0.41	0.77	0.273908
0.41	0.79	0.259339
0.41	0.81	0.244814
0.41	0.83	0.230606
0.41	0.85	0.217122
0.41	0.87	0.204852
0.41	0.89	0.194296
0.41	0.91	0.185864
0.41	0.93	0.179778
0.41	0.95	0.176005
0.41	0.97	0.174233
0.41	0.99	0.173895
0.41	1	0.173895

0.43	0	0.802303
0.43	0.01	0.802303
0.43	0.03	0.802088
0.43	0.05	0.801258
0.43	0.07	0.799492
0.43	0.09	0.796558
0.43	0.11	0.792318
0.43	0.13	0.786722
0.43	0.15	0.779791
0.43	0.17	0.771592
0.43	0.19	0.762218
0.43	0.21	0.75176
0.43	0.23	0.740286
0.43	0.25	0.727836
0.43	0.27	0.714422
0.43	0.29	0.700037
0.43	0.31	0.68467
0.43	0.33	0.668319
0.43	0.35	0.651004
0.43	0.37	0.632777
0.43	0.39	0.613721
0.43	0.41	0.59395
0.43	0.43	0.573603
0.43	0.45	0.552837
0.43	0.47	0.531821
0.43	0.49	0.510731
0.43	0.51	0.489742
0.43	0.53	0.469027
0.43	0.55	0.448746
0.43	0.57	0.429045
0.43	0.59	0.410044
0.43	0.61	0.391829
0.43	0.63	0.374442
0.43	0.65	0.357874
0.43	0.67	0.342061
0.43	0.69	0.32689
0.43	0.71	0.31221
0.43	0.73	0.29786
0.43	0.75	0.283697
0.43	0.77	0.269632
0.43	0.79	0.255671
0.43	0.81	0.241931
0.43	0.83	0.22866
0.43	0.85	0.216211
0.43	0.87	0.205007
0.43	0.89	0.195463
0.43	0.91	0.187904
0.43	0.93	0.18249
0.43	0.95	0.179153
0.43	0.97	0.177593
0.43	0.99	0.177297
0.43	1	0.177297

0.45	0	0.805122
0.45	0.01	0.805123
0.45	0.03	0.804867
0.45	0.05	0.803941
0.45	0.07	0.80201
0.45	0.09	0.798837
0.45	0.11	0.794289
0.45	0.13	0.788328
0.45	0.15	0.780999
0.45	0.17	0.772399
0.45	0.19	0.762651
0.45	0.21	0.75187
0.45	0.23	0.740142
0.45	0.25	0.727515
0.45	0.27	0.713999
0.45	0.29	0.699576
0.45	0.31	0.684219
0.45	0.33	0.667905
0.45	0.35	0.650637
0.45	0.37	0.632446
0.45	0.39	0.613401
0.45	0.41	0.593604
0.45	0.43	0.573186
0.45	0.45	0.5523
0.45	0.47	0.531114
0.45	0.49	0.509804
0.45	0.51	0.488548
0.45	0.53	0.467521
0.45	0.55	0.446893
0.45	0.57	0.426816
0.45	0.59	0.407423
0.45	0.61	0.388813
0.45	0.63	0.371047
0.45	0.65	0.354137
0.45	0.67	0.338042
0.45	0.69	0.322675
0.45	0.71	0.307912
0.45	0.73	0.293615
0.45	0.75	0.279662
0.45	0.77	0.26598
0.45	0.79	0.252575
0.45	0.81	0.239555
0.45	0.83	0.227136
0.45	0.85	0.215625
0.45	0.87	0.205376
0.45	0.89	0.196729
0.45	0.91	0.189938
0.45	0.93	0.185107
0.45	0.95	0.182146
0.45	0.97	0.180769
0.45	0.99	0.180509
0.45	1	0.180509

0.47	0	0.807976
0.47	0.01	0.807976
0.47	0.03	0.807679
0.47	0.05	0.806645
0.47	0.07	0.804523
0.47	0.09	0.801067
0.47	0.11	0.79615
0.47	0.13	0.789753
0.47	0.15	0.781948
0.47	0.17	0.772871
0.47	0.19	0.762679
0.47	0.21	0.751516
0.47	0.23	0.739491
0.47	0.25	0.726661
0.47	0.27	0.713034
0.47	0.29	0.698583
0.47	0.31	0.683261
0.47	0.33	0.667025
0.47	0.35	0.649856
0.47	0.37	0.631765
0.47	0.39	0.612802
0.47	0.41	0.593058
0.47	0.43	0.572652
0.47	0.45	0.551734
0.47	0.47	0.530465
0.47	0.49	0.509023
0.47	0.51	0.487585
0.47	0.53	0.466332
0.47	0.55	0.445435
0.47	0.57	0.425056
0.47	0.59	0.405336
0.47	0.61	0.386389
0.47	0.63	0.368291
0.47	0.65	0.351074
0.47	0.67	0.334721
0.47	0.69	0.319171
0.47	0.71	0.304324
0.47	0.73	0.290069
0.47	0.75	0.276304
0.47	0.77	0.262966
0.47	0.79	0.250065
0.47	0.81	0.237695
0.47	0.83	0.226043
0.47	0.85	0.215367
0.47	0.87	0.205961
0.47	0.89	0.1981
0.47	0.91	0.191975
0.47	0.93	0.187646
0.47	0.95	0.185008
0.47	0.97	0.183786
0.47	0.99	0.183558
0.47	1	0.183558

0.49	0	0.810891
0.49	0.01	0.810891
0.49	0.03	0.810549
0.49	0.05	0.809392
0.49	0.07	0.807045
0.49	0.09	0.803255
0.49	0.11	0.797899
0.49	0.13	0.790984
0.49	0.15	0.782618
0.49	0.17	0.772979
0.49	0.19	0.762265
0.49	0.21	0.750658
0.49	0.23	0.738288
0.49	0.25	0.725225
0.49	0.27	0.711476
0.49	0.29	0.697
0.49	0.31	0.681735
0.49	0.33	0.665614
0.49	0.35	0.648592
0.49	0.37	0.630661
0.49	0.39	0.611851
0.49	0.41	0.592236
0.49	0.43	0.571926
0.49	0.45	0.55106
0.49	0.47	0.529798
0.49	0.49	0.508312
0.49	0.51	0.486782
0.49	0.53	0.465388
0.49	0.55	0.444306
0.49	0.57	0.423703
0.49	0.59	0.403729
0.49	0.61	0.384508
0.49	0.63	0.366132
0.49	0.65	0.348652
0.49	0.67	0.332073
0.49	0.69	0.316359
0.49	0.71	0.301435
0.49	0.73	0.287215
0.49	0.75	0.273614
0.49	0.77	0.260584
0.49	0.79	0.248132
0.49	0.81	0.236341
0.49	0.83	0.225368
0.49	0.85	0.215427
0.49	0.87	0.206758
0.49	0.89	0.199576
0.49	0.91	0.194023
0.49	0.93	0.190123
0.49	0.95	0.187759
0.49	0.97	0.186669
0.49	0.99	0.186468
0.49	1	0.186468

0.51	0	0.813893
0.51	0.01	0.813894
0.51	0.03	0.813501
0.51	0.05	0.812201
0.51	0.07	0.80959
0.51	0.09	0.805405
0.51	0.11	0.799532
0.51	0.13	0.792008
0.51	0.15	0.782985
0.51	0.17	0.772692
0.51	0.19	0.761376
0.51	0.21	0.749256
0.51	0.23	0.736492
0.51	0.25	0.723163
0.51	0.27	0.709276
0.51	0.29	0.694778
0.51	0.31	0.679587
0.51	0.33	0.663612
0.51	0.35	0.646784
0.51	0.37	0.629069
0.51	0.39	0.610479
0.51	0.41	0.591067
0.51	0.43	0.570933
0.51	0.45	0.550205
0.51	0.47	0.529036
0.51	0.49	0.507597
0.51	0.51	0.486064
0.51	0.53	0.464618
0.51	0.55	0.443437
0.51	0.57	0.422692
0.51	0.59	0.402539
0.51	0.61	0.383113
0.51	0.63	0.364519
0.51	0.65	0.346826
0.51	0.67	0.330059
0.51	0.69	0.314205
0.51	0.71	0.299216
0.51	0.73	0.285026
0.51	0.75	0.27157
0.51	0.77	0.25881
0.51	0.79	0.246755
0.51	0.81	0.235472
0.51	0.83	0.225092
0.51	0.85	0.215789
0.51	0.87	0.207755
0.51	0.89	0.201155
0.51	0.91	0.196088
0.51	0.93	0.192551
0.51	0.95	0.190418
0.51	0.97	0.189442
0.51	0.99	0.189263
0.51	1	0.189263

0.53	0	0.817007
0.53	0.01	0.817007
0.53	0.03	0.816557
0.53	0.05	0.815091
0.53	0.07	0.812171
0.53	0.09	0.807521
0.53	0.11	0.801043
0.53	0.13	0.79281
0.53	0.15	0.783029
0.53	0.17	0.771985
0.53	0.19	0.759981
0.53	0.21	0.74728
0.53	0.23	0.734069
0.53	0.25	0.720439
0.53	0.27	0.706396
0.53	0.29	0.691875
0.53	0.31	0.676771
0.53	0.33	0.66097
0.53	0.35	0.644376
0.53	0.37	0.62693
0.53	0.39	0.60862
0.53	0.41	0.589484
0.53	0.43	0.569603
0.53	0.45	0.549095
0.53	0.47	0.528108
0.53	0.49	0.506803
0.53	0.51	0.485357
0.53	0.53	0.463948
0.53	0.55	0.442755
0.53	0.57	0.421952
0.53	0.59	0.4017
0.53	0.61	0.382142
0.53	0.63	0.363394
0.53	0.65	0.345541
0.53	0.67	0.328629
0.53	0.69	0.312665
0.53	0.71	0.297625
0.53	0.73	0.283464
0.53	0.75	0.270137
0.53	0.77	0.257613
0.53	0.79	0.245902
0.53	0.81	0.235059
0.53	0.83	0.225189
0.53	0.85	0.216433
0.53	0.87	0.20894
0.53	0.89	0.202833
0.53	0.91	0.198176
0.53	0.93	0.194943
0.53	0.95	0.193006
0.53	0.97	0.192125
0.53	0.99	0.191967
0.53	1	0.191967

0.55	0	0.820257
0.55	0.01	0.820257
0.55	0.03	0.819742
0.55	0.05	0.818082
0.55	0.07	0.814801
0.55	0.09	0.809609
0.55	0.11	0.802429
0.55	0.13	0.79338
0.55	0.15	0.782731
0.55	0.17	0.770836
0.55	0.19	0.758058
0.55	0.21	0.744706
0.55	0.23	0.730995
0.55	0.25	0.71703
0.55	0.27	0.702812
0.55	0.29	0.688262
0.55	0.31	0.673253
0.55	0.33	0.657647
0.55	0.35	0.641321
0.55	0.37	0.62419
0.55	0.39	0.606218
0.55	0.41	0.587422
0.55	0.43	0.567868
0.55	0.45	0.547662
0.55	0.47	0.52694
0.55	0.49	0.505858
0.55	0.51	0.484587
0.55	0.53	0.463304
0.55	0.55	0.442187
0.55	0.57	0.421411
0.55	0.59	0.40114
0.55	0.61	0.381525
0.55	0.63	0.362692
0.55	0.65	0.344738
0.55	0.67	0.327726
0.55	0.69	0.311686
0.55	0.71	0.296614
0.55	0.73	0.282486
0.55	0.75	0.269271
0.55	0.77	0.256951
0.55	0.79	0.245535
0.55	0.81	0.235068
0.55	0.83	0.225633
0.55	0.85	0.217339
0.55	0.87	0.2103
0.55	0.89	0.204606
0.55	0.91	0.200292
0.55	0.93	0.197314
0.55	0.95	0.19554
0.55	0.97	0.194741
0.55	0.99	0.194602
0.55	1	0.194602

0.57	0	0.823669
0.57	0.01	0.82367
0.57	0.03	0.823079
0.57	0.05	0.821194
0.57	0.07	0.817492
0.57	0.09	0.811674
0.57	0.11	0.803688
0.57	0.13	0.79371
0.57	0.15	0.782083
0.57	0.17	0.769236
0.57	0.19	0.755598
0.57	0.21	0.741527
0.57	0.23	0.727266
0.57	0.25	0.712929
0.57	0.27	0.698513
0.57	0.29	0.683925
0.57	0.31	0.669015
0.57	0.33	0.653619
0.57	0.35	0.637587
0.57	0.37	0.620808
0.57	0.39	0.603223
0.57	0.41	0.584827
0.57	0.43	0.565668
0.57	0.45	0.545838
0.57	0.47	0.525462
0.57	0.49	0.504687
0.57	0.51	0.483679
0.57	0.53	0.46261
0.57	0.55	0.441657
0.57	0.57	0.420993
0.57	0.59	0.400786
0.57	0.61	0.381191
0.57	0.63	0.362341
0.57	0.65	0.344348
0.57	0.67	0.327288
0.57	0.69	0.311209
0.57	0.71	0.296127
0.57	0.73	0.282037
0.57	0.75	0.268925
0.57	0.77	0.256782
0.57	0.79	0.245616
0.57	0.81	0.235465
0.57	0.83	0.226394
0.57	0.85	0.218486
0.57	0.87	0.211825
0.57	0.89	0.206474
0.57	0.91	0.202443
0.57	0.93	0.199678
0.57	0.95	0.198042
0.57	0.97	0.197313
0.57	0.99	0.197192
0.57	1	0.197192

0.59	0	0.82727
0.59	0.01	0.827271
0.59	0.03	0.826594
0.59	0.05	0.824449
0.59	0.07	0.820262
0.59	0.09	0.813726
0.59	0.11	0.804825
0.59	0.13	0.793803
0.59	0.15	0.781086
0.59	0.17	0.76719
0.59	0.19	0.752611
0.59	0.21	0.737756
0.59	0.23	0.722896
0.59	0.25	0.708152
0.59	0.27	0.693515
0.59	0.29	0.678873
0.59	0.31	0.664057
0.59	0.33	0.648876
0.59	0.35	0.633155
0.59	0.37	0.616757
0.59	0.39	0.599597
0.59	0.41	0.581652
0.59	0.43	0.562948
0.59	0.45	0.543563
0.59	0.47	0.523607
0.59	0.49	0.50322
0.59	0.51	0.482559
0.59	0.53	0.46179
0.59	0.55	0.441086
0.59	0.57	0.42062
0.59	0.59	0.40056
0.59	0.61	0.381063
0.59	0.63	0.36227
0.59	0.65	0.344301
0.59	0.67	0.327246
0.59	0.69	0.31117
0.59	0.71	0.296105
0.59	0.73	0.282065
0.59	0.75	0.269049
0.59	0.77	0.257058
0.59	0.79	0.246104
0.59	0.81	0.236216
0.59	0.83	0.227446
0.59	0.85	0.219856
0.59	0.87	0.213506
0.59	0.89	0.208436
0.59	0.91	0.204639
0.59	0.93	0.202051
0.59	0.95	0.200532
0.59	0.97	0.199866
0.59	0.99	0.199763
0.59	1	0.199763

0.61	0	0.831088
0.61	0.01	0.831089
0.61	0.03	0.830313
0.61	0.05	0.82787
0.61	0.07	0.823129
0.61	0.09	0.815782
0.61	0.11	0.805856
0.61	0.13	0.793676
0.61	0.15	0.779765
0.61	0.17	0.764728
0.61	0.19	0.749135
0.61	0.21	0.733439
0.61	0.23	0.717934
0.61	0.25	0.702747
0.61	0.27	0.687859
0.61	0.29	0.673143
0.61	0.31	0.658406
0.61	0.33	0.643435
0.61	0.35	0.628029
0.61	0.37	0.612026
0.61	0.39	0.59532
0.61	0.41	0.577862
0.61	0.43	0.559664
0.61	0.45	0.540783
0.61	0.47	0.521316
0.61	0.49	0.501391
0.61	0.51	0.481156
0.61	0.53	0.460769
0.61	0.55	0.440399
0.61	0.57	0.420215
0.61	0.59	0.400383
0.61	0.61	0.381063
0.61	0.63	0.362401
0.61	0.65	0.344522
0.61	0.67	0.327531
0.61	0.69	0.311502
0.61	0.71	0.296485
0.61	0.73	0.282511
0.61	0.75	0.269591
0.61	0.77	0.257736
0.61	0.79	0.24696
0.61	0.81	0.237291
0.61	0.83	0.228767
0.61	0.85	0.221435
0.61	0.87	0.215338
0.61	0.89	0.210496
0.61	0.91	0.206892
0.61	0.93	0.204452
0.61	0.95	0.203036
0.61	0.97	0.20243
0.61	0.99	0.202345
0.61	1	0.202345

0.63	0	0.835153
0.63	0.01	0.835153
0.63	0.03	0.834265
0.63	0.05	0.831484
0.63	0.07	0.82612
0.63	0.09	0.817867
0.63	0.11	0.80681
0.63	0.13	0.793368
0.63	0.15	0.77817
0.63	0.17	0.761916
0.63	0.19	0.745246
0.63	0.21	0.72866
0.63	0.23	0.71247
0.63	0.25	0.696803
0.63	0.27	0.681631
0.63	0.29	0.666809
0.63	0.31	0.652126
0.63	0.33	0.637344
0.63	0.35	0.622241
0.63	0.37	0.606633
0.63	0.39	0.590391
0.63	0.41	0.573446
0.63	0.43	0.555789
0.63	0.45	0.537459
0.63	0.47	0.518539
0.63	0.49	0.499143
0.63	0.51	0.479405
0.63	0.53	0.459478
0.63	0.55	0.439522
0.63	0.57	0.419701
0.63	0.59	0.400179
0.63	0.61	0.381116
0.63	0.63	0.362658
0.63	0.65	0.344939
0.63	0.67	0.328069
0.63	0.69	0.312137
0.63	0.71	0.297206
0.63	0.73	0.283317
0.63	0.75	0.270499
0.63	0.77	0.25877
0.63	0.79	0.248148
0.63	0.81	0.23866
0.63	0.83	0.230336
0.63	0.85	0.223213
0.63	0.87	0.21732
0.63	0.89	0.212664
0.63	0.91	0.209219
0.63	0.93	0.206907
0.63	0.95	0.205585
0.63	0.97	0.205038
0.63	0.99	0.204975
0.63	1	0.204975

0.65	0	0.839496
0.65	0.01	0.839497
0.65	0.03	0.838482
0.65	0.05	0.835321
0.65	0.07	0.829266
0.65	0.09	0.82002
0.65	0.11	0.80774
0.65	0.13	0.792948
0.65	0.15	0.776389
0.65	0.17	0.75886
0.65	0.19	0.741069
0.65	0.21	0.723555
0.65	0.23	0.706643
0.65	0.25	0.69046
0.65	0.27	0.674964
0.65	0.29	0.659996
0.65	0.31	0.645324
0.65	0.33	0.630694
0.65	0.35	0.615865
0.65	0.37	0.600632
0.65	0.39	0.584846
0.65	0.41	0.56842
0.65	0.43	0.551323
0.65	0.45	0.533578
0.65	0.47	0.515249
0.65	0.49	0.496434
0.65	0.51	0.477258
0.65	0.53	0.45786
0.65	0.55	0.438392
0.65	0.57	0.419011
0.65	0.59	0.399878
0.65	0.61	0.381148
0.65	0.63	0.36297
0.65	0.65	0.34548
0.65	0.67	0.328795
0.65	0.69	0.313012
0.65	0.71	0.298207
0.65	0.73	0.284432
0.65	0.75	0.271727
0.65	0.77	0.260121
0.65	0.79	0.249636
0.65	0.81	0.240301
0.65	0.83	0.232141
0.65	0.85	0.225187
0.65	0.87	0.219458
0.65	0.89	0.214955
0.65	0.91	0.211646
0.65	0.93	0.209448
0.65	0.95	0.208219
0.65	0.97	0.207736
0.65	0.99	0.2077
0.65	1	0.2077

0.67	0	0.844152
0.67	0.01	0.844152
0.67	0.03	0.842997
0.67	0.05	0.839419
0.67	0.07	0.832613
0.67	0.09	0.822301
0.67	0.11	0.808725
0.67	0.13	0.792524
0.67	0.15	0.774559
0.67	0.17	0.755724
0.67	0.19	0.73679
0.67	0.21	0.718324
0.67	0.23	0.700663
0.67	0.25	0.683925
0.67	0.27	0.668058
0.67	0.29	0.652888
0.67	0.31	0.63817
0.67	0.33	0.623637
0.67	0.35	0.60903
0.67	0.37	0.59413
0.67	0.39	0.578772
0.67	0.41	0.562848
0.67	0.43	0.54631
0.67	0.45	0.529162
0.67	0.47	0.51145
0.67	0.49	0.493258
0.67	0.51	0.474692
0.67	0.53	0.455882
0.67	0.55	0.436967
0.67	0.57	0.418097
0.67	0.59	0.399425
0.67	0.61	0.381103
0.67	0.63	0.363279
0.67	0.65	0.346087
0.67	0.67	0.329651
0.67	0.69	0.314073
0.67	0.71	0.299437
0.67	0.73	0.285809
0.67	0.75	0.273236
0.67	0.77	0.261757
0.67	0.79	0.251402
0.67	0.81	0.2422
0.67	0.83	0.234179
0.67	0.85	0.227363
0.67	0.87	0.221769
0.67	0.89	0.217395
0.67	0.91	0.214207
0.67	0.93	0.212121
0.67	0.95	0.210991
0.67	0.97	0.210586
0.67	0.99	0.210586
0.67	1	0.210586

0.69	0	0.849156
0.69	0.01	0.849157
0.69	0.03	0.847848
0.69	0.05	0.843822
0.69	0.07	0.836218
0.69	0.09	0.824792
0.69	0.11	0.809881
0.69	0.13	0.792248
0.69	0.15	0.772874
0.69	0.17	0.752737
0.69	0.19	0.732665
0.69	0.21	0.713244
0.69	0.23	0.694813
0.69	0.25	0.677482
0.69	0.27	0.66119
0.69	0.29	0.645752
0.69	0.31	0.630915
0.69	0.33	0.6164
0.69	0.35	0.601942
0.69	0.37	0.587311
0.69	0.39	0.572325
0.69	0.41	0.556863
0.69	0.43	0.540858
0.69	0.45	0.524297
0.69	0.47	0.507208
0.69	0.49	0.489656
0.69	0.51	0.471734
0.69	0.53	0.453554
0.69	0.55	0.435245
0.69	0.57	0.416945
0.69	0.59	0.398799
0.69	0.61	0.380954
0.69	0.63	0.36355
0.69	0.65	0.346725
0.69	0.67	0.330599
0.69	0.69	0.315283
0.69	0.71	0.300865
0.69	0.73	0.287419
0.69	0.75	0.275004
0.69	0.77	0.263665
0.69	0.79	0.25344
0.69	0.81	0.244361
0.69	0.83	0.23646
0.69	0.85	0.229762
0.69	0.87	0.224285
0.69	0.89	0.220027
0.69	0.91	0.216957
0.69	0.93	0.214991
0.69	0.95	0.213979
0.69	0.97	0.213674
0.69	0.99	0.213724
0.69	1	0.213724

0.71	0	0.854547
0.71	0.01	0.854547
0.71	0.03	0.853076
0.71	0.05	0.84858
0.71	0.07	0.840156
0.71	0.09	0.827605
0.71	0.11	0.811366
0.71	0.13	0.792331
0.71	0.15	0.771591
0.71	0.17	0.750203
0.71	0.19	0.729032
0.71	0.21	0.708677
0.71	0.23	0.68947
0.71	0.25	0.671514
0.71	0.27	0.654739
0.71	0.29	0.638955
0.71	0.31	0.623907
0.71	0.33	0.609316
0.71	0.35	0.594912
0.71	0.37	0.580457
0.71	0.39	0.565763
0.71	0.41	0.550695
0.71	0.43	0.535171
0.71	0.45	0.51916
0.71	0.47	0.502673
0.71	0.49	0.485757
0.71	0.51	0.468487
0.71	0.53	0.45096
0.71	0.55	0.433292
0.71	0.57	0.415606
0.71	0.59	0.398038
0.71	0.61	0.380725
0.71	0.63	0.363803
0.71	0.65	0.347403
0.71	0.67	0.331648
0.71	0.69	0.316646
0.71	0.71	0.302494
0.71	0.73	0.28927
0.71	0.75	0.277041
0.71	0.77	0.265859
0.71	0.79	0.25577
0.71	0.81	0.246814
0.71	0.83	0.239025
0.71	0.85	0.232435
0.71	0.87	0.227066
0.71	0.89	0.222923
0.71	0.91	0.219978
0.71	0.93	0.218154
0.71	0.95	0.217292
0.71	0.97	0.217123
0.71	0.99	0.217244
0.71	1	0.217244

0.73	0	0.860364
0.73	0.01	0.860364
0.73	0.03	0.858725
0.73	0.05	0.853757
0.73	0.07	0.844524
0.73	0.09	0.830883
0.73	0.11	0.813383
0.73	0.13	0.793039
0.73	0.15	0.77104
0.73	0.17	0.748505
0.73	0.19	0.726318
0.73	0.21	0.705079
0.73	0.23	0.685111
0.73	0.25	0.666507
0.73	0.27	0.649193
0.73	0.29	0.632982
0.73	0.31	0.617625
0.73	0.33	0.602847
0.73	0.35	0.588381
0.73	0.37	0.573992
0.73	0.39	0.559485
0.73	0.41	0.544716
0.73	0.43	0.529592
0.73	0.45	0.514065
0.73	0.47	0.498129
0.73	0.49	0.481815
0.73	0.51	0.46518
0.73	0.53	0.448304
0.73	0.55	0.431285
0.73	0.57	0.414236
0.73	0.59	0.397277
0.73	0.61	0.380536
0.73	0.63	0.364139
0.73	0.65	0.348214
0.73	0.67	0.332877
0.73	0.69	0.318238
0.73	0.71	0.304394
0.73	0.73	0.291428
0.73	0.75	0.279413
0.73	0.77	0.268409
0.73	0.79	0.258468
0.73	0.81	0.249637
0.73	0.83	0.241961
0.73	0.85	0.235477
0.73	0.87	0.230217
0.73	0.89	0.226197
0.73	0.91	0.223401
0.73	0.93	0.221755
0.73	0.95	0.221094
0.73	0.97	0.221114
0.73	0.99	0.221338
0.73	1	0.221339

0.75	0	0.866648
0.75	0.01	0.866649
0.75	0.03	0.864844
0.75	0.05	0.859424
0.75	0.07	0.849436
0.75	0.09	0.834802
0.75	0.11	0.816181
0.75	0.13	0.794696
0.75	0.15	0.771618
0.75	0.17	0.7481
0.75	0.19	0.725034
0.75	0.21	0.703004
0.75	0.23	0.682319
0.75	0.25	0.663066
0.75	0.27	0.645173
0.75	0.29	0.628462
0.75	0.31	0.612697
0.75	0.33	0.597617
0.75	0.35	0.582967
0.75	0.37	0.568516
0.75	0.39	0.554072
0.75	0.41	0.539485
0.75	0.43	0.524653
0.75	0.45	0.509515
0.75	0.47	0.494052
0.75	0.49	0.478275
0.75	0.51	0.462224
0.75	0.53	0.445964
0.75	0.55	0.429575
0.75	0.57	0.413155
0.75	0.59	0.396811
0.75	0.61	0.380656
0.75	0.63	0.364808
0.75	0.65	0.349385
0.75	0.67	0.334498
0.75	0.69	0.320254
0.75	0.71	0.306749
0.75	0.73	0.294069
0.75	0.75	0.282291
0.75	0.77	0.27148
0.75	0.79	0.261698
0.75	0.81	0.252999
0.75	0.83	0.245437
0.75	0.85	0.239062
0.75	0.87	0.23392
0.75	0.89	0.230042
0.75	0.91	0.227428
0.75	0.93	0.226015
0.75	0.95	0.225628
0.75	0.97	0.225916
0.75	0.99	0.22629
0.75	1	0.22629

0.77	0	0.873445
0.77	0.01	0.873445
0.77	0.03	0.871487
0.77	0.05	0.865664
0.77	0.07	0.855027
0.77	0.09	0.839569
0.77	0.11	0.820048
0.77	0.13	0.797677
0.77	0.15	0.773777
0.77	0.17	0.749516
0.77	0.19	0.725767
0.77	0.21	0.703093
0.77	0.23	0.681783
0.77	0.25	0.661919
0.77	0.27	0.643437
0.77	0.29	0.626178
0.77	0.31	0.609926
0.77	0.33	0.594443
0.77	0.35	0.57949
0.77	0.37	0.564851
0.77	0.39	0.550338
0.77	0.41	0.535803
0.77	0.43	0.521138
0.77	0.45	0.506274
0.77	0.47	0.491176
0.77	0.49	0.475841
0.77	0.51	0.460294
0.77	0.53	0.444582
0.77	0.55	0.42877
0.77	0.57	0.412939
0.77	0.59	0.39718
0.77	0.61	0.381595
0.77	0.63	0.366288
0.77	0.65	0.351366
0.77	0.67	0.336935
0.77	0.69	0.323095
0.77	0.71	0.309939
0.77	0.73	0.297555
0.77	0.75	0.28602
0.77	0.77	0.275408
0.77	0.79	0.265785
0.77	0.81	0.257216
0.77	0.83	0.249766
0.77	0.85	0.243502
0.77	0.87	0.238486
0.77	0.89	0.234773
0.77	0.91	0.232387
0.77	0.93	0.231278
0.77	0.95	0.231264
0.77	0.97	0.231928
0.77	0.99	0.232521
0.77	1	0.232521

0.79	0	0.880796
0.79	0.01	0.880796
0.79	0.03	0.878708
0.79	0.05	0.872567
0.79	0.07	0.861448
0.79	0.09	0.845411
0.79	0.11	0.8253
0.79	0.13	0.802385
0.79	0.15	0.778009
0.79	0.17	0.753321
0.79	0.19	0.729161
0.79	0.21	0.706056
0.79	0.23	0.684275
0.79	0.25	0.663899
0.79	0.27	0.644876
0.79	0.29	0.627072
0.79	0.31	0.610299
0.79	0.33	0.594348
0.79	0.35	0.579005
0.79	0.37	0.564072
0.79	0.39	0.549374
0.79	0.41	0.534768
0.79	0.43	0.520144
0.79	0.45	0.505427
0.79	0.47	0.490572
0.79	0.49	0.475566
0.79	0.51	0.460417
0.79	0.53	0.445157
0.79	0.55	0.429836
0.79	0.57	0.414518
0.79	0.59	0.399282
0.79	0.61	0.384213
0.79	0.63	0.369404
0.79	0.65	0.354949
0.79	0.67	0.340945
0.79	0.69	0.327485
0.79	0.71	0.314658
0.79	0.73	0.302551
0.79	0.75	0.291243
0.79	0.77	0.280809
0.79	0.79	0.271325
0.79	0.81	0.262866
0.79	0.83	0.25551
0.79	0.85	0.249342
0.79	0.87	0.244452
0.79	0.89	0.240922
0.79	0.91	0.238808
0.79	0.93	0.238088
0.79	0.95	0.238569
0.79	0.97	0.239753
0.79	0.99	0.240662
0.79	1	0.240663

0.81	0	0.888748
0.81	0.01	0.888748
0.81	0.03	0.886566
0.81	0.05	0.880229
0.81	0.07	0.868852
0.81	0.09	0.852563
0.81	0.11	0.832257
0.81	0.13	0.80923
0.81	0.15	0.784807
0.81	0.17	0.760094
0.81	0.19	0.735876
0.81	0.21	0.712637
0.81	0.23	0.690625
0.81	0.25	0.669919
0.81	0.27	0.650486
0.81	0.29	0.63222
0.81	0.31	0.614968
0.81	0.33	0.598555
0.81	0.35	0.582797
0.81	0.37	0.567519
0.81	0.39	0.552564
0.81	0.41	0.537798
0.81	0.43	0.523115
0.81	0.45	0.508437
0.81	0.47	0.493714
0.81	0.49	0.478922
0.81	0.51	0.464058
0.81	0.53	0.449141
0.81	0.55	0.434207
0.81	0.57	0.419306
0.81	0.59	0.404501
0.81	0.61	0.389865
0.81	0.63	0.375476
0.81	0.65	0.361418
0.81	0.67	0.347776
0.81	0.69	0.334636
0.81	0.71	0.322083
0.81	0.73	0.310198
0.81	0.75	0.299061
0.81	0.77	0.288752
0.81	0.79	0.279353
0.81	0.81	0.270948
0.81	0.83	0.263635
0.81	0.85	0.257519
0.81	0.87	0.252722
0.81	0.89	0.249366
0.81	0.91	0.247553
0.81	0.93	0.247301
0.81	0.95	0.248417
0.81	0.97	0.250301
0.81	0.99	0.251662
0.81	1	0.251662

0.83	0	0.897343
0.83	0.01	0.897343
0.83	0.03	0.895118
0.83	0.05	0.88874
0.83	0.07	0.877388
0.83	0.09	0.861242
0.83	0.11	0.841216
0.83	0.13	0.818588
0.83	0.15	0.794629
0.83	0.17	0.770372
0.83	0.19	0.746536
0.83	0.21	0.723555
0.83	0.23	0.701653
0.83	0.25	0.680908
0.83	0.27	0.661308
0.83	0.29	0.642777
0.83	0.31	0.625201
0.83	0.33	0.608438
0.83	0.35	0.59234
0.83	0.37	0.57676
0.83	0.39	0.56156
0.83	0.41	0.546621
0.83	0.43	0.531844
0.83	0.45	0.517153
0.83	0.47	0.502495
0.83	0.49	0.48784
0.83	0.51	0.473176
0.83	0.53	0.458512
0.83	0.55	0.443871
0.83	0.57	0.429292
0.83	0.59	0.414824
0.83	0.61	0.400527
0.83	0.63	0.386466
0.83	0.65	0.372715
0.83	0.67	0.359347
0.83	0.69	0.34644
0.83	0.71	0.334071
0.83	0.73	0.322319
0.83	0.75	0.311263
0.83	0.77	0.300984
0.83	0.79	0.29157
0.83	0.81	0.28312
0.83	0.83	0.275747
0.83	0.85	0.269585
0.83	0.87	0.264794
0.83	0.89	0.26155
0.83	0.91	0.260018
0.83	0.93	0.260277
0.83	0.95	0.262159
0.83	0.97	0.264948
0.83	0.99	0.266935
0.83	1	0.266935

0.85	0	0.906625
0.85	0.01	0.906626
0.85	0.03	0.904418
0.85	0.05	0.898184
0.85	0.07	0.887184
0.85	0.09	0.871628
0.85	0.11	0.852414
0.85	0.13	0.830755
0.85	0.15	0.807832
0.85	0.17	0.784586
0.85	0.19	0.761656
0.85	0.21	0.739422
0.85	0.23	0.718082
0.85	0.25	0.697715
0.85	0.27	0.678324
0.85	0.29	0.659866
0.85	0.31	0.64226
0.85	0.33	0.625403
0.85	0.35	0.609181
0.85	0.37	0.593476
0.85	0.39	0.578172
0.85	0.41	0.563169
0.85	0.43	0.548376
0.85	0.45	0.533725
0.85	0.47	0.519162
0.85	0.49	0.504653
0.85	0.51	0.490182
0.85	0.53	0.475749
0.85	0.55	0.461368
0.85	0.57	0.447067
0.85	0.59	0.432884
0.85	0.61	0.418866
0.85	0.63	0.405069
0.85	0.65	0.391553
0.85	0.67	0.378382
0.85	0.69	0.365624
0.85	0.71	0.35335
0.85	0.73	0.341633
0.85	0.75	0.330548
0.85	0.77	0.320179
0.85	0.79	0.310619
0.85	0.81	0.301977
0.85	0.83	0.294386
0.85	0.85	0.288014
0.85	0.87	0.283065
0.85	0.89	0.279783
0.85	0.91	0.27842
0.85	0.93	0.279153
0.85	0.95	0.281868
0.85	0.97	0.285751
0.85	0.99	0.288568
0.85	1	0.288568

0.87	0	0.916635
0.87	0.01	0.916635
0.87	0.03	0.914514
0.87	0.05	0.908626
0.87	0.07	0.898324
0.87	0.09	0.883833
0.87	0.11	0.865989
0.87	0.13	0.845899
0.87	0.15	0.824624
0.87	0.17	0.802993
0.87	0.19	0.781559
0.87	0.21	0.760647
0.87	0.23	0.740427
0.87	0.25	0.720975
0.87	0.27	0.702309
0.87	0.29	0.68441
0.87	0.31	0.66723
0.87	0.33	0.650699
0.87	0.35	0.634735
0.87	0.37	0.619249
0.87	0.39	0.60415
0.87	0.41	0.589353
0.87	0.43	0.574785
0.87	0.45	0.560381
0.87	0.47	0.546092
0.87	0.49	0.531883
0.87	0.51	0.517736
0.87	0.53	0.503644
0.87	0.55	0.489614
0.87	0.57	0.475664
0.87	0.59	0.461823
0.87	0.61	0.448128
0.87	0.63	0.434623
0.87	0.65	0.421357
0.87	0.67	0.408385
0.87	0.69	0.395763
0.87	0.71	0.383554
0.87	0.73	0.371823
0.87	0.75	0.360642
0.87	0.77	0.35009
0.87	0.79	0.340264
0.87	0.81	0.331282
0.87	0.83	0.323295
0.87	0.85	0.316502
0.87	0.87	0.31116
0.87	0.89	0.307592
0.87	0.91	0.306163
0.87	0.93	0.307184
0.87	0.95	0.310661
0.87	0.97	0.315727
0.87	0.99	0.319562
0.87	1	0.319562

0.89	0	0.927406
0.89	0.01	0.927407
0.89	0.03	0.925444
0.89	0.05	0.920104
0.89	0.07	0.910845
0.89	0.09	0.897881
0.89	0.11	0.881951
0.89	0.13	0.864021
0.89	0.15	0.845004
0.89	0.17	0.825605
0.89	0.19	0.80629
0.89	0.21	0.787328
0.89	0.23	0.768862
0.89	0.25	0.750961
0.89	0.27	0.73365
0.89	0.29	0.71693
0.89	0.31	0.700777
0.89	0.33	0.685151
0.89	0.35	0.669995
0.89	0.37	0.655248
0.89	0.39	0.640842
0.89	0.41	0.62671
0.89	0.43	0.61279
0.89	0.45	0.599029
0.89	0.47	0.585383
0.89	0.49	0.571818
0.89	0.51	0.558313
0.89	0.53	0.544859
0.89	0.55	0.531457
0.89	0.57	0.518116
0.89	0.59	0.504857
0.89	0.61	0.491707
0.89	0.63	0.478699
0.89	0.65	0.465871
0.89	0.67	0.453267
0.89	0.69	0.440932
0.89	0.71	0.428917
0.89	0.73	0.417277
0.89	0.75	0.406074
0.89	0.77	0.395381
0.89	0.79	0.385291
0.89	0.81	0.375922
0.89	0.83	0.367438
0.89	0.85	0.360062
0.89	0.87	0.3541
0.89	0.89	0.349954
0.89	0.91	0.348113
0.89	0.93	0.349061
0.89	0.95	0.352991
0.89	0.97	0.359093
0.89	0.99	0.364015
0.89	1	0.364015

0.91	0	0.938968
0.91	0.01	0.938968
0.91	0.03	0.937234
0.91	0.05	0.932628
0.91	0.07	0.924718
0.91	0.09	0.913692
0.91	0.11	0.900162
0.91	0.13	0.884923
0.91	0.15	0.868724
0.91	0.17	0.852141
0.91	0.19	0.835549
0.91	0.21	0.819166
0.91	0.23	0.803108
0.91	0.25	0.787433
0.91	0.27	0.772171
0.91	0.29	0.75733
0.91	0.31	0.742904
0.91	0.33	0.728873
0.91	0.35	0.715205
0.91	0.37	0.701858
0.91	0.39	0.688784
0.91	0.41	0.675934
0.91	0.43	0.66326
0.91	0.45	0.650717
0.91	0.47	0.638268
0.91	0.49	0.625882
0.91	0.51	0.61354
0.91	0.53	0.601228
0.91	0.55	0.588942
0.91	0.57	0.576688
0.91	0.59	0.564475
0.91	0.61	0.552323
0.91	0.63	0.540255
0.91	0.65	0.528296
0.91	0.67	0.516478
0.91	0.69	0.504834
0.91	0.71	0.493401
0.91	0.73	0.48222
0.91	0.75	0.471339
0.91	0.77	0.460817
0.91	0.79	0.450734
0.91	0.81	0.441201
0.91	0.83	0.432375
0.91	0.85	0.424488
0.91	0.87	0.41787
0.91	0.89	0.412979
0.91	0.91	0.410408
0.91	0.93	0.41081
0.91	0.95	0.414615
0.91	0.97	0.421215
0.91	0.99	0.426996
0.91	1	0.426996

0.93	0	0.951331
0.93	0.01	0.951331
0.93	0.03	0.94989
0.93	0.05	0.94617
0.93	0.07	0.939853
0.93	0.09	0.931085
0.93	0.11	0.920336
0.93	0.13	0.908215
0.93	0.15	0.895294
0.93	0.17	0.882016
0.93	0.19	0.868673
0.93	0.21	0.855431
0.93	0.23	0.842381
0.93	0.25	0.82957
0.93	0.27	0.817023
0.93	0.29	0.804754
0.93	0.31	0.792765
0.93	0.33	0.781048
0.93	0.35	0.769588
0.93	0.37	0.758357
0.93	0.39	0.747326
0.93	0.41	0.73646
0.93	0.43	0.725722
0.93	0.45	0.71508
0.93	0.47	0.704503
0.93	0.49	0.693965
0.93	0.51	0.683447
0.93	0.53	0.672936
0.93	0.55	0.662425
0.93	0.57	0.651914
0.93	0.59	0.641407
0.93	0.61	0.630915
0.93	0.63	0.620449
0.93	0.65	0.610028
0.93	0.67	0.599669
0.93	0.69	0.589393
0.93	0.71	0.579222
0.93	0.73	0.569182
0.93	0.75	0.559304
0.93	0.77	0.549629
0.93	0.79	0.540216
0.93	0.81	0.531152
0.93	0.83	0.522575
0.93	0.85	0.514691
0.93	0.87	0.507817
0.93	0.89	0.502408
0.93	0.91	0.499087
0.93	0.93	0.498599
0.93	0.95	0.501572
0.93	0.97	0.507718
0.93	0.99	0.513657
0.93	1	0.513657

0.95	0	0.964476
0.95	0.01	0.964476
0.95	0.03	0.963386
0.95	0.05	0.960664
0.95	0.07	0.956099
0.95	0.09	0.949793
0.95	0.11	0.942069
0.95	0.13	0.933344
0.95	0.15	0.924015
0.95	0.17	0.914394
0.95	0.19	0.904687
0.95	0.21	0.895015
0.95	0.23	0.885444
0.95	0.25	0.876008
0.95	0.27	0.866726
0.95	0.29	0.857611
0.95	0.31	0.848668
0.95	0.33	0.839895
0.95	0.35	0.831284
0.95	0.37	0.822823
0.95	0.39	0.814492
0.95	0.41	0.806269
0.95	0.43	0.79813
0.95	0.45	0.790052
0.95	0.47	0.782012
0.95	0.49	0.773991
0.95	0.51	0.765974
0.95	0.53	0.757948
0.95	0.55	0.749906
0.95	0.57	0.741846
0.95	0.59	0.733767
0.95	0.61	0.725673
0.95	0.63	0.717571
0.95	0.65	0.709468
0.95	0.67	0.701374
0.95	0.69	0.693298
0.95	0.71	0.685252
0.95	0.73	0.677247
0.95	0.75	0.669299
0.95	0.77	0.661431
0.95	0.79	0.653679
0.95	0.81	0.646101
0.95	0.83	0.638796
0.95	0.85	0.631922
0.95	0.87	0.625729
0.95	0.89	0.620596
0.95	0.91	0.617059
0.95	0.93	0.615801
0.95	0.95	0.617483
0.95	0.97	0.622111
0.95	0.99	0.627101
0.95	1	0.627101

0.97	0	0.978327
0.97	0.01	0.978327
0.97	0.03	0.977641
0.97	0.05	0.975986
0.97	0.07	0.973248
0.97	0.09	0.969485
0.97	0.11	0.964879
0.97	0.13	0.959668
0.97	0.15	0.954081
0.97	0.17	0.948299
0.97	0.19	0.942446
0.97	0.21	0.936597
0.97	0.23	0.930793
0.97	0.25	0.925054
0.97	0.27	0.919395
0.97	0.29	0.913822
0.97	0.31	0.908339
0.97	0.33	0.902947
0.97	0.35	0.897643
0.97	0.37	0.89242
0.97	0.39	0.887269
0.97	0.41	0.882178
0.97	0.43	0.877133
0.97	0.45	0.872121
0.97	0.47	0.867128
0.97	0.49	0.862143
0.97	0.51	0.857154
0.97	0.53	0.852155
0.97	0.55	0.847139
0.97	0.57	0.842103
0.97	0.59	0.837046
0.97	0.61	0.83197
0.97	0.63	0.826875
0.97	0.65	0.821764
0.97	0.67	0.816642
0.97	0.69	0.811512
0.97	0.71	0.806378
0.97	0.73	0.801244
0.97	0.75	0.796116
0.97	0.77	0.791003
0.97	0.79	0.785923
0.97	0.81	0.780907
0.97	0.83	0.77601
0.97	0.85	0.771327
0.97	0.87	0.767012
0.97	0.89	0.763304
0.97	0.91	0.760552
0.97	0.93	0.759213
0.97	0.95	0.759765
0.97	0.97	0.762317
0.97	0.99	0.765377
0.97	1	0.765377

0.99	0	0.992708
0.99	0.01	0.992708
0.99	0.03	0.992473
0.99	0.05	0.991921
0.99	0.07	0.991016
0.99	0.09	0.989778
0.99	0.11	0.988264
0.99	0.13	0.986548
0.99	0.15	0.984704
0.99	0.17	0.982791
0.99	0.19	0.980851
0.99	0.21	0.978908
0.99	0.23	0.976976
0.99	0.25	0.975064
0.99	0.27	0.973176
0.99	0.29	0.971314
0.99	0.31	0.969479
0.99	0.33	0.967672
0.99	0.35	0.965892
0.99	0.37	0.964137
0.99	0.39	0.962405
0.99	0.41	0.960692
0.99	0.43	0.958993
0.99	0.45	0.957304
0.99	0.47	0.955621
0.99	0.49	0.95394
0.99	0.51	0.952257
0.99	0.53	0.950569
0.99	0.55	0.948875
0.99	0.57	0.947173
0.99	0.59	0.945462
0.99	0.61	0.943741
0.99	0.63	0.942013
0.99	0.65	0.940276
0.99	0.67	0.938532
0.99	0.69	0.936781
0.99	0.71	0.935026
0.99	0.73	0.933265
0.99	0.75	0.931501
0.99	0.77	0.929736
0.99	0.79	0.927974
0.99	0.81	0.926224
0.99	0.83	0.924503
0.99	0.85	0.922842
0.99	0.87	0.92129
0.99	0.89	0.919927
0.99	0.91	0.918872
0.99	0.93	0.918283
0.99	0.95	0.918331
0.99	0.97	0.919069
0.99	0.99	0.920029
0.99	1	0.920029

1	0	1
1	0.01	1
1	0.03	1
1	0.05	1
1	0.07	1
1	0.09	1
1	0.11	1
1	0.13	1
1	0.15	1
1	0.17	1
1	0.19	1
1	0.21	1
1	0.23	1
1	0.25	1
1	0.27	1
1	0.29	1
1	0.31	1
1	0.33	1
1	0.35	1
1	0.37	1
1	0.39	1
1	0.41	1
1	0.43	1
1	0.45	1
1	0.47	1
1	0.49	1
1	0.51	1
1	0.53	1
1	0.55	1
1	0.57	1
1	0.59	1
1	0.61	1
1	0.63	1
1	0.65	1
1	0.67	1
1	0.69	1
1	0.71	1
1	0.73	1
1	0.75	1
1	0.77	1
1	0.79	1
1	0.81	1
1	0.83	1
1	0.85	1
1	0.87	1
1	0.89	1
1	0.91	1
1	0.93	1
1	0.95	1
1	0.97	1
1	0.99	1
1	1	1

