0	0	1
0	0.01	1
0	0.03	1
0	0.05	1
0	0.07	1
0	0.09	1
0	0.11	1
0	0.13	1
0	0.15	1
0	0.17	1
0	0.19	1
0	0.21	1
0	0.23	1
0	0.25	1
0	0.27	1
0	0.29	1
0	0.31	1
0	0.33	1
0	0.35	1
0	0.37	1
0	0.39	1
0	0.41	1
0	0.43	1
0	0.45	1
0	0.47	1
0	0.49	1
0	0.51	1
0	0.53	1
0	0.55	1
0	0.57	1
0	0.59	1
0	0.61	1
0	0.63	1
0	0.65	1
0	0.67	1
0	0.69	1
0	0.71	1
0	0.73	1
0	0.75	1
0	0.77	1
0	0.79	1
0	0.81	1
0	0.83	1
0	0.85	1
0	0.87	1
0	0.89	1
0	0.91	1
0	0.93	1
0	0.95	1
0	0.97	1
0	0.99	1
0	1	1

0.01	0	0.803287
0.01	0.01	0.803287
0.01	0.03	0.799811
0.01	0.05	0.803719
0.01	0.07	0.811068
0.01	0.09	0.819234
0.01	0.11	0.827106
0.01	0.13	0.834348
0.01	0.15	0.840939
0.01	0.17	0.84697
0.01	0.19	0.852548
0.01	0.21	0.857769
0.01	0.23	0.862708
0.01	0.25	0.86742
0.01	0.27	0.871944
0.01	0.29	0.876308
0.01	0.31	0.880532
0.01	0.33	0.88463
0.01	0.35	0.888613
0.01	0.37	0.892491
0.01	0.39	0.896271
0.01	0.41	0.899959
0.01	0.43	0.90356
0.01	0.45	0.907078
0.01	0.47	0.910517
0.01	0.49	0.913878
0.01	0.51	0.917163
0.01	0.53	0.92037
0.01	0.55	0.923499
0.01	0.57	0.926548
0.01	0.59	0.929517
0.01	0.61	0.932404
0.01	0.63	0.935214
0.01	0.65	0.937954
0.01	0.67	0.94064
0.01	0.69	0.943293
0.01	0.71	0.945947
0.01	0.73	0.948641
0.01	0.75	0.951421
0.01	0.77	0.954335
0.01	0.79	0.95742
0.01	0.81	0.9607
0.01	0.83	0.96417
0.01	0.85	0.967799
0.01	0.87	0.971543
0.01	0.89	0.975364
0.01	0.91	0.979232
0.01	0.93	0.983041
0.01	0.95	0.986424
0.01	0.97	0.988714
0.01	0.99	0.989379
0.01	1	0.989379

0.03	0	0.488259
0.03	0.01	0.488259
0.03	0.03	0.477509
0.03	0.05	0.482159
0.03	0.07	0.495127
0.03	0.09	0.510879
0.03	0.11	0.52692
0.03	0.13	0.54235
0.03	0.15	0.556958
0.03	0.17	0.570789
0.03	0.19	0.583964
0.03	0.21	0.596608
0.03	0.23	0.608825
0.03	0.25	0.620693
0.03	0.27	0.632268
0.03	0.29	0.64359
0.03	0.31	0.654684
0.03	0.33	0.66557
0.03	0.35	0.676259
0.03	0.37	0.68676
0.03	0.39	0.697082
0.03	0.41	0.70723
0.03	0.43	0.717209
0.03	0.45	0.727022
0.03	0.47	0.736671
0.03	0.49	0.746156
0.03	0.51	0.755476
0.03	0.53	0.764624
0.03	0.55	0.773594
0.03	0.57	0.782378
0.03	0.59	0.790965
0.03	0.61	0.79935
0.03	0.63	0.80753
0.03	0.65	0.815516
0.03	0.67	0.823331
0.03	0.69	0.831025
0.03	0.71	0.83867
0.03	0.73	0.846371
0.03	0.75	0.854258
0.03	0.77	0.862481
0.03	0.79	0.871196
0.03	0.81	0.880535
0.03	0.83	0.890577
0.03	0.85	0.901312
0.03	0.87	0.912636
0.03	0.89	0.924395
0.03	0.91	0.936448
0.03	0.93	0.948464
0.03	0.95	0.95929
0.03	0.97	0.966697
0.03	0.99	0.968847
0.03	1	0.968847

0.05	0	0.317979
0.05	0.01	0.317979
0.05	0.03	0.304602
0.05	0.05	0.303904
0.05	0.07	0.312245
0.05	0.09	0.324785
0.05	0.11	0.33895
0.05	0.13	0.353623
0.05	0.15	0.368377
0.05	0.17	0.383079
0.05	0.19	0.397708
0.05	0.21	0.412278
0.05	0.23	0.426809
0.05	0.25	0.441313
0.05	0.27	0.455795
0.05	0.29	0.470251
0.05	0.31	0.484672
0.05	0.33	0.499044
0.05	0.35	0.513357
0.05	0.37	0.527595
0.05	0.39	0.541746
0.05	0.41	0.5558
0.05	0.43	0.569744
0.05	0.45	0.58357
0.05	0.47	0.597267
0.05	0.49	0.610825
0.05	0.51	0.624229
0.05	0.53	0.637467
0.05	0.55	0.65052
0.05	0.57	0.66337
0.05	0.59	0.675996
0.05	0.61	0.688378
0.05	0.63	0.700502
0.05	0.65	0.712366
0.05	0.67	0.723987
0.05	0.69	0.73541
0.05	0.71	0.746719
0.05	0.73	0.758045
0.05	0.75	0.76957
0.05	0.77	0.781527
0.05	0.79	0.794187
0.05	0.81	0.80783
0.05	0.83	0.822704
0.05	0.85	0.838955
0.05	0.87	0.856565
0.05	0.89	0.875355
0.05	0.91	0.895073
0.05	0.93	0.915157
0.05	0.95	0.93361
0.05	0.97	0.946398
0.05	0.99	0.950082
0.05	1	0.950082

0.07	0	0.244655
0.07	0.01	0.244655
0.07	0.03	0.23506
0.07	0.05	0.231925
0.07	0.07	0.235096
0.07	0.09	0.242172
0.07	0.11	0.251488
0.07	0.13	0.262155
0.07	0.15	0.273728
0.07	0.17	0.285982
0.07	0.19	0.298798
0.07	0.21	0.312103
0.07	0.23	0.325842
0.07	0.25	0.339967
0.07	0.27	0.354434
0.07	0.29	0.369195
0.07	0.31	0.384206
0.07	0.33	0.39942
0.07	0.35	0.414793
0.07	0.37	0.430284
0.07	0.39	0.445853
0.07	0.41	0.461464
0.07	0.43	0.477085
0.07	0.45	0.492686
0.07	0.47	0.508241
0.07	0.49	0.523722
0.07	0.51	0.539106
0.07	0.53	0.554367
0.07	0.55	0.569477
0.07	0.57	0.584409
0.07	0.59	0.599129
0.07	0.61	0.613608
0.07	0.63	0.627815
0.07	0.65	0.641729
0.07	0.67	0.655346
0.07	0.69	0.66869
0.07	0.71	0.681827
0.07	0.73	0.694881
0.07	0.75	0.70805
0.07	0.77	0.721615
0.07	0.79	0.73594
0.07	0.81	0.751464
0.07	0.83	0.768647
0.07	0.85	0.787887
0.07	0.87	0.809401
0.07	0.89	0.833144
0.07	0.91	0.858847
0.07	0.93	0.885695
0.07	0.95	0.910816
0.07	0.97	0.928384
0.07	0.99	0.933395
0.07	1	0.933395

0.09	0	0.213629
0.09	0.01	0.21363
0.09	0.03	0.208348
0.09	0.05	0.206099
0.09	0.07	0.207627
0.09	0.09	0.212016
0.09	0.11	0.21843
0.09	0.13	0.226339
0.09	0.15	0.235431
0.09	0.17	0.245519
0.09	0.19	0.256482
0.09	0.21	0.268235
0.09	0.23	0.28071
0.09	0.25	0.293846
0.09	0.27	0.307584
0.09	0.29	0.321864
0.09	0.31	0.336622
0.09	0.33	0.351793
0.09	0.35	0.367309
0.09	0.37	0.383103
0.09	0.39	0.399111
0.09	0.41	0.415271
0.09	0.43	0.431527
0.09	0.45	0.447827
0.09	0.47	0.464126
0.09	0.49	0.480383
0.09	0.51	0.49656
0.09	0.53	0.512621
0.09	0.55	0.52853
0.09	0.57	0.544252
0.09	0.59	0.559748
0.09	0.61	0.574976
0.09	0.63	0.589894
0.09	0.65	0.604459
0.09	0.67	0.618642
0.09	0.69	0.632432
0.09	0.71	0.64586
0.09	0.73	0.659022
0.09	0.75	0.672102
0.09	0.77	0.685406
0.09	0.79	0.699378
0.09	0.81	0.714602
0.09	0.83	0.731767
0.09	0.85	0.751568
0.09	0.87	0.774541
0.09	0.89	0.800899
0.09	0.91	0.830446
0.09	0.93	0.862088
0.09	0.95	0.892055
0.09	0.97	0.913005
0.09	0.99	0.918854
0.09	1	0.918854

0.11	0	0.199495
0.11	0.01	0.199495
0.11	0.03	0.19696
0.11	0.05	0.196128
0.11	0.07	0.19773
0.11	0.09	0.201456
0.11	0.11	0.206896
0.11	0.13	0.213746
0.11	0.15	0.221797
0.11	0.17	0.230913
0.11	0.19	0.240997
0.11	0.21	0.25198
0.11	0.23	0.263808
0.11	0.25	0.276435
0.11	0.27	0.289814
0.11	0.29	0.303891
0.11	0.31	0.318605
0.11	0.33	0.333883
0.11	0.35	0.349646
0.11	0.37	0.365806
0.11	0.39	0.382275
0.11	0.41	0.398966
0.11	0.43	0.415798
0.11	0.45	0.432695
0.11	0.47	0.449589
0.11	0.49	0.466419
0.11	0.51	0.483133
0.11	0.53	0.49968
0.11	0.55	0.516014
0.11	0.57	0.532092
0.11	0.59	0.547866
0.11	0.61	0.563286
0.11	0.63	0.578297
0.11	0.65	0.592839
0.11	0.67	0.606852
0.11	0.69	0.62029
0.11	0.71	0.633142
0.11	0.73	0.645462
0.11	0.75	0.657413
0.11	0.77	0.66931
0.11	0.79	0.681663
0.11	0.81	0.695195
0.11	0.83	0.710815
0.11	0.85	0.729508
0.11	0.87	0.752146
0.11	0.89	0.779241
0.11	0.91	0.810699
0.11	0.93	0.845089
0.11	0.95	0.877756
0.11	0.97	0.900326
0.11	0.99	0.906396
0.11	1	0.906396

0.13	0	0.192353
0.13	0.01	0.192353
0.13	0.03	0.191285
0.13	0.05	0.191437
0.13	0.07	0.193401
0.13	0.09	0.197121
0.13	0.11	0.202396
0.13	0.13	0.209033
0.13	0.15	0.216878
0.13	0.17	0.22581
0.13	0.19	0.235742
0.13	0.21	0.246609
0.13	0.23	0.258368
0.13	0.25	0.270988
0.13	0.27	0.284437
0.13	0.29	0.298682
0.13	0.31	0.313674
0.13	0.33	0.329346
0.13	0.35	0.345616
0.13	0.37	0.362387
0.13	0.39	0.379553
0.13	0.41	0.397005
0.13	0.43	0.414637
0.13	0.45	0.432349
0.13	0.47	0.450049
0.13	0.49	0.467652
0.13	0.51	0.485081
0.13	0.53	0.502266
0.13	0.55	0.519143
0.13	0.57	0.535654
0.13	0.59	0.551739
0.13	0.61	0.567337
0.13	0.63	0.58238
0.13	0.65	0.596789
0.13	0.67	0.610479
0.13	0.69	0.623368
0.13	0.71	0.635402
0.13	0.73	0.646595
0.13	0.75	0.657083
0.13	0.77	0.667186
0.13	0.79	0.677471
0.13	0.81	0.688784
0.13	0.83	0.702228
0.13	0.85	0.719047
0.13	0.87	0.740402
0.13	0.89	0.767066
0.13	0.91	0.798986
0.13	0.93	0.834315
0.13	0.95	0.867628
0.13	0.97	0.890124
0.13	0.99	0.895862
0.13	1	0.895862

0.15	0	0.188266
0.15	0.01	0.188266
0.15	0.03	0.187931
0.15	0.05	0.188634
0.15	0.07	0.190861
0.15	0.09	0.194677
0.15	0.11	0.199997
0.15	0.13	0.206695
0.15	0.15	0.21464
0.15	0.17	0.223714
0.15	0.19	0.23382
0.15	0.21	0.244886
0.15	0.23	0.256864
0.15	0.25	0.269725
0.15	0.27	0.28345
0.15	0.29	0.298021
0.15	0.31	0.313406
0.15	0.33	0.329556
0.15	0.35	0.346395
0.15	0.37	0.363828
0.15	0.39	0.381743
0.15	0.41	0.40002
0.15	0.43	0.418537
0.15	0.45	0.437173
0.15	0.47	0.455814
0.15	0.49	0.474351
0.15	0.51	0.492682
0.15	0.53	0.510709
0.15	0.55	0.528344
0.15	0.57	0.545505
0.15	0.59	0.562114
0.15	0.61	0.578096
0.15	0.63	0.593368
0.15	0.65	0.607834
0.15	0.67	0.621385
0.15	0.69	0.633906
0.15	0.71	0.645303
0.15	0.73	0.655548
0.15	0.75	0.664748
0.15	0.77	0.673226
0.15	0.79	0.681599
0.15	0.81	0.69082
0.15	0.83	0.70215
0.15	0.85	0.717034
0.15	0.87	0.736848
0.15	0.89	0.762515
0.15	0.91	0.793905
0.15	0.93	0.828699
0.15	0.95	0.860927
0.15	0.97	0.881993
0.15	0.99	0.887024
0.15	1	0.887024

0.17	0	0.185574
0.17	0.01	0.185574
0.17	0.03	0.185596
0.17	0.05	0.18658
0.17	0.07	0.188951
0.17	0.09	0.192838
0.17	0.11	0.198228
0.17	0.13	0.205037
0.17	0.15	0.213152
0.17	0.17	0.222455
0.17	0.19	0.232836
0.17	0.21	0.244204
0.17	0.23	0.256496
0.17	0.25	0.269674
0.17	0.27	0.28372
0.17	0.29	0.298622
0.17	0.31	0.314364
0.17	0.33	0.330914
0.17	0.35	0.348211
0.17	0.37	0.366173
0.17	0.39	0.384693
0.17	0.41	0.403651
0.17	0.43	0.422922
0.17	0.45	0.442376
0.17	0.47	0.461886
0.17	0.49	0.481325
0.17	0.51	0.500569
0.17	0.53	0.519496
0.17	0.55	0.537991
0.17	0.57	0.555944
0.17	0.59	0.573258
0.17	0.61	0.589838
0.17	0.63	0.605585
0.17	0.65	0.620389
0.17	0.67	0.634116
0.17	0.69	0.646622
0.17	0.71	0.657769
0.17	0.73	0.667486
0.17	0.75	0.675847
0.17	0.77	0.683174
0.17	0.79	0.690126
0.17	0.81	0.697746
0.17	0.83	0.707419
0.17	0.85	0.720721
0.17	0.87	0.739139
0.17	0.89	0.76361
0.17	0.91	0.793791
0.17	0.93	0.826897
0.17	0.95	0.85674
0.17	0.97	0.875478
0.17	0.99	0.879632
0.17	1	0.879632

0.19	0	0.183539
0.19	0.01	0.183539
0.19	0.03	0.183734
0.19	0.05	0.184854
0.19	0.07	0.187292
0.19	0.09	0.191217
0.19	0.11	0.19666
0.19	0.13	0.20357
0.19	0.15	0.211849
0.19	0.17	0.22138
0.19	0.19	0.232042
0.19	0.21	0.243726
0.19	0.23	0.256347
0.19	0.25	0.269848
0.19	0.27	0.284199
0.19	0.29	0.299389
0.19	0.31	0.315408
0.19	0.33	0.332235
0.19	0.35	0.349829
0.19	0.37	0.368122
0.19	0.39	0.387021
0.19	0.41	0.406418
0.19	0.43	0.426192
0.19	0.45	0.446218
0.19	0.47	0.466368
0.19	0.49	0.48651
0.19	0.51	0.506507
0.19	0.53	0.526223
0.19	0.55	0.545522
0.19	0.57	0.564273
0.19	0.59	0.582357
0.19	0.61	0.599663
0.19	0.63	0.616077
0.19	0.65	0.631474
0.19	0.67	0.645699
0.19	0.69	0.658572
0.19	0.71	0.66991
0.19	0.73	0.679589
0.19	0.75	0.687646
0.19	0.77	0.694394
0.19	0.79	0.700531
0.19	0.81	0.707171
0.19	0.83	0.715782
0.19	0.85	0.728003
0.19	0.87	0.745318
0.19	0.89	0.76854
0.19	0.91	0.797012
0.19	0.93	0.82758
0.19	0.95	0.854193
0.19	0.97	0.87016
0.19	0.99	0.873436
0.19	1	0.873436

0.21	0	0.181821
0.21	0.01	0.181821
0.21	0.03	0.182098
0.21	0.05	0.18328
0.21	0.07	0.185745
0.21	0.09	0.189684
0.21	0.11	0.195159
0.21	0.13	0.202146
0.21	0.15	0.210563
0.21	0.17	0.220296
0.21	0.19	0.231218
0.21	0.21	0.243203
0.21	0.23	0.256143
0.21	0.25	0.269957
0.21	0.27	0.284596
0.21	0.29	0.300036
0.21	0.31	0.316267
0.21	0.33	0.333275
0.21	0.35	0.35103
0.21	0.37	0.369481
0.21	0.39	0.388552
0.21	0.41	0.408149
0.21	0.43	0.428165
0.21	0.45	0.448485
0.21	0.47	0.468992
0.21	0.49	0.489561
0.21	0.51	0.510057
0.21	0.53	0.530343
0.21	0.55	0.550274
0.21	0.57	0.569711
0.21	0.59	0.588521
0.21	0.61	0.60658
0.21	0.63	0.623767
0.21	0.65	0.63994
0.21	0.67	0.654923
0.21	0.69	0.668498
0.21	0.71	0.680425
0.21	0.73	0.690521
0.21	0.75	0.698773
0.21	0.77	0.705485
0.21	0.79	0.711382
0.21	0.81	0.717632
0.21	0.83	0.725746
0.21	0.85	0.737353
0.21	0.87	0.753833
0.21	0.89	0.775762
0.21	0.91	0.802139
0.21	0.93	0.829606
0.21	0.95	0.852576
0.21	0.97	0.865704
0.21	0.99	0.868204
0.21	1	0.868204

0.23	0	0.180254
0.23	0.01	0.180254
0.23	0.03	0.180571
0.23	0.05	0.181778
0.23	0.07	0.184246
0.23	0.09	0.188182
0.23	0.11	0.193672
0.23	0.13	0.200712
0.23	0.15	0.209237
0.23	0.17	0.219142
0.23	0.19	0.230297
0.23	0.21	0.242563
0.23	0.23	0.25581
0.23	0.25	0.26993
0.23	0.27	0.284849
0.23	0.29	0.300524
0.23	0.31	0.316935
0.23	0.33	0.334069
0.23	0.35	0.351904
0.23	0.37	0.3704
0.23	0.39	0.389497
0.23	0.41	0.409115
0.23	0.43	0.429163
0.23	0.45	0.449543
0.23	0.47	0.470151
0.23	0.49	0.49088
0.23	0.51	0.511609
0.23	0.53	0.532214
0.23	0.55	0.552557
0.23	0.57	0.572504
0.23	0.59	0.591923
0.23	0.61	0.610688
0.23	0.63	0.628672
0.23	0.65	0.645723
0.23	0.67	0.66164
0.23	0.69	0.67616
0.23	0.71	0.688984
0.23	0.73	0.699854
0.23	0.75	0.708705
0.23	0.77	0.71582
0.23	0.79	0.721944
0.23	0.81	0.728278
0.23	0.83	0.736336
0.23	0.85	0.747671
0.23	0.87	0.763473
0.23	0.89	0.784026
0.23	0.91	0.808025
0.23	0.93	0.832102
0.23	0.95	0.851378
0.23	0.97	0.861868
0.23	0.99	0.863738
0.23	1	0.863738

0.25	0	0.178761
0.25	0.01	0.178761
0.25	0.03	0.179095
0.25	0.05	0.180307
0.25	0.07	0.182764
0.25	0.09	0.186685
0.25	0.11	0.192171
0.25	0.13	0.199238
0.25	0.15	0.207842
0.25	0.17	0.217888
0.25	0.19	0.229248
0.25	0.21	0.241777
0.25	0.23	0.255321
0.25	0.25	0.269747
0.25	0.27	0.284951
0.25	0.29	0.300866
0.25	0.31	0.317456
0.25	0.33	0.3347
0.25	0.35	0.352581
0.25	0.37	0.371066
0.25	0.39	0.390108
0.25	0.41	0.409639
0.25	0.43	0.429585
0.25	0.45	0.449863
0.25	0.47	0.470386
0.25	0.49	0.491066
0.25	0.51	0.511807
0.25	0.53	0.532507
0.25	0.55	0.55305
0.25	0.57	0.573321
0.25	0.59	0.593203
0.25	0.61	0.612578
0.25	0.63	0.631323
0.25	0.65	0.649276
0.25	0.67	0.666213
0.25	0.69	0.681824
0.25	0.71	0.695738
0.25	0.73	0.707624
0.25	0.75	0.717353
0.25	0.77	0.725185
0.25	0.79	0.731869
0.25	0.81	0.738617
0.25	0.83	0.746902
0.25	0.85	0.75815
0.25	0.87	0.773315
0.25	0.89	0.79238
0.25	0.91	0.81383
0.25	0.93	0.834478
0.25	0.95	0.850282
0.25	0.97	0.858485
0.25	0.99	0.859873
0.25	1	0.859873

0.27	0	0.1773
0.27	0.01	0.1773
0.27	0.03	0.17764
0.27	0.05	0.178846
0.27	0.07	0.181282
0.27	0.09	0.185174
0.27	0.11	0.190637
0.27	0.13	0.197708
0.27	0.15	0.206359
0.27	0.17	0.216514
0.27	0.19	0.228053
0.27	0.21	0.240823
0.27	0.23	0.254658
0.27	0.25	0.269394
0.27	0.27	0.284897
0.27	0.29	0.30107
0.27	0.31	0.317857
0.27	0.33	0.335225
0.27	0.35	0.353154
0.27	0.37	0.371616
0.27	0.39	0.390573
0.27	0.41	0.409971
0.27	0.43	0.429747
0.27	0.45	0.449832
0.27	0.47	0.470158
0.27	0.49	0.490657
0.27	0.51	0.511258
0.27	0.53	0.531886
0.27	0.55	0.55246
0.27	0.57	0.572892
0.27	0.59	0.593091
0.27	0.61	0.612962
0.27	0.63	0.632388
0.27	0.65	0.651206
0.27	0.67	0.669167
0.27	0.69	0.685912
0.27	0.71	0.701004
0.27	0.73	0.714032
0.27	0.75	0.724804
0.27	0.77	0.733544
0.27	0.79	0.740992
0.27	0.81	0.74834
0.27	0.83	0.75699
0.27	0.85	0.768202
0.27	0.87	0.782683
0.27	0.89	0.800156
0.27	0.91	0.819013
0.27	0.93	0.836397
0.27	0.95	0.849123
0.27	0.97	0.855449
0.27	0.99	0.856481
0.27	1	0.856481

0.29	0	0.175852
0.29	0.01	0.175852
0.29	0.03	0.176192
0.29	0.05	0.177385
0.29	0.07	0.17979
0.29	0.09	0.183639
0.29	0.11	0.189061
0.29	0.13	0.196108
0.29	0.15	0.204775
0.29	0.17	0.215006
0.29	0.19	0.226693
0.29	0.21	0.239685
0.29	0.23	0.253801
0.29	0.25	0.268853
0.29	0.27	0.284673
0.29	0.29	0.301132
0.29	0.31	0.318145
0.29	0.33	0.335666
0.29	0.35	0.353666
0.29	0.37	0.372122
0.29	0.39	0.391001
0.29	0.41	0.41026
0.29	0.43	0.429848
0.29	0.45	0.449709
0.29	0.47	0.469789
0.29	0.49	0.49004
0.29	0.51	0.510415
0.29	0.53	0.53087
0.29	0.55	0.551358
0.29	0.57	0.571826
0.29	0.59	0.592219
0.29	0.61	0.612466
0.29	0.63	0.63247
0.29	0.65	0.652066
0.29	0.67	0.670987
0.29	0.69	0.68883
0.29	0.71	0.705093
0.29	0.73	0.719293
0.29	0.75	0.731174
0.29	0.77	0.740913
0.29	0.79	0.749221
0.29	0.81	0.757244
0.29	0.83	0.76628
0.29	0.85	0.777415
0.29	0.87	0.791125
0.29	0.89	0.806944
0.29	0.91	0.823289
0.29	0.93	0.837717
0.29	0.95	0.847841
0.29	0.97	0.852691
0.29	0.99	0.853465
0.29	1	0.853465

0.31	0	0.174407
0.31	0.01	0.174407
0.31	0.03	0.174743
0.31	0.05	0.175916
0.31	0.07	0.178282
0.31	0.09	0.182075
0.31	0.11	0.187435
0.31	0.13	0.194433
0.31	0.15	0.203083
0.31	0.17	0.213354
0.31	0.19	0.225156
0.31	0.21	0.238346
0.31	0.23	0.252733
0.31	0.25	0.268104
0.31	0.27	0.284259
0.31	0.29	0.301033
0.31	0.31	0.31831
0.31	0.33	0.336022
0.31	0.35	0.35413
0.31	0.37	0.37261
0.31	0.39	0.391437
0.31	0.41	0.410577
0.31	0.43	0.429989
0.31	0.45	0.449631
0.31	0.47	0.469461
0.31	0.49	0.489448
0.31	0.51	0.509567
0.31	0.53	0.5298
0.31	0.55	0.550135
0.31	0.57	0.570555
0.31	0.59	0.591042
0.31	0.61	0.611556
0.31	0.63	0.63202
0.31	0.65	0.652277
0.31	0.67	0.672044
0.31	0.69	0.690886
0.31	0.71	0.708245
0.31	0.73	0.723575
0.31	0.75	0.736556
0.31	0.77	0.747309
0.31	0.79	0.756494
0.31	0.81	0.765182
0.31	0.83	0.774556
0.31	0.85	0.785526
0.31	0.87	0.798383
0.31	0.89	0.812552
0.31	0.91	0.826567
0.31	0.93	0.83843
0.31	0.95	0.84644
0.31	0.97	0.850164
0.31	0.99	0.850752
0.31	1	0.850752

0.33	0	0.17296
0.33	0.01	0.17296
0.33	0.03	0.17329
0.33	0.05	0.174438
0.33	0.07	0.176757
0.33	0.09	0.180482
0.33	0.11	0.185762
0.33	0.13	0.192683
0.33	0.15	0.201284
0.33	0.17	0.211557
0.33	0.19	0.223438
0.33	0.21	0.236796
0.33	0.23	0.251436
0.33	0.25	0.267128
0.33	0.27	0.283634
0.33	0.29	0.300752
0.33	0.31	0.31833
0.33	0.33	0.336274
0.33	0.35	0.354532
0.33	0.37	0.373077
0.33	0.39	0.391888
0.33	0.41	0.410941
0.33	0.43	0.430208
0.33	0.45	0.449656
0.33	0.47	0.469258
0.33	0.49	0.488996
0.33	0.51	0.508862
0.33	0.53	0.528864
0.33	0.55	0.549016
0.33	0.57	0.569337
0.33	0.59	0.589843
0.33	0.61	0.610526
0.33	0.63	0.631331
0.33	0.65	0.652113
0.33	0.67	0.672583
0.33	0.69	0.692284
0.33	0.71	0.710619
0.33	0.73	0.726988
0.33	0.75	0.74101
0.33	0.77	0.752741
0.33	0.79	0.762767
0.33	0.81	0.772066
0.33	0.83	0.781692
0.33	0.85	0.792406
0.33	0.87	0.804361
0.33	0.89	0.816951
0.33	0.91	0.828888
0.33	0.93	0.838606
0.33	0.95	0.84495
0.33	0.97	0.847834
0.33	0.99	0.848289
0.33	1	0.848289

0.35	0	0.171508
0.35	0.01	0.171508
0.35	0.03	0.17183
0.35	0.05	0.172951
0.35	0.07	0.175216
0.35	0.09	0.178863
0.35	0.11	0.184046
0.35	0.13	0.190867
0.35	0.15	0.199387
0.35	0.17	0.209625
0.35	0.19	0.221544
0.35	0.21	0.235034
0.35	0.23	0.249905
0.35	0.25	0.265909
0.35	0.27	0.282777
0.35	0.29	0.300265
0.35	0.31	0.318181
0.35	0.33	0.336401
0.35	0.35	0.354854
0.35	0.37	0.373506
0.35	0.39	0.392341
0.35	0.41	0.411346
0.35	0.43	0.430502
0.35	0.45	0.449792
0.35	0.47	0.469199
0.35	0.49	0.488718
0.35	0.51	0.508356
0.35	0.53	0.528138
0.35	0.55	0.548103
0.35	0.57	0.568298
0.35	0.59	0.588767
0.35	0.61	0.609533
0.35	0.63	0.630565
0.35	0.65	0.651731
0.35	0.67	0.672748
0.35	0.69	0.693148
0.35	0.71	0.712312
0.35	0.73	0.729599
0.35	0.75	0.744572
0.35	0.77	0.757214
0.35	0.79	0.768016
0.35	0.81	0.777849
0.35	0.83	0.787642
0.35	0.85	0.798029
0.35	0.87	0.80908
0.35	0.89	0.82022
0.35	0.91	0.83037
0.35	0.93	0.838345
0.35	0.95	0.843408
0.35	0.97	0.845674
0.35	0.99	0.846033
0.35	1	0.846033

0.37	0	0.170049
0.37	0.01	0.17005
0.37	0.03	0.170363
0.37	0.05	0.171454
0.37	0.07	0.173663
0.37	0.09	0.177225
0.37	0.11	0.182301
0.37	0.13	0.189005
0.37	0.15	0.197415
0.37	0.17	0.20758
0.37	0.19	0.219495
0.37	0.21	0.233075
0.37	0.23	0.248144
0.37	0.25	0.264443
0.37	0.27	0.281676
0.37	0.29	0.299554
0.37	0.31	0.317842
0.37	0.33	0.336378
0.37	0.35	0.355068
0.37	0.37	0.373872
0.37	0.39	0.392773
0.37	0.41	0.411768
0.37	0.43	0.430852
0.37	0.45	0.45002
0.37	0.47	0.46927
0.37	0.49	0.488605
0.37	0.51	0.508046
0.37	0.53	0.527632
0.37	0.55	0.547419
0.37	0.57	0.567474
0.37	0.59	0.587867
0.37	0.61	0.608644
0.37	0.63	0.629797
0.37	0.65	0.651212
0.37	0.67	0.672618
0.37	0.69	0.693551
0.37	0.71	0.713385
0.37	0.73	0.731453
0.37	0.75	0.747269
0.37	0.77	0.760735
0.37	0.79	0.77224
0.37	0.81	0.782532
0.37	0.83	0.792422
0.37	0.85	0.802447
0.37	0.87	0.81264
0.37	0.89	0.822498
0.37	0.91	0.831155
0.37	0.93	0.837752
0.37	0.95	0.841846
0.37	0.97	0.843661
0.37	0.99	0.843951
0.37	1	0.843951

0.39	0	0.168583
0.39	0.01	0.168584
0.39	0.03	0.168888
0.39	0.05	0.16995
0.39	0.07	0.172102
0.39	0.09	0.175579
0.39	0.11	0.180545
0.39	0.13	0.18712
0.39	0.15	0.1954
0.39	0.17	0.205458
0.39	0.19	0.217324
0.39	0.21	0.230946
0.39	0.23	0.246171
0.39	0.25	0.262739
0.39	0.27	0.280328
0.39	0.29	0.298607
0.39	0.31	0.317294
0.39	0.33	0.336183
0.39	0.35	0.355154
0.39	0.37	0.374151
0.39	0.39	0.393158
0.39	0.41	0.412182
0.39	0.43	0.431231
0.39	0.45	0.450314
0.39	0.47	0.469441
0.39	0.49	0.488628
0.39	0.51	0.507906
0.39	0.53	0.527323
0.39	0.55	0.546946
0.39	0.57	0.566857
0.39	0.59	0.587144
0.39	0.61	0.607871
0.39	0.63	0.629051
0.39	0.65	0.65059
0.39	0.67	0.672235
0.39	0.69	0.693539
0.39	0.71	0.713883
0.39	0.73	0.732591
0.39	0.75	0.749131
0.39	0.77	0.763329
0.39	0.79	0.77546
0.39	0.81	0.78615
0.39	0.83	0.796095
0.39	0.85	0.805761
0.39	0.87	0.815179
0.39	0.89	0.823942
0.39	0.91	0.831389
0.39	0.93	0.836916
0.39	0.95	0.840289
0.39	0.97	0.841776
0.39	0.99	0.842015
0.39	1	0.842015

0.41	0	0.167108
0.41	0.01	0.167108
0.41	0.03	0.167405
0.41	0.05	0.168439
0.41	0.07	0.170539
0.41	0.09	0.173939
0.41	0.11	0.178802
0.41	0.13	0.185249
0.41	0.15	0.193388
0.41	0.17	0.203312
0.41	0.19	0.215084
0.41	0.21	0.228697
0.41	0.23	0.244025
0.41	0.25	0.260823
0.41	0.27	0.278747
0.41	0.29	0.297428
0.41	0.31	0.31653
0.41	0.33	0.335803
0.41	0.35	0.355092
0.41	0.37	0.374321
0.41	0.39	0.393475
0.41	0.41	0.412565
0.41	0.43	0.431613
0.41	0.45	0.450645
0.41	0.47	0.469683
0.41	0.49	0.488755
0.41	0.51	0.507901
0.41	0.53	0.527174
0.41	0.55	0.54665
0.41	0.57	0.566419
0.41	0.59	0.586578
0.41	0.61	0.607207
0.41	0.63	0.628333
0.41	0.65	0.649884
0.41	0.67	0.671631
0.41	0.69	0.693153
0.41	0.71	0.713852
0.41	0.73	0.733055
0.41	0.75	0.7502
0.41	0.77	0.765035
0.41	0.79	0.777723
0.41	0.81	0.788764
0.41	0.83	0.79875
0.41	0.85	0.808094
0.41	0.87	0.816847
0.41	0.89	0.824709
0.41	0.91	0.831196
0.41	0.93	0.835909
0.41	0.95	0.83875
0.41	0.97	0.839999
0.41	0.99	0.840202
0.41	1	0.840202

0.43	0	0.165619
0.43	0.01	0.16562
0.43	0.03	0.16591
0.43	0.05	0.166923
0.43	0.07	0.168982
0.43	0.09	0.172321
0.43	0.11	0.177098
0.43	0.13	0.183434
0.43	0.15	0.191433
0.43	0.17	0.201206
0.43	0.19	0.212847
0.43	0.21	0.226393
0.43	0.23	0.241765
0.43	0.25	0.258739
0.43	0.27	0.276963
0.43	0.29	0.29603
0.43	0.31	0.315554
0.43	0.33	0.335233
0.43	0.35	0.35487
0.43	0.37	0.374368
0.43	0.39	0.393704
0.43	0.41	0.412894
0.43	0.43	0.431975
0.43	0.45	0.450987
0.43	0.47	0.469967
0.43	0.49	0.488955
0.43	0.51	0.507996
0.43	0.53	0.527151
0.43	0.55	0.546497
0.43	0.57	0.566128
0.43	0.59	0.586145
0.43	0.61	0.606636
0.43	0.63	0.627642
0.43	0.65	0.64911
0.43	0.67	0.670837
0.43	0.69	0.692438
0.43	0.71	0.713347
0.43	0.73	0.732906
0.43	0.75	0.750534
0.43	0.77	0.765911
0.43	0.79	0.779092
0.43	0.81	0.790454
0.43	0.83	0.800492
0.43	0.85	0.809574
0.43	0.87	0.817786
0.43	0.89	0.824931
0.43	0.91	0.830679
0.43	0.93	0.834783
0.43	0.95	0.837236
0.43	0.97	0.838315
0.43	0.99	0.838491
0.43	1	0.838491

0.45	0	0.164115
0.45	0.01	0.164115
0.45	0.03	0.164402
0.45	0.05	0.165401
0.45	0.07	0.167437
0.45	0.09	0.170741
0.45	0.11	0.175467
0.45	0.13	0.181722
0.45	0.15	0.189601
0.45	0.17	0.199218
0.45	0.19	0.210696
0.45	0.21	0.224122
0.45	0.23	0.23947
0.45	0.25	0.256553
0.45	0.27	0.275025
0.45	0.29	0.294448
0.45	0.31	0.314385
0.45	0.33	0.334478
0.45	0.35	0.354485
0.45	0.37	0.37428
0.45	0.39	0.39383
0.45	0.41	0.413154
0.45	0.43	0.432299
0.45	0.45	0.45132
0.45	0.47	0.470271
0.45	0.49	0.489202
0.45	0.51	0.508166
0.45	0.53	0.527226
0.45	0.55	0.54646
0.45	0.57	0.56596
0.45	0.59	0.585827
0.45	0.61	0.606152
0.45	0.63	0.626985
0.45	0.65	0.648289
0.45	0.67	0.669894
0.45	0.69	0.69145
0.45	0.71	0.712434
0.45	0.73	0.732217
0.45	0.75	0.750209
0.45	0.77	0.766035
0.45	0.79	0.779649
0.45	0.81	0.791311
0.45	0.83	0.801426
0.45	0.85	0.810324
0.45	0.87	0.818123
0.45	0.89	0.824721
0.45	0.91	0.829916
0.45	0.93	0.833573
0.45	0.95	0.835749
0.45	0.97	0.836706
0.45	0.99	0.836863
0.45	1	0.836863

0.47	0	0.162588
0.47	0.01	0.162588
0.47	0.03	0.162875
0.47	0.05	0.163874
0.47	0.07	0.165912
0.47	0.09	0.16922
0.47	0.11	0.173944
0.47	0.13	0.180168
0.47	0.15	0.187965
0.47	0.17	0.197438
0.47	0.19	0.208733
0.47	0.21	0.221986
0.47	0.23	0.237237
0.47	0.25	0.254351
0.47	0.27	0.273003
0.47	0.29	0.292733
0.47	0.31	0.313056
0.47	0.33	0.333557
0.47	0.35	0.353943
0.47	0.37	0.374056
0.47	0.39	0.393845
0.47	0.41	0.41333
0.47	0.43	0.432568
0.47	0.45	0.451627
0.47	0.47	0.470576
0.47	0.49	0.489476
0.47	0.51	0.508388
0.47	0.53	0.527376
0.47	0.55	0.546516
0.47	0.57	0.565895
0.47	0.59	0.585611
0.47	0.61	0.605752
0.47	0.63	0.626372
0.47	0.65	0.647453
0.47	0.67	0.668849
0.47	0.69	0.690255
0.47	0.71	0.711195
0.47	0.73	0.731076
0.47	0.75	0.749316
0.47	0.77	0.765497
0.47	0.79	0.779486
0.47	0.81	0.791435
0.47	0.83	0.801658
0.47	0.85	0.810452
0.47	0.87	0.817962
0.47	0.89	0.824165
0.47	0.91	0.828962
0.47	0.93	0.832304
0.47	0.95	0.834286
0.47	0.97	0.83516
0.47	0.99	0.835303
0.47	1	0.835303

0.49	0	0.161031
0.49	0.01	0.161031
0.49	0.03	0.161324
0.49	0.05	0.162338
0.49	0.07	0.164411
0.49	0.09	0.167777
0.49	0.11	0.172566
0.49	0.13	0.17883
0.49	0.15	0.186602
0.49	0.17	0.195963
0.49	0.19	0.207066
0.49	0.21	0.2201
0.49	0.23	0.235179
0.49	0.25	0.252237
0.49	0.27	0.270983
0.49	0.29	0.290953
0.49	0.31	0.311616
0.49	0.33	0.332501
0.49	0.35	0.353261
0.49	0.37	0.3737
0.49	0.39	0.393745
0.49	0.41	0.413414
0.49	0.43	0.43277
0.49	0.45	0.451894
0.49	0.47	0.470867
0.49	0.49	0.489762
0.49	0.51	0.508645
0.49	0.53	0.527584
0.49	0.55	0.54665
0.49	0.57	0.565922
0.49	0.59	0.585491
0.49	0.61	0.60544
0.49	0.63	0.625823
0.49	0.65	0.646635
0.49	0.67	0.667757
0.49	0.69	0.688926
0.49	0.71	0.709717
0.49	0.73	0.729584
0.49	0.75	0.747961
0.49	0.77	0.764404
0.49	0.79	0.778708
0.49	0.81	0.790927
0.49	0.83	0.801291
0.49	0.85	0.810058
0.49	0.87	0.817392
0.49	0.89	0.823332
0.49	0.91	0.82786
0.49	0.93	0.83099
0.49	0.95	0.832842
0.49	0.97	0.833662
0.49	0.99	0.833796
0.49	1	0.833796

0.51	0	0.159434
0.51	0.01	0.159435
0.51	0.03	0.159739
0.51	0.05	0.160791
0.51	0.07	0.162943
0.51	0.09	0.166435
0.51	0.11	0.171376
0.51	0.13	0.177771
0.51	0.15	0.185598
0.51	0.17	0.194893
0.51	0.19	0.205812
0.51	0.21	0.218588
0.51	0.23	0.23342
0.51	0.25	0.250326
0.51	0.27	0.269069
0.51	0.29	0.28919
0.51	0.31	0.310128
0.51	0.33	0.331353
0.51	0.35	0.352464
0.51	0.37	0.373223
0.51	0.39	0.393532
0.51	0.41	0.413401
0.51	0.43	0.432895
0.51	0.45	0.452107
0.51	0.47	0.471129
0.51	0.49	0.490044
0.51	0.51	0.508924
0.51	0.53	0.527837
0.51	0.55	0.546849
0.51	0.57	0.566033
0.51	0.59	0.585465
0.51	0.61	0.605223
0.51	0.63	0.625358
0.51	0.65	0.645873
0.51	0.67	0.666673
0.51	0.69	0.687537
0.51	0.71	0.708092
0.51	0.73	0.727843
0.51	0.75	0.746254
0.51	0.77	0.762869
0.51	0.79	0.777425
0.51	0.81	0.789892
0.51	0.83	0.800422
0.51	0.85	0.80923
0.51	0.87	0.816485
0.51	0.89	0.822274
0.51	0.91	0.826638
0.51	0.93	0.829638
0.51	0.95	0.831413
0.51	0.97	0.8322
0.51	0.99	0.832329
0.51	1	0.832329

0.53	0	0.157787
0.53	0.01	0.157787
0.53	0.03	0.158112
0.53	0.05	0.159228
0.53	0.07	0.161516
0.53	0.09	0.165221
0.53	0.11	0.170422
0.53	0.13	0.177063
0.53	0.15	0.185041
0.53	0.17	0.194336
0.53	0.19	0.205089
0.53	0.21	0.217578
0.53	0.23	0.23209
0.53	0.25	0.248742
0.53	0.27	0.267371
0.53	0.29	0.28754
0.53	0.31	0.308664
0.53	0.33	0.330165
0.53	0.35	0.351585
0.53	0.37	0.372641
0.53	0.39	0.393209
0.53	0.41	0.413285
0.53	0.43	0.432934
0.53	0.45	0.452255
0.53	0.47	0.47135
0.53	0.49	0.490309
0.53	0.51	0.509211
0.53	0.53	0.528122
0.53	0.55	0.547103
0.53	0.57	0.566218
0.53	0.59	0.585532
0.53	0.61	0.605109
0.53	0.63	0.624996
0.53	0.65	0.645201
0.53	0.67	0.66565
0.53	0.69	0.68616
0.53	0.71	0.70641
0.53	0.73	0.725959
0.53	0.75	0.74431
0.53	0.77	0.761008
0.53	0.79	0.77575
0.53	0.81	0.788437
0.53	0.83	0.799147
0.53	0.85	0.808048
0.53	0.87	0.815305
0.53	0.89	0.821036
0.53	0.91	0.825321
0.53	0.93	0.828256
0.53	0.95	0.829993
0.53	0.97	0.830766
0.53	0.99	0.830891
0.53	1	0.830891

0.55	0	0.156075
0.55	0.01	0.156075
0.55	0.03	0.156429
0.55	0.05	0.157646
0.55	0.07	0.160141
0.55	0.09	0.164168
0.55	0.11	0.169764
0.55	0.13	0.176785
0.55	0.15	0.18503
0.55	0.17	0.194401
0.55	0.19	0.205015
0.55	0.21	0.217192
0.55	0.23	0.231314
0.55	0.25	0.24761
0.55	0.27	0.266003
0.55	0.29	0.2861
0.55	0.31	0.307304
0.55	0.33	0.328994
0.55	0.35	0.350661
0.55	0.37	0.371975
0.55	0.39	0.392782
0.55	0.41	0.413062
0.55	0.43	0.432876
0.55	0.45	0.452324
0.55	0.47	0.471514
0.55	0.49	0.490542
0.55	0.51	0.509491
0.55	0.53	0.528425
0.55	0.55	0.547401
0.55	0.57	0.566471
0.55	0.59	0.585687
0.55	0.61	0.6051
0.55	0.63	0.624751
0.55	0.65	0.644647
0.55	0.67	0.664733
0.55	0.69	0.684858
0.55	0.71	0.704753
0.55	0.73	0.724031
0.55	0.75	0.742239
0.55	0.77	0.758937
0.55	0.79	0.773798
0.55	0.81	0.786667
0.55	0.83	0.797556
0.55	0.85	0.806587
0.55	0.87	0.813909
0.55	0.89	0.819652
0.55	0.91	0.823925
0.55	0.93	0.826846
0.55	0.95	0.828578
0.55	0.97	0.82935
0.55	0.99	0.829475
0.55	1	0.829475

0.57	0	0.154282
0.57	0.01	0.154282
0.57	0.03	0.154678
0.57	0.05	0.156041
0.57	0.07	0.158837
0.57	0.09	0.163323
0.57	0.11	0.169475
0.57	0.13	0.177033
0.57	0.15	0.185671
0.57	0.17	0.195199
0.57	0.19	0.205705
0.57	0.21	0.21755
0.57	0.23	0.231213
0.57	0.25	0.247047
0.57	0.27	0.265078
0.57	0.29	0.284969
0.57	0.31	0.306128
0.57	0.33	0.327899
0.57	0.35	0.349728
0.57	0.37	0.371241
0.57	0.39	0.392254
0.57	0.41	0.412725
0.57	0.43	0.432706
0.57	0.45	0.452296
0.57	0.47	0.471602
0.57	0.49	0.490725
0.57	0.51	0.509747
0.57	0.53	0.528732
0.57	0.55	0.547729
0.57	0.57	0.56678
0.57	0.59	0.585924
0.57	0.61	0.605198
0.57	0.63	0.624632
0.57	0.65	0.644232
0.57	0.67	0.663957
0.57	0.69	0.683684
0.57	0.71	0.70319
0.57	0.73	0.722144
0.57	0.75	0.74014
0.57	0.77	0.756763
0.57	0.79	0.771676
0.57	0.81	0.784682
0.57	0.83	0.795738
0.57	0.85	0.804918
0.57	0.87	0.812347
0.57	0.89	0.818156
0.57	0.91	0.822468
0.57	0.93	0.825415
0.57	0.95	0.827163
0.57	0.97	0.827946
0.57	0.99	0.828073
0.57	1	0.828073

0.59	0	0.152389
0.59	0.01	0.152389
0.59	0.03	0.152844
0.59	0.05	0.154413
0.59	0.07	0.157631
0.59	0.09	0.16275
0.59	0.11	0.169651
0.59	0.13	0.177921
0.59	0.15	0.187083
0.59	0.17	0.196846
0.59	0.19	0.207268
0.59	0.21	0.218756
0.59	0.23	0.231893
0.59	0.25	0.247159
0.59	0.27	0.264697
0.59	0.29	0.284238
0.59	0.31	0.305209
0.59	0.33	0.326934
0.59	0.35	0.34882
0.59	0.37	0.370455
0.59	0.39	0.391623
0.59	0.41	0.41226
0.59	0.43	0.432406
0.59	0.45	0.452148
0.59	0.47	0.471592
0.59	0.49	0.490836
0.59	0.51	0.50996
0.59	0.53	0.529024
0.59	0.55	0.548071
0.59	0.57	0.567132
0.59	0.59	0.586233
0.59	0.61	0.605396
0.59	0.63	0.62464
0.59	0.65	0.643968
0.59	0.67	0.663345
0.59	0.69	0.682676
0.59	0.71	0.701778
0.59	0.73	0.720371
0.59	0.75	0.738099
0.59	0.77	0.754581
0.59	0.79	0.769482
0.59	0.81	0.782576
0.59	0.83	0.793775
0.59	0.85	0.803107
0.59	0.87	0.810669
0.59	0.89	0.816579
0.59	0.91	0.820966
0.59	0.93	0.823965
0.59	0.95	0.825749
0.59	0.97	0.826549
0.59	0.99	0.82668
0.59	1	0.82668

0.61	0	0.150375
0.61	0.01	0.150375
0.61	0.03	0.150911
0.61	0.05	0.152769
0.61	0.07	0.156567
0.61	0.09	0.162535
0.61	0.11	0.17041
0.61	0.13	0.179581
0.61	0.15	0.189395
0.61	0.17	0.199456
0.61	0.19	0.209805
0.61	0.21	0.220903
0.61	0.23	0.233442
0.61	0.25	0.248036
0.61	0.27	0.264948
0.61	0.29	0.283988
0.61	0.31	0.304614
0.61	0.33	0.326147
0.61	0.35	0.347965
0.61	0.37	0.369625
0.61	0.39	0.390882
0.61	0.41	0.411649
0.61	0.43	0.431947
0.61	0.45	0.45185
0.61	0.47	0.471452
0.61	0.49	0.490844
0.61	0.51	0.510101
0.61	0.53	0.529276
0.61	0.55	0.548405
0.61	0.57	0.567508
0.61	0.59	0.586598
0.61	0.61	0.605683
0.61	0.63	0.62477
0.61	0.65	0.643855
0.61	0.67	0.66291
0.61	0.69	0.681858
0.61	0.71	0.700554
0.61	0.73	0.718766
0.61	0.75	0.736187
0.61	0.77	0.752472
0.61	0.79	0.7673
0.61	0.81	0.780432
0.61	0.83	0.791741
0.61	0.85	0.801215
0.61	0.87	0.808917
0.61	0.89	0.814949
0.61	0.91	0.819432
0.61	0.93	0.822503
0.61	0.95	0.824334
0.61	0.97	0.825158
0.61	0.99	0.825292
0.61	1	0.825292

0.63	0	0.148216
0.63	0.01	0.148216
0.63	0.03	0.148864
0.63	0.05	0.151121
0.63	0.07	0.155706
0.63	0.09	0.162789
0.63	0.11	0.171896
0.63	0.13	0.182163
0.63	0.15	0.192741
0.63	0.17	0.203141
0.63	0.19	0.213403
0.63	0.21	0.224063
0.63	0.23	0.23593
0.63	0.25	0.249748
0.63	0.27	0.265901
0.63	0.29	0.284284
0.63	0.31	0.304402
0.63	0.33	0.32558
0.63	0.35	0.347186
0.63	0.37	0.368756
0.63	0.39	0.390019
0.63	0.41	0.410868
0.63	0.43	0.431299
0.63	0.45	0.451366
0.63	0.47	0.471147
0.63	0.49	0.490717
0.63	0.51	0.510139
0.63	0.53	0.52946
0.63	0.55	0.548706
0.63	0.57	0.567885
0.63	0.59	0.586999
0.63	0.61	0.606042
0.63	0.63	0.625008
0.63	0.65	0.643886
0.63	0.67	0.662651
0.63	0.69	0.681242
0.63	0.71	0.699543
0.63	0.73	0.717366
0.63	0.75	0.734452
0.63	0.77	0.750497
0.63	0.79	0.765201
0.63	0.81	0.778319
0.63	0.83	0.7897
0.63	0.85	0.799294
0.63	0.87	0.807132
0.63	0.89	0.813292
0.63	0.91	0.817883
0.63	0.93	0.821034
0.63	0.95	0.822918
0.63	0.97	0.823768
0.63	0.99	0.823908
0.63	1	0.823908

0.65	0	0.145886
0.65	0.01	0.145886
0.65	0.03	0.146688
0.65	0.05	0.149492
0.65	0.07	0.155131
0.65	0.09	0.163649
0.65	0.11	0.174273
0.65	0.13	0.185825
0.65	0.15	0.197252
0.65	0.17	0.207994
0.65	0.19	0.218128
0.65	0.21	0.228288
0.65	0.23	0.239403
0.65	0.25	0.252346
0.65	0.27	0.267612
0.65	0.29	0.285186
0.65	0.31	0.304623
0.65	0.33	0.325274
0.65	0.35	0.346511
0.65	0.37	0.367858
0.65	0.39	0.389032
0.65	0.41	0.409899
0.65	0.43	0.430434
0.65	0.45	0.450663
0.65	0.47	0.470639
0.65	0.49	0.490416
0.65	0.51	0.510041
0.65	0.53	0.529545
0.65	0.55	0.548945
0.65	0.57	0.568238
0.65	0.59	0.587413
0.65	0.61	0.606452
0.65	0.63	0.625336
0.65	0.65	0.644048
0.65	0.67	0.66256
0.65	0.69	0.680825
0.65	0.71	0.698751
0.65	0.73	0.71619
0.65	0.75	0.732928
0.65	0.77	0.748701
0.65	0.79	0.763236
0.65	0.81	0.776293
0.65	0.83	0.787704
0.65	0.85	0.797389
0.65	0.87	0.805347
0.65	0.89	0.81163
0.65	0.91	0.816329
0.65	0.93	0.819565
0.65	0.95	0.821504
0.65	0.97	0.822381
0.65	0.99	0.822526
0.65	1	0.822526

0.67	0	0.143351
0.67	0.01	0.143352
0.67	0.03	0.144366
0.67	0.05	0.147919
0.67	0.07	0.154948
0.67	0.09	0.165271
0.67	0.11	0.177707
0.67	0.13	0.19071
0.67	0.15	0.20303
0.67	0.17	0.21408
0.67	0.19	0.224018
0.67	0.21	0.233601
0.67	0.23	0.243887
0.67	0.25	0.255865
0.67	0.27	0.270131
0.67	0.29	0.286749
0.67	0.31	0.305337
0.67	0.33	0.325285
0.67	0.35	0.345984
0.67	0.37	0.366966
0.67	0.39	0.387937
0.67	0.41	0.408748
0.67	0.43	0.429344
0.67	0.45	0.449723
0.67	0.47	0.469904
0.67	0.49	0.489913
0.67	0.51	0.509774
0.67	0.53	0.529501
0.67	0.55	0.549094
0.67	0.57	0.568539
0.67	0.59	0.587814
0.67	0.61	0.606888
0.67	0.63	0.625733
0.67	0.65	0.644319
0.67	0.67	0.662621
0.67	0.69	0.680596
0.67	0.71	0.698177
0.67	0.73	0.715246
0.67	0.75	0.731631
0.67	0.77	0.747111
0.67	0.79	0.761441
0.67	0.81	0.774393
0.67	0.83	0.785792
0.67	0.85	0.795534
0.67	0.87	0.803589
0.67	0.89	0.809982
0.67	0.91	0.814783
0.67	0.93	0.818099
0.67	0.95	0.820092
0.67	0.97	0.820996
0.67	0.99	0.821145
0.67	1	0.821145

0.69	0	0.140578
0.69	0.01	0.140578
0.69	0.03	0.141887
0.69	0.05	0.14645
0.69	0.07	0.155274
0.69	0.09	0.16781
0.69	0.11	0.182341
0.69	0.13	0.196919
0.69	0.15	0.210126
0.69	0.17	0.221412
0.69	0.19	0.231066
0.69	0.21	0.239998
0.69	0.23	0.249391
0.69	0.25	0.260335
0.69	0.27	0.273507
0.69	0.29	0.289043
0.69	0.31	0.306627
0.69	0.33	0.325701
0.69	0.35	0.345696
0.69	0.37	0.366163
0.69	0.39	0.38681
0.69	0.41	0.407473
0.69	0.43	0.428072
0.69	0.45	0.448571
0.69	0.47	0.468952
0.69	0.49	0.489207
0.69	0.51	0.509331
0.69	0.53	0.529312
0.69	0.55	0.549133
0.69	0.57	0.568768
0.69	0.59	0.588181
0.69	0.61	0.60733
0.69	0.63	0.626175
0.69	0.65	0.644679
0.69	0.67	0.662812
0.69	0.69	0.680539
0.69	0.71	0.697806
0.69	0.73	0.714526
0.69	0.75	0.730564
0.69	0.77	0.745737
0.69	0.79	0.759834
0.69	0.81	0.772644
0.69	0.83	0.783991
0.69	0.85	0.793754
0.69	0.87	0.801878
0.69	0.89	0.808361
0.69	0.91	0.813251
0.69	0.93	0.816642
0.69	0.95	0.818684
0.69	0.97	0.819612
0.69	0.99	0.819766
0.69	1	0.819766

0.71	0	0.137522
0.71	0.01	0.137522
0.71	0.03	0.139237
0.71	0.05	0.145143
0.71	0.07	0.156225
0.71	0.09	0.171385
0.71	0.11	0.188253
0.71	0.13	0.204467
0.71	0.15	0.218509
0.71	0.17	0.229935
0.71	0.19	0.239222
0.71	0.21	0.247447
0.71	0.23	0.255915
0.71	0.25	0.26579
0.71	0.27	0.27781
0.71	0.29	0.292172
0.71	0.31	0.308624
0.71	0.33	0.326678
0.71	0.35	0.345816
0.71	0.37	0.365622
0.71	0.39	0.385816
0.71	0.41	0.406226
0.71	0.43	0.426748
0.71	0.45	0.447312
0.71	0.47	0.467863
0.71	0.49	0.488354
0.71	0.51	0.508745
0.71	0.53	0.528996
0.71	0.55	0.54907
0.71	0.57	0.568923
0.71	0.59	0.588505
0.71	0.61	0.607763
0.71	0.63	0.626646
0.71	0.65	0.645108
0.71	0.67	0.663114
0.71	0.69	0.680632
0.71	0.71	0.697621
0.71	0.73	0.714017
0.71	0.75	0.729719
0.71	0.77	0.74458
0.71	0.79	0.758424
0.71	0.81	0.771059
0.71	0.83	0.782316
0.71	0.85	0.792064
0.71	0.87	0.800225
0.71	0.89	0.806776
0.71	0.91	0.81174
0.71	0.93	0.815194
0.71	0.95	0.81728
0.71	0.97	0.81823
0.71	0.99	0.818387
0.71	1	0.818387

0.73	0	0.134134
0.73	0.01	0.134134
0.73	0.03	0.136402
0.73	0.05	0.144047
0.73	0.07	0.157878
0.73	0.09	0.176033
0.73	0.11	0.195402
0.73	0.13	0.213244
0.73	0.15	0.228032
0.73	0.17	0.23951
0.73	0.19	0.24838
0.73	0.21	0.255892
0.73	0.23	0.263456
0.73	0.25	0.272285
0.73	0.27	0.28315
0.73	0.29	0.296296
0.73	0.31	0.311541
0.73	0.33	0.328469
0.73	0.35	0.346629
0.73	0.37	0.365647
0.73	0.39	0.385262
0.73	0.41	0.405299
0.73	0.43	0.425638
0.73	0.45	0.446177
0.73	0.47	0.466828
0.73	0.49	0.487505
0.73	0.51	0.508131
0.73	0.53	0.528638
0.73	0.55	0.548962
0.73	0.57	0.569039
0.73	0.59	0.588805
0.73	0.61	0.608194
0.73	0.63	0.627142
0.73	0.65	0.645596
0.73	0.67	0.663512
0.73	0.69	0.680858
0.73	0.71	0.697603
0.73	0.73	0.713702
0.73	0.75	0.729082
0.73	0.77	0.743631
0.73	0.79	0.757205
0.73	0.81	0.769639
0.73	0.83	0.780771
0.73	0.85	0.790468
0.73	0.87	0.798636
0.73	0.89	0.805229
0.73	0.91	0.81025
0.73	0.93	0.813757
0.73	0.95	0.815881
0.73	0.97	0.816849
0.73	0.99	0.817008
0.73	1	0.817008

0.75	0	0.130353
0.75	0.01	0.130353
0.75	0.03	0.133363
0.75	0.05	0.143182
0.75	0.07	0.160221
0.75	0.09	0.18165
0.75	0.11	0.203574
0.75	0.13	0.222971
0.75	0.15	0.238414
0.75	0.17	0.2499
0.75	0.19	0.258377
0.75	0.21	0.265256
0.75	0.23	0.272021
0.75	0.25	0.279904
0.75	0.27	0.289688
0.75	0.29	0.301654
0.75	0.31	0.315687
0.75	0.33	0.331449
0.75	0.35	0.348561
0.75	0.37	0.366698
0.75	0.39	0.38562
0.75	0.41	0.405158
0.75	0.43	0.42518
0.75	0.45	0.445564
0.75	0.47	0.466193
0.75	0.49	0.48695
0.75	0.51	0.507726
0.75	0.53	0.528422
0.75	0.55	0.548948
0.75	0.57	0.569218
0.75	0.59	0.589152
0.75	0.61	0.608668
0.75	0.63	0.62769
0.75	0.65	0.646152
0.75	0.67	0.664004
0.75	0.69	0.681208
0.75	0.71	0.697738
0.75	0.73	0.713564
0.75	0.75	0.728637
0.75	0.77	0.742877
0.75	0.79	0.756169
0.75	0.81	0.768376
0.75	0.83	0.779352
0.75	0.85	0.788964
0.75	0.87	0.797107
0.75	0.89	0.803718
0.75	0.91	0.808778
0.75	0.93	0.812327
0.75	0.95	0.814482
0.75	0.97	0.815464
0.75	0.99	0.815624
0.75	1	0.815624

0.77	0	0.126108
0.77	0.01	0.126108
0.77	0.03	0.130078
0.77	0.05	0.142493
0.77	0.07	0.163096
0.77	0.09	0.18792
0.77	0.11	0.212332
0.77	0.13	0.233169
0.77	0.15	0.249216
0.77	0.17	0.260763
0.77	0.19	0.268987
0.77	0.21	0.275429
0.77	0.23	0.281608
0.77	0.25	0.28875
0.77	0.27	0.297628
0.77	0.29	0.308551
0.77	0.31	0.321463
0.77	0.33	0.336106
0.77	0.35	0.352171
0.77	0.37	0.369382
0.77	0.39	0.387526
0.77	0.41	0.406442
0.77	0.43	0.425994
0.77	0.45	0.446052
0.77	0.47	0.466483
0.77	0.49	0.487149
0.77	0.51	0.50792
0.77	0.53	0.528669
0.77	0.55	0.549284
0.77	0.57	0.56966
0.77	0.59	0.589694
0.77	0.61	0.609292
0.77	0.63	0.628361
0.77	0.65	0.646822
0.77	0.67	0.664612
0.77	0.69	0.681688
0.77	0.71	0.698022
0.77	0.73	0.713593
0.77	0.75	0.72837
0.77	0.77	0.742301
0.77	0.79	0.755301
0.77	0.81	0.76726
0.77	0.83	0.778049
0.77	0.85	0.787543
0.77	0.87	0.795631
0.77	0.89	0.802235
0.77	0.91	0.807317
0.77	0.93	0.810897
0.77	0.95	0.813077
0.77	0.97	0.814068
0.77	0.99	0.814224
0.77	1	0.814224

0.79	0	0.121309
0.79	0.01	0.121309
0.79	0.03	0.126466
0.79	0.05	0.141807
0.79	0.07	0.166133
0.79	0.09	0.194268
0.79	0.11	0.220979
0.79	0.13	0.243138
0.79	0.15	0.259828
0.79	0.17	0.271625
0.79	0.19	0.279886
0.79	0.21	0.286227
0.79	0.23	0.292166
0.79	0.25	0.298893
0.79	0.27	0.307159
0.79	0.29	0.31729
0.79	0.31	0.329285
0.79	0.33	0.342957
0.79	0.35	0.358061
0.79	0.37	0.374369
0.79	0.39	0.391693
0.79	0.41	0.409885
0.79	0.43	0.428814
0.79	0.45	0.448352
0.79	0.47	0.468366
0.79	0.49	0.488713
0.79	0.51	0.509252
0.79	0.53	0.529844
0.79	0.55	0.55036
0.79	0.57	0.570677
0.79	0.59	0.590679
0.79	0.61	0.610252
0.79	0.63	0.629289
0.79	0.65	0.647695
0.79	0.67	0.665392
0.79	0.69	0.682326
0.79	0.71	0.698463
0.79	0.73	0.713784
0.79	0.75	0.72827
0.79	0.77	0.741889
0.79	0.79	0.754585
0.79	0.81	0.766272
0.79	0.83	0.776845
0.79	0.85	0.786189
0.79	0.87	0.794192
0.79	0.89	0.800766
0.79	0.91	0.805853
0.79	0.93	0.809455
0.79	0.95	0.811652
0.79	0.97	0.812643
0.79	0.99	0.812786
0.79	1	0.812787

0.81	0	0.115852
0.81	0.01	0.115852
0.81	0.03	0.122376
0.81	0.05	0.140777
0.81	0.07	0.168704
0.81	0.09	0.199824
0.81	0.11	0.228537
0.81	0.13	0.251935
0.81	0.15	0.269428
0.81	0.17	0.281818
0.81	0.19	0.290563
0.81	0.21	0.297288
0.81	0.23	0.303467
0.81	0.25	0.310231
0.81	0.27	0.3183
0.81	0.29	0.328008
0.81	0.31	0.3394
0.81	0.33	0.352352
0.81	0.35	0.366675
0.81	0.37	0.382181
0.81	0.39	0.398708
0.81	0.41	0.416123
0.81	0.43	0.434307
0.81	0.45	0.453145
0.81	0.47	0.472515
0.81	0.49	0.492286
0.81	0.51	0.512322
0.81	0.53	0.532487
0.81	0.55	0.552646
0.81	0.57	0.572669
0.81	0.59	0.592428
0.81	0.61	0.611798
0.81	0.63	0.630658
0.81	0.65	0.648897
0.81	0.67	0.666422
0.81	0.69	0.683162
0.81	0.71	0.699073
0.81	0.73	0.714129
0.81	0.75	0.728316
0.81	0.77	0.741616
0.81	0.79	0.753993
0.81	0.81	0.765387
0.81	0.83	0.775715
0.81	0.85	0.784876
0.81	0.87	0.792765
0.81	0.89	0.799284
0.81	0.91	0.804362
0.81	0.93	0.807975
0.81	0.95	0.810176
0.81	0.97	0.811147
0.81	0.99	0.811261
0.81	1	0.811261

0.83	0	0.109602
0.83	0.01	0.109602
0.83	0.03	0.117562
0.83	0.05	0.138855
0.83	0.07	0.1699
0.83	0.09	0.203419
0.83	0.11	0.233748
0.83	0.13	0.258344
0.83	0.15	0.27691
0.83	0.17	0.290364
0.83	0.19	0.300163
0.83	0.21	0.307869
0.83	0.23	0.31487
0.83	0.25	0.322223
0.83	0.27	0.330605
0.83	0.29	0.340354
0.83	0.31	0.351549
0.83	0.33	0.36412
0.83	0.35	0.377927
0.83	0.37	0.392818
0.83	0.39	0.408654
0.83	0.41	0.425319
0.83	0.43	0.442711
0.83	0.45	0.460733
0.83	0.47	0.479284
0.83	0.49	0.498255
0.83	0.51	0.517531
0.83	0.53	0.536988
0.83	0.55	0.556505
0.83	0.57	0.575954
0.83	0.59	0.595208
0.83	0.61	0.614137
0.83	0.63	0.632613
0.83	0.65	0.650515
0.83	0.67	0.667734
0.83	0.69	0.684186
0.83	0.71	0.699808
0.83	0.73	0.714564
0.83	0.75	0.728434
0.83	0.77	0.741405
0.83	0.79	0.753452
0.83	0.81	0.764537
0.83	0.83	0.774598
0.83	0.85	0.78355
0.83	0.87	0.791298
0.83	0.89	0.797741
0.83	0.91	0.802794
0.83	0.93	0.806401
0.83	0.95	0.808581
0.83	0.97	0.809491
0.83	0.99	0.809534
0.83	1	0.809534

0.85	0	0.102395
0.85	0.01	0.102395
0.85	0.03	0.111664
0.85	0.05	0.135286
0.85	0.07	0.168554
0.85	0.09	0.203619
0.85	0.11	0.235075
0.85	0.13	0.260819
0.85	0.15	0.280753
0.85	0.17	0.295771
0.85	0.19	0.307221
0.85	0.21	0.316532
0.85	0.23	0.324966
0.85	0.25	0.333485
0.85	0.27	0.34272
0.85	0.29	0.353004
0.85	0.31	0.364449
0.85	0.33	0.377027
0.85	0.35	0.390643
0.85	0.37	0.405177
0.85	0.39	0.420517
0.85	0.41	0.436563
0.85	0.43	0.45323
0.85	0.45	0.470441
0.85	0.47	0.488116
0.85	0.49	0.506174
0.85	0.51	0.524525
0.85	0.53	0.543073
0.85	0.55	0.561716
0.85	0.57	0.580343
0.85	0.59	0.598839
0.85	0.61	0.617083
0.85	0.63	0.63495
0.85	0.65	0.652319
0.85	0.67	0.669073
0.85	0.69	0.685117
0.85	0.71	0.700373
0.85	0.73	0.714789
0.85	0.75	0.728331
0.85	0.77	0.740979
0.85	0.79	0.752712
0.85	0.81	0.763502
0.85	0.83	0.7733
0.85	0.85	0.782043
0.85	0.87	0.789644
0.85	0.89	0.796004
0.85	0.91	0.801019
0.85	0.93	0.804601
0.85	0.95	0.806712
0.85	0.97	0.807468
0.85	0.99	0.807347
0.85	1	0.807347

0.87	0	0.0940314
0.87	0.01	0.0940314
0.87	0.03	0.104229
0.87	0.05	0.129164
0.87	0.07	0.163333
0.87	0.09	0.19881
0.87	0.11	0.230726
0.87	0.13	0.257424
0.87	0.15	0.278867
0.87	0.17	0.295799
0.87	0.19	0.309354
0.87	0.21	0.320759
0.87	0.23	0.331115
0.87	0.25	0.341273
0.87	0.27	0.351809
0.87	0.29	0.363049
0.87	0.31	0.375133
0.87	0.33	0.388074
0.87	0.35	0.401818
0.87	0.37	0.416282
0.87	0.39	0.431375
0.87	0.41	0.44702
0.87	0.43	0.463145
0.87	0.45	0.479688
0.87	0.47	0.496591
0.87	0.49	0.513794
0.87	0.51	0.531233
0.87	0.53	0.548838
0.87	0.55	0.566531
0.87	0.57	0.584228
0.87	0.59	0.601835
0.87	0.61	0.619249
0.87	0.63	0.636363
0.87	0.65	0.653064
0.87	0.67	0.669246
0.87	0.69	0.684807
0.87	0.71	0.699664
0.87	0.73	0.713749
0.87	0.75	0.727011
0.87	0.77	0.739416
0.87	0.79	0.750932
0.87	0.81	0.761529
0.87	0.83	0.771165
0.87	0.85	0.779785
0.87	0.87	0.787311
0.87	0.89	0.793643
0.87	0.91	0.798655
0.87	0.93	0.802204
0.87	0.95	0.804167
0.87	0.97	0.804588
0.87	0.99	0.804091
0.87	1	0.804091

0.89	0	0.0842864
0.89	0.01	0.0842864
0.89	0.03	0.0947617
0.89	0.05	0.119557
0.89	0.07	0.152907
0.89	0.09	0.187351
0.89	0.11	0.218754
0.89	0.13	0.245842
0.89	0.15	0.268531
0.89	0.17	0.287309
0.89	0.19	0.303022
0.89	0.21	0.316641
0.89	0.23	0.329068
0.89	0.25	0.341029
0.89	0.27	0.353036
0.89	0.29	0.365408
0.89	0.31	0.378309
0.89	0.33	0.391795
0.89	0.35	0.405854
0.89	0.37	0.420438
0.89	0.39	0.435488
0.89	0.41	0.450941
0.89	0.43	0.466742
0.89	0.45	0.482839
0.89	0.47	0.499187
0.89	0.49	0.515741
0.89	0.51	0.532454
0.89	0.53	0.549278
0.89	0.55	0.566157
0.89	0.57	0.583031
0.89	0.59	0.59983
0.89	0.61	0.616477
0.89	0.63	0.632889
0.89	0.65	0.648975
0.89	0.67	0.664645
0.89	0.69	0.67981
0.89	0.71	0.694386
0.89	0.73	0.708301
0.89	0.75	0.721492
0.89	0.77	0.733905
0.89	0.79	0.745494
0.89	0.81	0.756214
0.89	0.83	0.766016
0.89	0.85	0.774839
0.89	0.87	0.782599
0.89	0.89	0.78918
0.89	0.91	0.794411
0.89	0.93	0.798055
0.89	0.95	0.799826
0.89	0.97	0.799607
0.89	0.99	0.798282
0.89	1	0.798282

0.91	0	0.0729388
0.91	0.01	0.0729389
0.91	0.03	0.0828311
0.91	0.05	0.105721
0.91	0.07	0.136232
0.91	0.09	0.167876
0.91	0.11	0.197335
0.91	0.13	0.223648
0.91	0.15	0.246631
0.91	0.17	0.266481
0.91	0.19	0.283714
0.91	0.21	0.299009
0.91	0.23	0.313048
0.91	0.25	0.326413
0.91	0.27	0.339549
0.91	0.29	0.352761
0.91	0.31	0.366235
0.91	0.33	0.380067
0.91	0.35	0.394288
0.91	0.37	0.408887
0.91	0.39	0.423833
0.91	0.41	0.439085
0.91	0.43	0.454597
0.91	0.45	0.47033
0.91	0.47	0.486243
0.91	0.49	0.502301
0.91	0.51	0.518469
0.91	0.53	0.53471
0.91	0.55	0.550986
0.91	0.57	0.567255
0.91	0.59	0.58347
0.91	0.61	0.599579
0.91	0.63	0.615522
0.91	0.65	0.631237
0.91	0.67	0.646656
0.91	0.69	0.66171
0.91	0.71	0.676328
0.91	0.73	0.690445
0.91	0.75	0.703996
0.91	0.77	0.71692
0.91	0.79	0.72916
0.91	0.81	0.740659
0.91	0.83	0.751353
0.91	0.85	0.761168
0.91	0.87	0.769998
0.91	0.89	0.777682
0.91	0.91	0.783954
0.91	0.93	0.788381
0.91	0.95	0.790315
0.91	0.97	0.789188
0.91	0.99	0.786162
0.91	1	0.786162

0.93	0	0.0598103
0.93	0.01	0.0598103
0.93	0.03	0.0682117
0.93	0.05	0.0873843
0.93	0.07	0.112952
0.93	0.09	0.13979
0.93	0.11	0.165394
0.93	0.13	0.189066
0.93	0.15	0.210553
0.93	0.17	0.229805
0.93	0.19	0.247022
0.93	0.21	0.262593
0.93	0.23	0.276969
0.93	0.25	0.290582
0.93	0.27	0.303797
0.93	0.29	0.316894
0.93	0.31	0.330069
0.93	0.33	0.343446
0.93	0.35	0.357093
0.93	0.37	0.371032
0.93	0.39	0.385259
0.93	0.41	0.399752
0.93	0.43	0.414481
0.93	0.45	0.429415
0.93	0.47	0.444522
0.93	0.49	0.459772
0.93	0.51	0.475139
0.93	0.53	0.490597
0.93	0.55	0.506121
0.93	0.57	0.521683
0.93	0.59	0.537256
0.93	0.61	0.552808
0.93	0.63	0.568306
0.93	0.65	0.583711
0.93	0.67	0.598983
0.93	0.69	0.614076
0.93	0.71	0.628945
0.93	0.73	0.643543
0.93	0.75	0.657823
0.93	0.77	0.671739
0.93	0.79	0.685249
0.93	0.81	0.698308
0.93	0.83	0.710871
0.93	0.85	0.722876
0.93	0.87	0.734221
0.93	0.89	0.744716
0.93	0.91	0.753976
0.93	0.93	0.761239
0.93	0.95	0.765109
0.93	0.97	0.763732
0.93	0.99	0.757809
0.93	1	0.757809

0.95	0	0.0448064
0.95	0.01	0.0448065
0.95	0.03	0.0510004
0.95	0.05	0.0650107
0.95	0.07	0.0838353
0.95	0.09	0.10393
0.95	0.11	0.123567
0.95	0.13	0.14228
0.95	0.15	0.159841
0.95	0.17	0.176074
0.95	0.19	0.190953
0.95	0.21	0.204617
0.95	0.23	0.217304
0.95	0.25	0.229293
0.95	0.27	0.24085
0.95	0.29	0.252205
0.95	0.31	0.26354
0.95	0.33	0.274986
0.95	0.35	0.286627
0.95	0.37	0.298507
0.95	0.39	0.310643
0.95	0.41	0.323032
0.95	0.43	0.335659
0.95	0.45	0.348505
0.95	0.47	0.361549
0.95	0.49	0.374772
0.95	0.51	0.388155
0.95	0.53	0.401684
0.95	0.55	0.415347
0.95	0.57	0.42913
0.95	0.59	0.443024
0.95	0.61	0.457017
0.95	0.63	0.471096
0.95	0.65	0.485249
0.95	0.67	0.499461
0.95	0.69	0.513717
0.95	0.71	0.528002
0.95	0.73	0.542302
0.95	0.75	0.556608
0.95	0.77	0.570917
0.95	0.79	0.585237
0.95	0.81	0.599584
0.95	0.83	0.613989
0.95	0.85	0.628479
0.95	0.87	0.643057
0.95	0.89	0.65763
0.95	0.91	0.671844
0.95	0.93	0.684735
0.95	0.95	0.694053
0.95	0.97	0.695631
0.95	0.99	0.687019
0.95	1	0.687019

0.97	0	0.027956
0.97	0.01	0.027956
0.97	0.03	0.0316146
0.97	0.05	0.0397999
0.97	0.07	0.0509005
0.97	0.09	0.0629539
0.97	0.11	0.0749645
0.97	0.13	0.0866694
0.97	0.15	0.0979488
0.97	0.17	0.108656
0.97	0.19	0.118686
0.97	0.21	0.128026
0.97	0.23	0.136751
0.97	0.25	0.144988
0.97	0.27	0.15289
0.97	0.29	0.160606
0.97	0.31	0.168266
0.97	0.33	0.175972
0.97	0.35	0.183799
0.97	0.37	0.191792
0.97	0.39	0.199978
0.97	0.41	0.208364
0.97	0.43	0.21695
0.97	0.45	0.225728
0.97	0.47	0.234689
0.97	0.49	0.243824
0.97	0.51	0.253124
0.97	0.53	0.262587
0.97	0.55	0.272208
0.97	0.57	0.281987
0.97	0.59	0.291925
0.97	0.61	0.302025
0.97	0.63	0.312291
0.97	0.65	0.322727
0.97	0.67	0.333338
0.97	0.69	0.344134
0.97	0.71	0.355125
0.97	0.73	0.366328
0.97	0.75	0.377771
0.97	0.77	0.389492
0.97	0.79	0.401551
0.97	0.81	0.414031
0.97	0.83	0.427047
0.97	0.85	0.440736
0.97	0.87	0.455244
0.97	0.89	0.470657
0.97	0.91	0.486836
0.97	0.93	0.503026
0.97	0.95	0.517007
0.97	0.97	0.523765
0.97	0.99	0.517039
0.97	1	0.517039

0.99	0	0.00952981
0.99	0.01	0.00952981
0.99	0.03	0.0106863
0.99	0.05	0.0132449
0.99	0.07	0.0167364
0.99	0.09	0.0205718
0.99	0.11	0.0244334
0.99	0.13	0.0282383
0.99	0.15	0.031966
0.99	0.17	0.0355822
0.99	0.19	0.0390432
0.99	0.21	0.0423188
0.99	0.23	0.0454042
0.99	0.25	0.04832
0.99	0.27	0.0511039
0.99	0.29	0.0538019
0.99	0.31	0.0564595
0.99	0.33	0.0591168
0.99	0.35	0.0618055
0.99	0.37	0.0645483
0.99	0.39	0.0673598
0.99	0.41	0.0702478
0.99	0.43	0.0732154
0.99	0.45	0.0762628
0.99	0.47	0.0793886
0.99	0.49	0.0825912
0.99	0.51	0.0858692
0.99	0.53	0.0892222
0.99	0.55	0.092651
0.99	0.57	0.0961574
0.99	0.59	0.0997442
0.99	0.61	0.103415
0.99	0.63	0.107176
0.99	0.65	0.11103
0.99	0.67	0.114987
0.99	0.69	0.119053
0.99	0.71	0.12324
0.99	0.73	0.12756
0.99	0.75	0.132035
0.99	0.77	0.136692
0.99	0.79	0.141572
0.99	0.81	0.146731
0.99	0.83	0.152248
0.99	0.85	0.158225
0.99	0.87	0.164781
0.99	0.89	0.172026
0.99	0.91	0.179974
0.99	0.93	0.18835
0.99	0.95	0.196158
0.99	0.97	0.200948
0.99	0.99	0.198971
0.99	1	0.198971

1	0	0
1	0.01	0
1	0.03	0
1	0.05	0
1	0.07	0
1	0.09	0
1	0.11	0
1	0.13	0
1	0.15	0
1	0.17	0
1	0.19	0
1	0.21	0
1	0.23	0
1	0.25	0
1	0.27	0
1	0.29	0
1	0.31	0
1	0.33	0
1	0.35	0
1	0.37	0
1	0.39	0
1	0.41	0
1	0.43	0
1	0.45	0
1	0.47	0
1	0.49	0
1	0.51	0
1	0.53	0
1	0.55	0
1	0.57	0
1	0.59	0
1	0.61	0
1	0.63	0
1	0.65	0
1	0.67	0
1	0.69	0
1	0.71	0
1	0.73	0
1	0.75	0
1	0.77	0
1	0.79	0
1	0.81	0
1	0.83	0
1	0.85	0
1	0.87	0
1	0.89	0
1	0.91	0
1	0.93	0
1	0.95	0
1	0.97	0
1	0.99	0
1	1	0

