0	0	0
0	0.01	0
0	0.03	0
0	0.05	0
0	0.07	0
0	0.09	0
0	0.11	0
0	0.13	0
0	0.15	0
0	0.17	0
0	0.19	0
0	0.21	0
0	0.23	0
0	0.25	0
0	0.27	0
0	0.29	0
0	0.31	0
0	0.33	0
0	0.35	0
0	0.37	0
0	0.39	0
0	0.41	0
0	0.43	0
0	0.45	0
0	0.47	0
0	0.49	0
0	0.51	0
0	0.53	0
0	0.55	0
0	0.57	0
0	0.59	0
0	0.61	0
0	0.63	0
0	0.65	0
0	0.67	0
0	0.69	0
0	0.71	0
0	0.73	0
0	0.75	0
0	0.77	0
0	0.79	0
0	0.81	0
0	0.83	0
0	0.85	0
0	0.87	0
0	0.89	0
0	0.91	0
0	0.93	0
0	0.95	0
0	0.97	0
0	0.99	0
0	1	0

0.02	0	0
0.02	0.01	-0.0037595
0.02	0.03	-0.0168162
0.02	0.05	-0.0273178
0.02	0.07	-0.0344349
0.02	0.09	-0.0387951
0.02	0.11	-0.0411096
0.02	0.13	-0.0419263
0.02	0.15	-0.0416356
0.02	0.17	-0.0405151
0.02	0.19	-0.0387662
0.02	0.21	-0.0365402
0.02	0.23	-0.0339536
0.02	0.25	-0.0310994
0.02	0.27	-0.0280528
0.02	0.29	-0.0248761
0.02	0.31	-0.0216213
0.02	0.33	-0.018332
0.02	0.35	-0.0150449
0.02	0.37	-0.0117908
0.02	0.39	-0.00859524
0.02	0.41	-0.00547921
0.02	0.43	-0.00245952
0.02	0.45	0.000450704
0.02	0.47	0.00324173
0.02	0.49	0.0059069
0.02	0.51	0.00844232
0.02	0.53	0.0108466
0.02	0.55	0.0131205
0.02	0.57	0.0152668
0.02	0.59	0.0172896
0.02	0.61	0.0191942
0.02	0.63	0.0209863
0.02	0.65	0.0226713
0.02	0.67	0.0242536
0.02	0.69	0.0257353
0.02	0.71	0.0271147
0.02	0.73	0.0283841
0.02	0.75	0.0295281
0.02	0.77	0.0305199
0.02	0.79	0.0313178
0.02	0.81	0.0318602
0.02	0.83	0.0320594
0.02	0.85	0.0317944
0.02	0.87	0.030901
0.02	0.89	0.0291622
0.02	0.91	0.0263007
0.02	0.93	0.0219899
0.02	0.95	0.0159364
0.02	0.97	0.0082143
0.02	0.99	0.000432581
0.02	1	0

0.04	0	0
0.04	0.01	-0.0205012
0.04	0.03	-0.0619596
0.04	0.05	-0.0952064
0.04	0.07	-0.11908
0.04	0.09	-0.134791
0.04	0.11	-0.143963
0.04	0.13	-0.148036
0.04	0.15	-0.148156
0.04	0.17	-0.145206
0.04	0.19	-0.139868
0.04	0.21	-0.132674
0.04	0.23	-0.124045
0.04	0.25	-0.114323
0.04	0.27	-0.103789
0.04	0.29	-0.0926767
0.04	0.31	-0.0811822
0.04	0.33	-0.0694714
0.04	0.35	-0.0576843
0.04	0.37	-0.0459393
0.04	0.39	-0.0343356
0.04	0.41	-0.0229556
0.04	0.43	-0.0118666
0.04	0.45	-0.00112252
0.04	0.47	0.00923521
0.04	0.49	0.019176
0.04	0.51	0.0286794
0.04	0.53	0.0377335
0.04	0.55	0.0463345
0.04	0.57	0.0544846
0.04	0.59	0.0621913
0.04	0.61	0.0694649
0.04	0.63	0.0763169
0.04	0.65	0.082757
0.04	0.67	0.0887898
0.04	0.69	0.0944102
0.04	0.71	0.0995983
0.04	0.73	0.104313
0.04	0.75	0.108483
0.04	0.77	0.111997
0.04	0.79	0.114694
0.04	0.81	0.116344
0.04	0.83	0.116636
0.04	0.85	0.115159
0.04	0.87	0.111383
0.04	0.89	0.104652
0.04	0.91	0.0942014
0.04	0.93	0.0792433
0.04	0.95	0.059242
0.04	0.97	0.0346435
0.04	0.99	0.00866859
0.04	1	0

0.06	0	0
0.06	0.01	-0.0473722
0.06	0.03	-0.129098
0.06	0.05	-0.193435
0.06	0.07	-0.240616
0.06	0.09	-0.272806
0.06	0.11	-0.292594
0.06	0.13	-0.302374
0.06	0.15	-0.304159
0.06	0.17	-0.299579
0.06	0.19	-0.289942
0.06	0.21	-0.276302
0.06	0.23	-0.259517
0.06	0.25	-0.24029
0.06	0.27	-0.219207
0.06	0.29	-0.196761
0.06	0.31	-0.173366
0.06	0.33	-0.149377
0.06	0.35	-0.125094
0.06	0.37	-0.100772
0.06	0.39	-0.0766273
0.06	0.41	-0.0528401
0.06	0.43	-0.0295604
0.06	0.45	-0.00690991
0.06	0.47	0.0150147
0.06	0.49	0.0361397
0.06	0.51	0.0564115
0.06	0.53	0.0757946
0.06	0.55	0.0942689
0.06	0.57	0.111827
0.06	0.59	0.128471
0.06	0.61	0.144209
0.06	0.63	0.159049
0.06	0.65	0.172995
0.06	0.67	0.186039
0.06	0.69	0.198151
0.06	0.71	0.20927
0.06	0.73	0.219291
0.06	0.75	0.228047
0.06	0.77	0.23529
0.06	0.79	0.240674
0.06	0.81	0.243725
0.06	0.83	0.243818
0.06	0.85	0.240151
0.06	0.87	0.231733
0.06	0.89	0.217386
0.06	0.91	0.195803
0.06	0.93	0.165728
0.06	0.95	0.126355
0.06	0.97	0.078201
0.06	0.99	0.0247576
0.06	1	0

0.08	0	0
0.08	0.01	-0.0806514
0.08	0.03	-0.21149
0.08	0.05	-0.313122
0.08	0.07	-0.388358
0.08	0.09	-0.440821
0.08	0.11	-0.474209
0.08	0.13	-0.491894
0.08	0.15	-0.496772
0.08	0.17	-0.491259
0.08	0.19	-0.477352
0.08	0.21	-0.456696
0.08	0.23	-0.430657
0.08	0.25	-0.400373
0.08	0.27	-0.366802
0.08	0.29	-0.330757
0.08	0.31	-0.292929
0.08	0.33	-0.253909
0.08	0.35	-0.214203
0.08	0.37	-0.174244
0.08	0.39	-0.1344
0.08	0.41	-0.0949821
0.08	0.43	-0.056251
0.08	0.45	-0.0184219
0.08	0.47	0.0183309
0.08	0.49	0.0538702
0.08	0.51	0.0880913
0.08	0.53	0.120919
0.08	0.55	0.152301
0.08	0.57	0.182207
0.08	0.59	0.21062
0.08	0.61	0.237532
0.08	0.63	0.262933
0.08	0.65	0.286805
0.08	0.67	0.30911
0.08	0.69	0.32977
0.08	0.71	0.34866
0.08	0.73	0.365577
0.08	0.75	0.380224
0.08	0.77	0.392174
0.08	0.79	0.400849
0.08	0.81	0.40548
0.08	0.83	0.405074
0.08	0.85	0.398395
0.08	0.87	0.383947
0.08	0.89	0.360002
0.08	0.91	0.324697
0.08	0.93	0.276251
0.08	0.95	0.213402
0.08	0.97	0.136187
0.08	0.99	0.0471465
0.08	1	0

0.1	0	0
0.1	0.01	-0.117321
0.1	0.03	-0.303108
0.1	0.05	-0.446523
0.1	0.07	-0.553334
0.1	0.09	-0.628943
0.1	0.11	-0.678301
0.1	0.13	-0.705792
0.1	0.15	-0.715193
0.1	0.17	-0.709708
0.1	0.19	-0.692029
0.1	0.21	-0.664418
0.1	0.23	-0.628778
0.1	0.25	-0.586721
0.1	0.27	-0.539616
0.1	0.29	-0.488633
0.1	0.31	-0.434777
0.1	0.33	-0.378911
0.1	0.35	-0.321781
0.1	0.37	-0.264025
0.1	0.39	-0.206193
0.1	0.41	-0.148752
0.1	0.43	-0.0920971
0.1	0.45	-0.0365602
0.1	0.47	0.0175865
0.1	0.49	0.0701225
0.1	0.51	0.120874
0.1	0.53	0.169707
0.1	0.55	0.216523
0.1	0.57	0.261249
0.1	0.59	0.303834
0.1	0.61	0.344235
0.1	0.63	0.382407
0.1	0.65	0.418291
0.1	0.67	0.451795
0.1	0.69	0.482775
0.1	0.71	0.51101
0.1	0.73	0.536176
0.1	0.75	0.557812
0.1	0.77	0.575284
0.1	0.79	0.587748
0.1	0.81	0.594107
0.1	0.83	0.592977
0.1	0.85	0.582664
0.1	0.87	0.561154
0.1	0.89	0.526157
0.1	0.91	0.475213
0.1	0.93	0.405917
0.1	0.95	0.316302
0.1	0.97	0.205433
0.1	0.99	0.0741602
0.1	1	0

0.12	0	0
0.12	0.01	-0.155191
0.12	0.03	-0.39907
0.12	0.05	-0.587163
0.12	0.07	-0.728034
0.12	0.09	-0.828937
0.12	0.11	-0.896138
0.12	0.13	-0.935055
0.12	0.15	-0.950339
0.12	0.17	-0.94596
0.12	0.19	-0.925295
0.12	0.21	-0.891217
0.12	0.23	-0.846173
0.12	0.25	-0.792258
0.12	0.27	-0.731267
0.12	0.29	-0.664748
0.12	0.31	-0.594038
0.12	0.33	-0.520297
0.12	0.35	-0.444525
0.12	0.37	-0.367592
0.12	0.39	-0.290245
0.12	0.41	-0.213128
0.12	0.43	-0.136791
0.12	0.45	-0.0616985
0.12	0.47	0.0117609
0.12	0.49	0.0832659
0.12	0.51	0.152556
0.12	0.53	0.219421
0.12	0.55	0.283697
0.12	0.57	0.345254
0.12	0.59	0.403985
0.12	0.61	0.459795
0.12	0.63	0.512583
0.12	0.65	0.562229
0.12	0.67	0.608564
0.12	0.69	0.651355
0.12	0.71	0.690262
0.12	0.73	0.724815
0.12	0.75	0.754364
0.12	0.77	0.778044
0.12	0.79	0.794724
0.12	0.81	0.802963
0.12	0.83	0.800974
0.12	0.85	0.786593
0.12	0.87	0.757283
0.12	0.89	0.71017
0.12	0.91	0.642149
0.12	0.93	0.550075
0.12	0.95	0.431061
0.12	0.97	0.282872
0.12	0.99	0.104346
0.12	1	0

0.14	0	0
0.14	0.01	-0.192745
0.14	0.03	-0.495643
0.14	0.05	-0.729851
0.14	0.07	-0.906313
0.14	0.09	-1.034
0.14	0.11	-1.12048
0.14	0.13	-1.17217
0.14	0.15	-1.19458
0.14	0.17	-1.19241
0.14	0.19	-1.16971
0.14	0.21	-1.12993
0.14	0.23	-1.07606
0.14	0.25	-1.01066
0.14	0.27	-0.935961
0.14	0.29	-0.853889
0.14	0.31	-0.76612
0.14	0.33	-0.674114
0.14	0.35	-0.579143
0.14	0.37	-0.482313
0.14	0.39	-0.384585
0.14	0.41	-0.286792
0.14	0.43	-0.189648
0.14	0.45	-0.0937677
0.14	0.47	0.000330529
0.14	0.49	0.0922098
0.14	0.51	0.181507
0.14	0.53	0.267921
0.14	0.55	0.351205
0.14	0.57	0.431152
0.14	0.59	0.507583
0.14	0.61	0.580331
0.14	0.63	0.649219
0.14	0.65	0.714043
0.14	0.67	0.774541
0.14	0.69	0.830362
0.14	0.71	0.88103
0.14	0.73	0.925905
0.14	0.75	0.964131
0.14	0.77	0.994594
0.14	0.79	1.01586
0.14	0.81	1.02614
0.14	0.83	1.02323
0.14	0.85	1.0045
0.14	0.87	0.966874
0.14	0.89	0.906878
0.14	0.91	0.820711
0.14	0.93	0.704393
0.14	0.95	0.553971
0.14	0.97	0.365753
0.14	0.99	0.136509
0.14	1	0

0.16	0	0
0.16	0.01	-0.228955
0.16	0.03	-0.590081
0.16	0.05	-0.87058
0.16	0.07	-1.08328
0.16	0.09	-1.23863
0.16	0.11	-1.34539
0.16	0.13	-1.41092
0.16	0.15	-1.44153
0.16	0.17	-1.44264
0.16	0.19	-1.41892
0.16	0.21	-1.37437
0.16	0.23	-1.3125
0.16	0.25	-1.23633
0.16	0.27	-1.1485
0.16	0.29	-1.0513
0.16	0.31	-0.946749
0.16	0.33	-0.836609
0.16	0.35	-0.722419
0.16	0.37	-0.605529
0.16	0.39	-0.487117
0.16	0.41	-0.368208
0.16	0.43	-0.249693
0.16	0.45	-0.132342
0.16	0.47	-0.0168146
0.16	0.49	0.0963247
0.16	0.51	0.206597
0.16	0.53	0.313598
0.16	0.55	0.41698
0.16	0.57	0.516446
0.16	0.59	0.611726
0.16	0.61	0.70256
0.16	0.63	0.78868
0.16	0.65	0.869776
0.16	0.67	0.945469
0.16	0.69	1.01528
0.16	0.71	1.07856
0.16	0.73	1.1345
0.16	0.75	1.18201
0.16	0.77	1.21973
0.16	0.79	1.24589
0.16	0.81	1.25837
0.16	0.83	1.25453
0.16	0.85	1.23128
0.16	0.87	1.185
0.16	0.89	1.11159
0.16	0.91	1.00652
0.16	0.93	0.864923
0.16	0.95	0.681707
0.16	0.97	0.451693
0.16	0.99	0.169672
0.16	1	0

0.18	0	0
0.18	0.01	-0.26315
0.18	0.03	-0.680434
0.18	0.05	-1.00635
0.18	0.07	-1.25514
0.18	0.09	-1.43846
0.18	0.11	-1.56606
0.18	0.13	-1.6462
0.18	0.15	-1.68593
0.18	0.17	-1.6913
0.18	0.19	-1.66756
0.18	0.21	-1.61927
0.18	0.23	-1.55038
0.18	0.25	-1.46436
0.18	0.27	-1.36424
0.18	0.29	-1.25268
0.18	0.31	-1.132
0.18	0.33	-1.00427
0.18	0.35	-0.871279
0.18	0.37	-0.734623
0.18	0.39	-0.595693
0.18	0.41	-0.45571
0.18	0.43	-0.315742
0.18	0.45	-0.17672
0.18	0.47	-0.0394517
0.18	0.49	0.0953645
0.18	0.51	0.227125
0.18	0.53	0.355306
0.18	0.55	0.479452
0.18	0.57	0.599158
0.18	0.59	0.714046
0.18	0.61	0.823753
0.18	0.63	0.927893
0.18	0.65	1.02604
0.18	0.67	1.11767
0.18	0.69	1.20216
0.18	0.71	1.2787
0.18	0.73	1.34626
0.18	0.75	1.40351
0.18	0.77	1.44883
0.18	0.79	1.48014
0.18	0.81	1.49495
0.18	0.83	1.49021
0.18	0.85	1.46235
0.18	0.87	1.40721
0.18	0.89	1.32007
0.18	0.91	1.19564
0.18	0.93	1.02814
0.18	0.95	0.811348
0.18	0.97	0.538655
0.18	0.99	0.203038
0.18	1	0

0.2	0	0
0.2	0.01	-0.294914
0.2	0.03	-0.76537
0.2	0.05	-1.13501
0.2	0.07	-1.41905
0.2	0.09	-1.63009
0.2	0.11	-1.77872
0.2	0.13	-1.87395
0.2	0.15	-1.92347
0.2	0.17	-1.93394
0.2	0.19	-1.91115
0.2	0.21	-1.86013
0.2	0.23	-1.78529
0.2	0.25	-1.69049
0.2	0.27	-1.57913
0.2	0.29	-1.4542
0.2	0.31	-1.31833
0.2	0.33	-1.17385
0.2	0.35	-1.02283
0.2	0.37	-0.867071
0.2	0.39	-0.70818
0.2	0.41	-0.547568
0.2	0.43	-0.386479
0.2	0.45	-0.226005
0.2	0.47	-0.0671021
0.2	0.49	0.0893902
0.2	0.51	0.242737
0.2	0.53	0.39229
0.2	0.55	0.537472
0.2	0.57	0.677759
0.2	0.59	0.812655
0.2	0.61	0.941672
0.2	0.63	1.0643
0.2	0.65	1.17997
0.2	0.67	1.28802
0.2	0.69	1.38764
0.2	0.71	1.47784
0.2	0.73	1.55737
0.2	0.75	1.62468
0.2	0.77	1.67784
0.2	0.79	1.71448
0.2	0.81	1.73171
0.2	0.83	1.72611
0.2	0.85	1.69362
0.2	0.87	1.62955
0.2	0.89	1.52853
0.2	0.91	1.38455
0.2	0.93	1.19093
0.2	0.95	0.940368
0.2	0.97	0.62492
0.2	0.99	0.235952
0.2	1	0

0.22	0	0
0.22	0.01	-0.324006
0.22	0.03	-0.844023
0.22	0.05	-1.25506
0.22	0.07	-1.57296
0.22	0.09	-1.811
0.22	0.11	-1.98044
0.22	0.13	-2.09091
0.22	0.15	-2.15069
0.22	0.17	-2.16696
0.22	0.19	-2.14598
0.22	0.21	-2.09323
0.22	0.23	-2.01352
0.22	0.25	-1.91107
0.22	0.27	-1.78963
0.22	0.29	-1.65248
0.22	0.31	-1.50255
0.22	0.33	-1.34243
0.22	0.35	-1.1744
0.22	0.37	-1.00049
0.22	0.39	-0.822514
0.22	0.41	-0.642052
0.22	0.43	-0.46052
0.22	0.45	-0.279168
0.22	0.47	-0.0991024
0.22	0.49	0.0786985
0.22	0.51	0.253364
0.22	0.53	0.424116
0.22	0.55	0.59025
0.22	0.57	0.751111
0.22	0.59	0.906075
0.22	0.61	1.05452
0.22	0.63	1.19579
0.22	0.65	1.32918
0.22	0.67	1.45384
0.22	0.69	1.5688
0.22	0.71	1.67287
0.22	0.73	1.76456
0.22	0.75	1.84208
0.22	0.77	1.90321
0.22	0.79	1.94526
0.22	0.81	1.965
0.22	0.83	1.95857
0.22	0.85	1.92148
0.22	0.87	1.84848
0.22	0.89	1.73363
0.22	0.91	1.57018
0.22	0.93	1.35061
0.22	0.95	1.06661
0.22	0.97	0.709044
0.22	0.99	0.26788
0.22	1	0

0.24	0	0
0.24	0.01	-0.350313
0.24	0.03	-0.915875
0.24	0.05	-1.36551
0.24	0.07	-1.71541
0.24	0.09	-1.97933
0.24	0.11	-2.16902
0.24	0.13	-2.29462
0.24	0.15	-2.36489
0.24	0.17	-2.38747
0.24	0.19	-2.36904
0.24	0.21	-2.31547
0.24	0.23	-2.23194
0.24	0.25	-2.123
0.24	0.27	-1.99269
0.24	0.29	-1.84459
0.24	0.31	-1.68188
0.24	0.33	-1.50737
0.24	0.35	-1.32356
0.24	0.37	-1.13269
0.24	0.39	-0.936744
0.24	0.41	-0.737479
0.24	0.43	-0.53647
0.24	0.45	-0.335116
0.24	0.47	-0.134668
0.24	0.49	0.0637568
0.24	0.51	0.259153
0.24	0.53	0.45061
0.24	0.55	0.637289
0.24	0.57	0.818402
0.24	0.59	0.993189
0.24	0.61	1.16088
0.24	0.63	1.32068
0.24	0.65	1.47169
0.24	0.67	1.61293
0.24	0.69	1.74321
0.24	0.71	1.86114
0.24	0.73	1.965
0.24	0.75	2.05273
0.24	0.77	2.12184
0.24	0.79	2.16932
0.24	0.81	2.19158
0.24	0.83	2.18437
0.24	0.85	2.14274
0.24	0.87	2.06095
0.24	0.89	1.93247
0.24	0.91	1.74987
0.24	0.93	1.50488
0.24	0.95	1.18826
0.24	0.97	0.789834
0.24	0.99	0.298387
0.24	1	0

0.26	0	0
0.26	0.01	-0.373808
0.26	0.03	-0.980658
0.26	0.05	-1.46577
0.26	0.07	-1.84547
0.26	0.09	-2.13379
0.26	0.11	-2.34286
0.26	0.13	-2.4832
0.26	0.15	-2.56397
0.26	0.17	-2.59319
0.26	0.19	-2.57791
0.26	0.21	-2.52435
0.26	0.23	-2.43799
0.26	0.25	-2.32369
0.26	0.27	-2.18576
0.26	0.29	-2.02802
0.26	0.31	-1.85387
0.26	0.33	-1.66635
0.26	0.35	-1.46814
0.26	0.37	-1.26167
0.26	0.39	-1.04906
0.26	0.41	-0.832258
0.26	0.43	-0.612968
0.26	0.45	-0.392736
0.26	0.47	-0.172947
0.26	0.49	0.0451459
0.26	0.51	0.260407
0.26	0.53	0.471792
0.26	0.55	0.678328
0.26	0.57	0.87909
0.26	0.59	1.07317
0.26	0.61	1.25966
0.26	0.63	1.4376
0.26	0.65	1.60592
0.26	0.67	1.76346
0.26	0.69	1.90883
0.26	0.71	2.04041
0.26	0.73	2.15627
0.26	0.75	2.25409
0.26	0.77	2.33108
0.26	0.79	2.38391
0.26	0.81	2.40867
0.26	0.83	2.40071
0.26	0.85	2.35466
0.26	0.87	2.26429
0.26	0.89	2.12254
0.26	0.91	1.92137
0.26	0.93	1.6518
0.26	0.95	1.3038
0.26	0.97	0.86631
0.26	0.99	0.327122
0.26	1	0

0.28	0	0
0.28	0.01	-0.394517
0.28	0.03	-1.03828
0.28	0.05	-1.55553
0.28	0.07	-1.96255
0.28	0.09	-2.27354
0.28	0.11	-2.50085
0.28	0.13	-2.6553
0.28	0.15	-2.74636
0.28	0.17	-2.78238
0.28	0.19	-2.77071
0.28	0.21	-2.71786
0.28	0.23	-2.6296
0.28	0.25	-2.51103
0.28	0.27	-2.36669
0.28	0.29	-2.20063
0.28	0.31	-2.01646
0.28	0.33	-1.81737
0.28	0.35	-1.60624
0.28	0.37	-1.38563
0.28	0.39	-1.15783
0.28	0.41	-0.924915
0.28	0.43	-0.688728
0.28	0.45	-0.450941
0.28	0.47	-0.213069
0.28	0.49	0.0235107
0.28	0.51	0.257534
0.28	0.53	0.487827
0.28	0.55	0.713285
0.28	0.57	0.932845
0.28	0.59	1.14546
0.28	0.61	1.35005
0.28	0.63	1.5455
0.28	0.65	1.73058
0.28	0.67	1.90392
0.28	0.69	2.06395
0.28	0.71	2.20882
0.28	0.73	2.33636
0.28	0.75	2.44399
0.28	0.77	2.52865
0.28	0.79	2.5867
0.28	0.81	2.61389
0.28	0.83	2.60521
0.28	0.85	2.55488
0.28	0.87	2.45625
0.28	0.89	2.30174
0.28	0.91	2.08278
0.28	0.93	1.78977
0.28	0.95	1.41201
0.28	0.97	0.937689
0.28	0.99	0.353813
0.28	1	0

0.3	0	0
0.3	0.01	-0.412507
0.3	0.03	-1.08879
0.3	0.05	-1.63469
0.3	0.07	-2.06638
0.3	0.09	-2.39807
0.3	0.11	-2.64226
0.3	0.13	-2.80998
0.3	0.15	-2.91094
0.3	0.17	-2.95374
0.3	0.19	-2.946
0.3	0.21	-2.89446
0.3	0.23	-2.80511
0.3	0.25	-2.68329
0.3	0.27	-2.53374
0.3	0.29	-2.36068
0.3	0.31	-2.16788
0.3	0.33	-1.95872
0.3	0.35	-1.7362
0.3	0.37	-1.50301
0.3	0.39	-1.26159
0.3	0.41	-1.01412
0.3	0.43	-0.762559
0.3	0.45	-0.508702
0.3	0.47	-0.254178
0.3	0.49	-0.000481292
0.3	0.51	0.251004
0.3	0.53	0.498981
0.3	0.55	0.742213
0.3	0.57	0.979501
0.3	0.59	1.20965
0.3	0.61	1.43144
0.3	0.63	1.64358
0.3	0.65	1.84466
0.3	0.67	2.03313
0.3	0.69	2.2072
0.3	0.71	2.36482
0.3	0.73	2.50358
0.3	0.75	2.62063
0.3	0.77	2.71265
0.3	0.79	2.77571
0.3	0.81	2.80522
0.3	0.83	2.79585
0.3	0.85	2.74144
0.3	0.87	2.63494
0.3	0.89	2.46832
0.3	0.91	2.23255
0.3	0.93	1.91749
0.3	0.95	1.5119
0.3	0.97	1.00336
0.3	0.99	0.378249
0.3	1	0

0.32	0	0
0.32	0.01	-0.42786
0.32	0.03	-1.13227
0.32	0.05	-1.70329
0.32	0.07	-2.15684
0.32	0.09	-2.50711
0.32	0.11	-2.76666
0.32	0.13	-2.94663
0.32	0.15	-3.05693
0.32	0.17	-3.10635
0.32	0.19	-3.10271
0.32	0.21	-3.05295
0.32	0.23	-2.96325
0.32	0.25	-2.83913
0.32	0.27	-2.6855
0.32	0.29	-2.50672
0.32	0.31	-2.30672
0.32	0.33	-2.08897
0.32	0.35	-1.85663
0.32	0.37	-1.61248
0.32	0.39	-1.35908
0.32	0.41	-1.09869
0.32	0.43	-0.833389
0.32	0.45	-0.565071
0.32	0.47	-0.295465
0.32	0.49	-0.026172
0.32	0.51	0.241313
0.32	0.53	0.505575
0.32	0.55	0.765254
0.32	0.57	1.01902
0.32	0.59	1.26553
0.32	0.61	1.50342
0.32	0.63	1.73123
0.32	0.65	1.94738
0.32	0.67	2.15012
0.32	0.69	2.33747
0.32	0.71	2.50716
0.32	0.73	2.65653
0.32	0.75	2.78251
0.32	0.77	2.8815
0.32	0.79	2.94929
0.32	0.81	2.981
0.32	0.83	2.97097
0.32	0.85	2.91271
0.32	0.87	2.79881
0.32	0.89	2.62087
0.32	0.91	2.36943
0.32	0.93	2.03394
0.32	0.95	1.60271
0.32	0.97	1.06285
0.32	0.99	0.400282
0.32	1	0

0.34	0	0
0.34	0.01	-0.440669
0.34	0.03	-1.1689
0.34	0.05	-1.76146
0.34	0.07	-2.23401
0.34	0.09	-2.60061
0.34	0.11	-2.87383
0.34	0.13	-3.06491
0.34	0.15	-3.18384
0.34	0.17	-3.23958
0.34	0.19	-3.24009
0.34	0.21	-3.19247
0.34	0.23	-3.10307
0.34	0.25	-2.97752
0.34	0.27	-2.82088
0.34	0.29	-2.63763
0.34	0.31	-2.43179
0.34	0.33	-2.20696
0.34	0.35	-1.96637
0.34	0.37	-1.71291
0.34	0.39	-1.4492
0.34	0.41	-1.1776
0.34	0.43	-0.900276
0.34	0.45	-0.619198
0.34	0.47	-0.336187
0.34	0.49	-0.0529382
0.34	0.51	0.228951
0.34	0.53	0.50796
0.34	0.55	0.782611
0.34	0.57	1.05145
0.34	0.59	1.31299
0.34	0.61	1.56572
0.34	0.63	1.80802
0.34	0.65	2.03815
0.34	0.67	2.25416
0.34	0.69	2.45388
0.34	0.71	2.63482
0.34	0.73	2.7941
0.34	0.75	2.92841
0.34	0.77	3.0339
0.34	0.79	3.1061
0.34	0.81	3.13985
0.34	0.83	3.12921
0.34	0.85	3.06738
0.34	0.87	2.94664
0.34	0.89	2.75826
0.34	0.91	2.49246
0.34	0.93	2.13834
0.34	0.95	1.68388
0.34	0.97	1.11584
0.34	0.99	0.419808
0.34	1	0

0.36	0	0
0.36	0.01	-0.451029
0.36	0.03	-1.19886
0.36	0.05	-1.80939
0.36	0.07	-2.29801
0.36	0.09	-2.67862
0.36	0.11	-2.96375
0.36	0.13	-3.16464
0.36	0.15	-3.29139
0.36	0.17	-3.35303
0.36	0.19	-3.35764
0.36	0.21	-3.31244
0.36	0.23	-3.22388
0.36	0.25	-3.0977
0.36	0.27	-2.93905
0.36	0.29	-2.75252
0.36	0.31	-2.5422
0.36	0.33	-2.31176
0.36	0.35	-2.06449
0.36	0.37	-1.80336
0.36	0.39	-1.53105
0.36	0.41	-1.25
0.36	0.43	-0.96241
0.36	0.45	-0.670339
0.36	0.47	-0.37568
0.36	0.49	-0.0802088
0.36	0.51	0.214388
0.36	0.53	0.506491
0.36	0.55	0.794515
0.36	0.57	1.07688
0.36	0.59	1.35199
0.36	0.61	1.61817
0.36	0.63	1.87366
0.36	0.65	2.11654
0.36	0.67	2.34469
0.36	0.69	2.55575
0.36	0.71	2.74701
0.36	0.73	2.9154
0.36	0.75	3.05737
0.36	0.77	3.16883
0.36	0.79	3.24508
0.36	0.81	3.2807
0.36	0.83	3.2695
0.36	0.85	3.20441
0.36	0.87	3.07746
0.36	0.89	2.87964
0.36	0.91	2.60092
0.36	0.93	2.23014
0.36	0.95	1.75502
0.36	0.97	1.16211
0.36	0.99	0.436769
0.36	1	0

0.38	0	0
0.38	0.01	-0.459027
0.38	0.03	-1.22232
0.38	0.05	-1.8473
0.38	0.07	-2.34906
0.38	0.09	-2.7413
0.38	0.11	-3.03649
0.38	0.13	-3.24584
0.38	0.15	-3.37949
0.38	0.17	-3.44652
0.38	0.19	-3.45508
0.38	0.21	-3.41248
0.38	0.23	-3.32522
0.38	0.25	-3.19914
0.38	0.27	-3.03944
0.38	0.29	-2.85076
0.38	0.31	-2.63725
0.38	0.33	-2.40264
0.38	0.35	-2.15026
0.38	0.37	-1.88311
0.38	0.39	-1.60392
0.38	0.41	-1.31516
0.38	0.43	-1.01911
0.38	0.45	-0.717862
0.38	0.47	-0.413368
0.38	0.49	-0.107476
0.38	0.51	0.198052
0.38	0.53	0.501508
0.38	0.55	0.801212
0.38	0.57	1.09547
0.38	0.59	1.38257
0.38	0.61	1.6607
0.38	0.63	1.92795
0.38	0.65	2.18225
0.38	0.67	2.4213
0.38	0.69	2.64256
0.38	0.71	2.84314
0.38	0.73	3.01974
0.38	0.75	3.16863
0.38	0.77	3.28549
0.38	0.79	3.3654
0.38	0.81	3.40272
0.38	0.83	3.39102
0.38	0.85	3.32305
0.38	0.87	3.19057
0.38	0.89	2.98441
0.38	0.91	2.69432
0.38	0.93	2.30897
0.38	0.95	1.8159
0.38	0.97	1.20154
0.38	0.99	0.451143
0.38	1	0

0.4	0	0
0.4	0.01	-0.464745
0.4	0.03	-1.23947
0.4	0.05	-1.87542
0.4	0.07	-2.38737
0.4	0.09	-2.78885
0.4	0.11	-3.0922
0.4	0.13	-3.3086
0.4	0.15	-3.44816
0.4	0.17	-3.51999
0.4	0.19	-3.53229
0.4	0.21	-3.49239
0.4	0.23	-3.40684
0.4	0.25	-3.28151
0.4	0.27	-3.12164
0.4	0.29	-2.93191
0.4	0.31	-2.71648
0.4	0.33	-2.4791
0.4	0.35	-2.22312
0.4	0.37	-1.95158
0.4	0.39	-1.66722
0.4	0.41	-1.37254
0.4	0.43	-1.06983
0.4	0.45	-0.761243
0.4	0.47	-0.448766
0.4	0.49	-0.134302
0.4	0.51	0.180323
0.4	0.53	0.493326
0.4	0.55	0.80294
0.4	0.57	1.10738
0.4	0.59	1.4048
0.4	0.61	1.69329
0.4	0.63	1.97079
0.4	0.65	2.23507
0.4	0.67	2.4837
0.4	0.69	2.71395
0.4	0.71	2.92275
0.4	0.73	3.10662
0.4	0.75	3.26164
0.4	0.77	3.38329
0.4	0.79	3.46644
0.4	0.81	3.50528
0.4	0.83	3.4932
0.4	0.85	3.42273
0.4	0.87	3.2855
0.4	0.89	3.07217
0.4	0.91	2.77235
0.4	0.93	2.37461
0.4	0.95	1.86641
0.4	0.97	1.2341
0.4	0.99	0.462938
0.4	1	0

0.42	0	0
0.42	0.01	-0.468254
0.42	0.03	-1.25047
0.42	0.05	-1.89397
0.42	0.07	-2.41321
0.42	0.09	-2.82152
0.42	0.11	-3.13111
0.42	0.13	-3.35309
0.42	0.15	-3.49753
0.42	0.17	-3.57353
0.42	0.19	-3.58929
0.42	0.21	-3.55213
0.42	0.23	-3.46863
0.42	0.25	-3.34465
0.42	0.27	-3.18545
0.42	0.29	-2.99569
0.42	0.31	-2.77955
0.42	0.33	-2.54077
0.42	0.35	-2.2827
0.42	0.37	-2.00838
0.42	0.39	-1.72053
0.42	0.41	-1.42168
0.42	0.43	-1.11414
0.42	0.45	-0.800062
0.42	0.47	-0.481474
0.42	0.49	-0.160318
0.42	0.51	0.161531
0.42	0.53	0.482227
0.42	0.55	0.799927
0.42	0.57	1.11276
0.42	0.59	1.41878
0.42	0.61	1.71596
0.42	0.63	2.00212
0.42	0.65	2.2749
0.42	0.67	2.53171
0.42	0.69	2.76967
0.42	0.71	2.98554
0.42	0.73	3.17569
0.42	0.75	3.336
0.42	0.77	3.4618
0.42	0.79	3.54779
0.42	0.81	3.58798
0.42	0.83	3.57562
0.42	0.85	3.50311
0.42	0.87	3.36195
0.42	0.89	3.14268
0.42	0.91	2.83486
0.42	0.93	2.42699
0.42	0.95	1.90653
0.42	0.97	1.25983
0.42	0.99	0.472186
0.42	1	0

0.44	0	0
0.44	0.01	-0.469616
0.44	0.03	-1.25548
0.44	0.05	-1.90316
0.44	0.07	-2.42681
0.44	0.09	-2.83956
0.44	0.11	-3.15347
0.44	0.13	-3.37955
0.44	0.15	-3.52781
0.44	0.17	-3.60731
0.44	0.19	-3.62619
0.44	0.21	-3.59178
0.44	0.23	-3.51061
0.44	0.25	-3.38854
0.44	0.27	-3.23079
0.44	0.29	-3.042
0.44	0.31	-2.82631
0.44	0.33	-2.58746
0.44	0.35	-2.32875
0.44	0.37	-2.05321
0.44	0.39	-1.76356
0.44	0.41	-1.46229
0.44	0.43	-1.15171
0.44	0.45	-0.833994
0.44	0.47	-0.511175
0.44	0.49	-0.185221
0.44	0.51	0.141955
0.44	0.53	0.468458
0.44	0.55	0.792383
0.44	0.57	1.11178
0.44	0.59	1.42463
0.44	0.61	1.72879
0.44	0.63	2.02197
0.44	0.65	2.3017
0.44	0.67	2.56524
0.44	0.69	2.80957
0.44	0.71	3.03133
0.44	0.73	3.22671
0.44	0.75	3.39147
0.44	0.77	3.52076
0.44	0.79	3.60917
0.44	0.81	3.65057
0.44	0.83	3.63808
0.44	0.85	3.56401
0.44	0.87	3.41978
0.44	0.89	3.19588
0.44	0.91	2.88184
0.44	0.93	2.46617
0.44	0.95	1.93635
0.44	0.97	1.27881
0.44	0.99	0.478937
0.44	1	0

0.46	0	0
0.46	0.01	-0.468881
0.46	0.03	-1.25463
0.46	0.05	-1.90318
0.46	0.07	-2.42841
0.46	0.09	-2.84324
0.46	0.11	-3.15956
0.46	0.13	-3.38826
0.46	0.15	-3.53927
0.46	0.17	-3.62156
0.46	0.19	-3.64322
0.46	0.21	-3.61152
0.46	0.23	-3.53294
0.46	0.25	-3.41328
0.46	0.27	-3.25771
0.46	0.29	-3.07082
0.46	0.31	-2.85672
0.46	0.33	-2.61907
0.46	0.35	-2.36115
0.46	0.37	-2.08593
0.46	0.39	-1.79611
0.46	0.41	-1.49414
0.46	0.43	-1.18232
0.46	0.45	-0.862798
0.46	0.47	-0.537624
0.46	0.49	-0.20877
0.46	0.51	0.121827
0.46	0.53	0.452235
0.46	0.55	0.780501
0.46	0.57	1.10461
0.46	0.59	1.42248
0.46	0.61	1.73186
0.46	0.63	2.03039
0.46	0.65	2.31547
0.46	0.67	2.58426
0.46	0.69	2.83361
0.46	0.71	3.06003
0.46	0.73	3.2596
0.46	0.75	3.42792
0.46	0.77	3.56007
0.46	0.79	3.65048
0.46	0.81	3.69294
0.46	0.83	3.6805
0.46	0.85	3.60539
0.46	0.87	3.45901
0.46	0.89	3.23183
0.46	0.91	2.91339
0.46	0.93	2.49227
0.46	0.95	1.95602
0.46	0.97	1.29117
0.46	0.99	0.483254
0.46	1	0

0.48	0	0
0.48	0.01	-0.466091
0.48	0.03	-1.24804
0.48	0.05	-1.89423
0.48	0.07	-2.41826
0.48	0.09	-2.83284
0.48	0.11	-3.14968
0.48	0.13	-3.37954
0.48	0.15	-3.53222
0.48	0.17	-3.6166
0.48	0.19	-3.64067
0.48	0.21	-3.61161
0.48	0.23	-3.53583
0.48	0.25	-3.41906
0.48	0.27	-3.26637
0.48	0.29	-3.08229
0.48	0.31	-2.87085
0.48	0.33	-2.63564
0.48	0.35	-2.37989
0.48	0.37	-2.10649
0.48	0.39	-1.81809
0.48	0.41	-1.51711
0.48	0.43	-1.20581
0.48	0.45	-0.886308
0.48	0.47	-0.560638
0.48	0.49	-0.230773
0.48	0.51	0.10134
0.48	0.53	0.433748
0.48	0.55	0.764461
0.48	0.57	1.09142
0.48	0.59	1.41247
0.48	0.61	1.72531
0.48	0.63	2.02749
0.48	0.65	2.3163
0.48	0.67	2.58883
0.48	0.69	2.84182
0.48	0.71	3.07166
0.48	0.73	3.27434
0.48	0.75	3.44536
0.48	0.77	3.5797
0.48	0.79	3.67171
0.48	0.81	3.71512
0.48	0.83	3.70292
0.48	0.85	3.62733
0.48	0.87	3.47974
0.48	0.89	3.25066
0.48	0.91	2.9297
0.48	0.93	2.50549
0.48	0.95	1.96572
0.48	0.97	1.29707
0.48	0.99	0.485211
0.48	1	0

0.5	0	0
0.5	0.01	-0.461282
0.5	0.03	-1.23581
0.5	0.05	-1.87646
0.5	0.07	-2.39658
0.5	0.09	-2.80863
0.5	0.11	-3.12415
0.5	0.13	-3.35373
0.5	0.15	-3.50703
0.5	0.17	-3.59279
0.5	0.19	-3.61889
0.5	0.21	-3.5924
0.5	0.23	-3.51962
0.5	0.25	-3.40617
0.5	0.27	-3.25702
0.5	0.29	-3.07661
0.5	0.31	-2.86886
0.5	0.33	-2.6373
0.5	0.35	-2.38504
0.5	0.37	-2.11492
0.5	0.39	-1.82951
0.5	0.41	-1.53117
0.5	0.43	-1.22211
0.5	0.45	-0.904416
0.5	0.47	-0.580087
0.5	0.49	-0.251083
0.5	0.51	0.0806549
0.5	0.53	0.413163
0.5	0.55	0.744432
0.5	0.57	1.07237
0.5	0.59	1.39477
0.5	0.61	1.70929
0.5	0.63	2.01339
0.5	0.65	2.30432
0.5	0.67	2.57907
0.5	0.69	2.83429
0.5	0.71	3.06632
0.5	0.73	3.27104
0.5	0.75	3.44388
0.5	0.77	3.57975
0.5	0.79	3.67298
0.5	0.81	3.71724
0.5	0.83	3.70551
0.5	0.85	3.63002
0.5	0.87	3.4822
0.5	0.89	3.25263
0.5	0.91	2.931
0.5	0.93	2.50608
0.5	0.95	1.9657
0.5	0.97	1.29668
0.5	0.99	0.484884
0.5	1	0

0.52	0	0
0.52	0.01	-0.454481
0.52	0.03	-1.21805
0.52	0.05	-1.85006
0.52	0.07	-2.3636
0.52	0.09	-2.77091
0.52	0.11	-3.08331
0.52	0.13	-3.31121
0.52	0.15	-3.46409
0.52	0.17	-3.55055
0.52	0.19	-3.57831
0.52	0.21	-3.5543
0.52	0.23	-3.48469
0.52	0.25	-3.37496
0.52	0.27	-3.22998
0.52	0.29	-3.05406
0.52	0.31	-2.85101
0.52	0.33	-2.62422
0.52	0.35	-2.37675
0.52	0.37	-2.11131
0.52	0.39	-1.83041
0.52	0.41	-1.53632
0.52	0.43	-1.2312
0.52	0.45	-0.91706
0.52	0.47	-0.595879
0.52	0.49	-0.26958
0.52	0.51	0.0599124
0.52	0.53	0.39064
0.52	0.55	0.720584
0.52	0.57	1.04764
0.52	0.59	1.36956
0.52	0.61	1.68397
0.52	0.63	1.98829
0.52	0.65	2.27971
0.52	0.67	2.55514
0.52	0.69	2.81121
0.52	0.71	3.04417
0.52	0.73	3.24985
0.52	0.75	3.42365
0.52	0.77	3.56043
0.52	0.79	3.65449
0.52	0.81	3.69951
0.52	0.83	3.68849
0.52	0.85	3.61371
0.52	0.87	3.46665
0.52	0.89	3.23801
0.52	0.91	2.91759
0.52	0.93	2.49433
0.52	0.95	1.95619
0.52	0.97	1.29019
0.52	0.99	0.482352
0.52	1	0

0.54	0	0
0.54	0.01	-0.445716
0.54	0.03	-1.19483
0.54	0.05	-1.81518
0.54	0.07	-2.31957
0.54	0.09	-2.71998
0.54	0.11	-3.02753
0.54	0.13	-3.25239
0.54	0.15	-3.40386
0.54	0.17	-3.49034
0.54	0.19	-3.51939
0.54	0.21	-3.49778
0.54	0.23	-3.4315
0.54	0.25	-3.32589
0.54	0.27	-3.18567
0.54	0.29	-3.01501
0.54	0.31	-2.81759
0.54	0.33	-2.5967
0.54	0.35	-2.35524
0.54	0.37	-2.09585
0.54	0.39	-1.82091
0.54	0.41	-1.53264
0.54	0.43	-1.23308
0.54	0.45	-0.924218
0.54	0.47	-0.60795
0.54	0.49	-0.286165
0.54	0.51	0.0392426
0.54	0.53	0.366333
0.54	0.55	0.693095
0.54	0.57	1.01742
0.54	0.59	1.33705
0.54	0.61	1.64958
0.54	0.63	1.95241
0.54	0.65	2.24269
0.54	0.67	2.5173
0.54	0.69	2.77282
0.54	0.71	3.00547
0.54	0.73	3.21106
0.54	0.75	3.38495
0.54	0.77	3.52201
0.54	0.79	3.61654
0.54	0.81	3.66225
0.54	0.83	3.65219
0.54	0.85	3.57872
0.54	0.87	3.43344
0.54	0.89	3.20715
0.54	0.91	2.88981
0.54	0.93	2.47053
0.54	0.95	1.93745
0.54	0.97	1.27778
0.54	0.99	0.477688
0.54	1	0

0.56	0	0
0.56	0.01	-0.435011
0.56	0.03	-1.16627
0.56	0.05	-1.77201
0.56	0.07	-2.26474
0.56	0.09	-2.65619
0.56	0.11	-2.95721
0.56	0.13	-3.17773
0.56	0.15	-3.32683
0.56	0.17	-3.41271
0.56	0.19	-3.4427
0.56	0.21	-3.42338
0.56	0.23	-3.36058
0.56	0.25	-3.25945
0.56	0.27	-3.12455
0.56	0.29	-2.95989
0.56	0.31	-2.76901
0.56	0.33	-2.55505
0.56	0.35	-2.32079
0.56	0.37	-2.06874
0.56	0.39	-1.80118
0.56	0.41	-1.52022
0.56	0.43	-1.22783
0.56	0.45	-0.925889
0.56	0.47	-0.616253
0.56	0.49	-0.300746
0.56	0.51	0.0187766
0.56	0.53	0.34041
0.56	0.55	0.662163
0.56	0.57	0.981936
0.56	0.59	1.29748
0.56	0.61	1.60639
0.56	0.63	1.90604
0.56	0.65	2.19357
0.56	0.67	2.46585
0.56	0.69	2.71944
0.56	0.71	2.95055
0.56	0.73	3.15499
0.56	0.75	3.32812
0.56	0.77	3.46484
0.56	0.79	3.55948
0.56	0.81	3.60582
0.56	0.83	3.59699
0.56	0.85	3.52546
0.56	0.87	3.38294
0.56	0.89	3.16041
0.56	0.91	2.848
0.56	0.93	2.43499
0.56	0.95	1.90974
0.56	0.97	1.25961
0.56	0.99	0.470962
0.56	1	0

0.58	0	0
0.58	0.01	-0.422397
0.58	0.03	-1.13247
0.58	0.05	-1.72073
0.58	0.07	-2.19941
0.58	0.09	-2.57992
0.58	0.11	-2.8728
0.58	0.13	-3.08776
0.58	0.15	-3.23359
0.58	0.17	-3.31824
0.58	0.19	-3.34883
0.58	0.21	-3.33172
0.58	0.23	-3.27253
0.58	0.25	-3.17622
0.58	0.27	-3.04717
0.58	0.29	-2.8892
0.58	0.31	-2.70571
0.58	0.33	-2.49967
0.58	0.35	-2.27372
0.58	0.37	-2.03025
0.58	0.39	-1.77142
0.58	0.41	-1.49921
0.58	0.43	-1.2155
0.58	0.45	-0.922088
0.58	0.47	-0.620745
0.58	0.49	-0.313231
0.58	0.51	-0.00134382
0.58	0.53	0.313055
0.58	0.55	0.628013
0.58	0.57	0.941453
0.58	0.59	1.25115
0.58	0.61	1.55471
0.58	0.63	1.84951
0.58	0.65	2.1327
0.58	0.67	2.40117
0.58	0.69	2.65146
0.58	0.71	2.87982
0.58	0.73	3.08206
0.58	0.75	3.2536
0.58	0.77	3.38936
0.58	0.79	3.48377
0.58	0.81	3.53067
0.58	0.83	3.52333
0.58	0.85	3.45433
0.58	0.87	3.31557
0.58	0.89	3.09819
0.58	0.91	2.79251
0.58	0.93	2.38803
0.58	0.95	1.87329
0.58	0.97	1.23586
0.58	0.99	0.462237
0.58	1	0

0.6	0	0
0.6	0.01	-0.407906
0.6	0.03	-1.09355
0.6	0.05	-1.66159
0.6	0.07	-2.12391
0.6	0.09	-2.49157
0.6	0.11	-2.77483
0.6	0.13	-2.98305
0.6	0.15	-3.12475
0.6	0.17	-3.20761
0.6	0.19	-3.23849
0.6	0.21	-3.2235
0.6	0.23	-3.16804
0.6	0.25	-3.07686
0.6	0.27	-2.95413
0.6	0.29	-2.80351
0.6	0.31	-2.62819
0.6	0.33	-2.43099
0.6	0.35	-2.21442
0.6	0.37	-1.98069
0.6	0.39	-1.73185
0.6	0.41	-1.46976
0.6	0.43	-1.19619
0.6	0.45	-0.912838
0.6	0.47	-0.621384
0.6	0.49	-0.323514
0.6	0.51	-0.0209562
0.6	0.53	0.284486
0.6	0.55	0.590908
0.6	0.57	0.896278
0.6	0.59	1.19841
0.6	0.61	1.49492
0.6	0.63	1.78324
0.6	0.65	2.06054
0.6	0.67	2.32371
0.6	0.69	2.56937
0.6	0.71	2.79377
0.6	0.73	2.99278
0.6	0.75	3.16189
0.6	0.77	3.29609
0.6	0.79	3.38991
0.6	0.81	3.43732
0.6	0.83	3.43171
0.6	0.85	3.36583
0.6	0.87	3.23178
0.6	0.89	3.02089
0.6	0.91	2.72371
0.6	0.93	2.32994
0.6	0.95	1.82835
0.6	0.97	1.20668
0.6	0.99	0.451566
0.6	1	0

0.62	0	0
0.62	0.01	-0.391582
0.62	0.03	-1.04966
0.62	0.05	-1.59485
0.62	0.07	-2.03862
0.62	0.09	-2.39167
0.62	0.11	-2.66388
0.62	0.13	-2.86428
0.62	0.15	-3.00106
0.62	0.17	-3.08159
0.62	0.19	-3.11246
0.62	0.21	-3.0995
0.62	0.23	-3.04787
0.62	0.25	-2.9621
0.62	0.27	-2.84614
0.62	0.29	-2.70344
0.62	0.31	-2.53702
0.62	0.33	-2.34953
0.62	0.35	-2.1433
0.62	0.37	-1.92041
0.62	0.39	-1.68275
0.62	0.41	-1.43207
0.62	0.43	-1.17001
0.62	0.45	-0.898165
0.62	0.47	-0.618121
0.62	0.49	-0.331473
0.62	0.51	-0.0398701
0.62	0.53	0.254955
0.62	0.55	0.551162
0.62	0.57	0.846775
0.62	0.59	1.13966
0.62	0.61	1.42749
0.62	0.63	1.70773
0.62	0.65	1.97759
0.62	0.67	2.23405
0.62	0.69	2.47374
0.62	0.71	2.69299
0.62	0.73	2.88777
0.62	0.75	3.05361
0.62	0.77	3.18564
0.62	0.79	3.27851
0.62	0.81	3.32634
0.62	0.83	3.32267
0.62	0.85	3.26048
0.62	0.87	3.13204
0.62	0.89	2.92894
0.62	0.91	2.64195
0.62	0.93	2.26102
0.62	0.95	1.77512
0.62	0.97	1.17218
0.62	0.99	0.438991
0.62	1	0

0.64	0	0
0.64	0.01	-0.373482
0.64	0.03	-1.00101
0.64	0.05	-1.52083
0.64	0.07	-1.944
0.64	0.09	-2.28077
0.64	0.11	-2.54063
0.64	0.13	-2.73221
0.64	0.15	-2.86333
0.64	0.17	-2.94104
0.64	0.19	-2.97161
0.64	0.21	-2.9606
0.64	0.23	-2.91289
0.64	0.25	-2.83277
0.64	0.27	-2.72397
0.64	0.29	-2.58972
0.64	0.31	-2.43286
0.64	0.33	-2.25585
0.64	0.35	-2.06085
0.64	0.37	-1.84979
0.64	0.39	-1.62441
0.64	0.41	-1.38633
0.64	0.43	-1.13707
0.64	0.45	-0.878097
0.64	0.47	-0.610895
0.64	0.49	-0.336963
0.64	0.51	-0.0578615
0.64	0.53	0.224762
0.64	0.55	0.509143
0.64	0.57	0.793377
0.64	0.59	1.0754
0.64	0.61	1.35295
0.64	0.63	1.62355
0.64	0.65	1.8845
0.64	0.67	2.13283
0.64	0.69	2.36525
0.64	0.71	2.5782
0.64	0.73	2.76771
0.64	0.75	2.92947
0.64	0.77	3.05872
0.64	0.79	3.15026
0.64	0.81	3.19839
0.64	0.83	3.19686
0.64	0.85	3.13885
0.64	0.87	3.01688
0.64	0.89	2.82279
0.64	0.91	2.54761
0.64	0.93	2.18154
0.64	0.95	1.71379
0.64	0.97	1.13249
0.64	0.99	0.424545
0.64	1	0

0.66	0	0
0.66	0.01	-0.353676
0.66	0.03	-0.9478
0.66	0.05	-1.43993
0.66	0.07	-1.84059
0.66	0.09	-2.15957
0.66	0.11	-2.40588
0.66	0.13	-2.58772
0.66	0.15	-2.71252
0.66	0.17	-2.78696
0.66	0.19	-2.81697
0.66	0.21	-2.80781
0.66	0.23	-2.76408
0.66	0.25	-2.68981
0.66	0.27	-2.5885
0.66	0.29	-2.46317
0.66	0.31	-2.31644
0.66	0.33	-2.15059
0.66	0.35	-1.96762
0.66	0.37	-1.76929
0.66	0.39	-1.55719
0.66	0.41	-1.3328
0.66	0.43	-1.0975
0.66	0.45	-0.852662
0.66	0.47	-0.599635
0.66	0.49	-0.339817
0.66	0.51	-0.0746692
0.66	0.53	0.194255
0.66	0.55	0.46528
0.66	0.57	0.736589
0.66	0.59	1.0062
0.66	0.61	1.27193
0.66	0.63	1.5314
0.66	0.65	1.78199
0.66	0.67	2.02081
0.66	0.69	2.24471
0.66	0.71	2.45019
0.66	0.73	2.63345
0.66	0.75	2.79029
0.66	0.77	2.91613
0.66	0.79	3.00595
0.66	0.81	3.05423
0.66	0.83	3.05498
0.66	0.85	3.00159
0.66	0.87	2.88687
0.66	0.89	2.70292
0.66	0.91	2.44108
0.66	0.93	2.0918
0.66	0.95	1.64457
0.66	0.97	1.08771
0.66	0.99	0.408253
0.66	1	0

0.68	0	0
0.68	0.01	-0.332257
0.68	0.03	-0.890334
0.68	0.05	-1.35261
0.68	0.07	-1.72904
0.68	0.09	-2.02886
0.68	0.11	-2.26054
0.68	0.13	-2.43182
0.68	0.15	-2.5497
0.68	0.17	-2.62045
0.68	0.19	-2.64966
0.68	0.21	-2.64224
0.68	0.23	-2.60253
0.68	0.25	-2.53426
0.68	0.27	-2.44071
0.68	0.29	-2.32467
0.68	0.31	-2.18857
0.68	0.33	-2.03447
0.68	0.35	-1.86422
0.68	0.37	-1.6794
0.68	0.39	-1.48147
0.68	0.41	-1.27173
0.68	0.43	-1.05147
0.68	0.45	-0.821898
0.68	0.47	-0.584263
0.68	0.49	-0.339845
0.68	0.51	-0.0899956
0.68	0.53	0.163834
0.68	0.55	0.42007
0.68	0.57	0.676996
0.68	0.59	0.932724
0.68	0.61	1.18518
0.68	0.63	1.43208
0.68	0.65	1.67092
0.68	0.67	1.89891
0.68	0.69	2.11303
0.68	0.71	2.30993
0.68	0.73	2.48594
0.68	0.75	2.63704
0.68	0.77	2.75883
0.68	0.79	2.84649
0.68	0.81	2.89474
0.68	0.83	2.89782
0.68	0.85	2.84943
0.68	0.87	2.74264
0.68	0.89	2.56988
0.68	0.91	2.32277
0.68	0.93	1.99211
0.68	0.95	1.56763
0.68	0.97	1.03791
0.68	0.99	0.39013
0.68	1	0

0.7	0	0
0.7	0.01	-0.30934
0.7	0.03	-0.828953
0.7	0.05	-1.25945
0.7	0.07	-1.61012
0.7	0.09	-1.88956
0.7	0.11	-2.10568
0.7	0.13	-2.26569
0.7	0.15	-2.37612
0.7	0.17	-2.44281
0.7	0.19	-2.47097
0.7	0.21	-2.46519
0.7	0.23	-2.42948
0.7	0.25	-2.36733
0.7	0.27	-2.28173
0.7	0.29	-2.17528
0.7	0.31	-2.05018
0.7	0.33	-1.90833
0.7	0.35	-1.75136
0.7	0.37	-1.58072
0.7	0.39	-1.3977
0.7	0.41	-1.20347
0.7	0.43	-0.999154
0.7	0.45	-0.78586
0.7	0.47	-0.564701
0.7	0.49	-0.336839
0.7	0.51	-0.10351
0.7	0.53	0.133948
0.7	0.55	0.374074
0.7	0.57	0.615262
0.7	0.59	0.855738
0.7	0.61	1.09354
0.7	0.63	1.32652
0.7	0.65	1.55227
0.7	0.67	1.76816
0.7	0.69	1.97131
0.7	0.71	2.15852
0.7	0.73	2.32631
0.7	0.75	2.47083
0.7	0.77	2.5879
0.7	0.79	2.67294
0.7	0.81	2.72091
0.7	0.83	2.72634
0.7	0.85	2.68321
0.7	0.87	2.58494
0.7	0.89	2.42426
0.7	0.91	2.19318
0.7	0.93	1.8828
0.7	0.95	1.48319
0.7	0.97	0.983192
0.7	0.99	0.370188
0.7	1	0

0.72	0	0
0.72	0.01	-0.285068
0.72	0.03	-0.76408
0.72	0.05	-1.16112
0.72	0.07	-1.48471
0.72	0.09	-1.74276
0.72	0.11	-1.94253
0.72	0.13	-2.09067
0.72	0.15	-2.19318
0.72	0.17	-2.25548
0.72	0.19	-2.28236
0.72	0.21	-2.27808
0.72	0.23	-2.24634
0.72	0.25	-2.19033
0.72	0.27	-2.11283
0.72	0.29	-2.01616
0.72	0.31	-1.90235
0.72	0.33	-1.7731
0.72	0.35	-1.62986
0.72	0.37	-1.47393
0.72	0.39	-1.30642
0.72	0.41	-1.12838
0.72	0.43	-0.940796
0.72	0.45	-0.744635
0.72	0.47	-0.540886
0.72	0.49	-0.330589
0.72	0.51	-0.114858
0.72	0.53	0.10509
0.72	0.55	0.327916
0.72	0.57	0.552134
0.72	0.59	0.776098
0.72	0.61	0.99798
0.72	0.63	1.21575
0.72	0.65	1.42717
0.72	0.67	1.62976
0.72	0.69	1.82079
0.72	0.71	1.99725
0.72	0.73	2.15584
0.72	0.75	2.29296
0.72	0.77	2.40463
0.72	0.79	2.48653
0.72	0.81	2.53392
0.72	0.83	2.54161
0.72	0.85	2.50393
0.72	0.87	2.41462
0.72	0.89	2.2668
0.72	0.91	2.05285
0.72	0.93	1.76427
0.72	0.95	1.39148
0.72	0.97	0.923665
0.72	0.99	0.348439
0.72	1	0

0.74	0	0
0.74	0.01	-0.259616
0.74	0.03	-0.696219
0.74	0.05	-1.05842
0.74	0.07	-1.35388
0.74	0.09	-1.58972
0.74	0.11	-1.7725
0.74	0.13	-1.90827
0.74	0.15	-2.00248
0.74	0.17	-2.06009
0.74	0.19	-2.08548
0.74	0.21	-2.08256
0.74	0.23	-2.05469
0.74	0.25	-2.00481
0.74	0.27	-1.93542
0.74	0.29	-1.84865
0.74	0.31	-1.74629
0.74	0.33	-1.62987
0.74	0.35	-1.50067
0.74	0.37	-1.35981
0.74	0.39	-1.20827
0.74	0.41	-1.04695
0.74	0.43	-0.876699
0.74	0.45	-0.698357
0.74	0.47	-0.512784
0.74	0.49	-0.320892
0.74	0.51	-0.123671
0.74	0.53	0.0777886
0.74	0.55	0.282275
0.74	0.57	0.488437
0.74	0.59	0.694764
0.74	0.61	0.899571
0.74	0.63	1.10098
0.74	0.65	1.29692
0.74	0.67	1.48507
0.74	0.69	1.66289
0.74	0.71	1.82757
0.74	0.73	1.97605
0.74	0.75	2.10492
0.74	0.77	2.21049
0.74	0.79	2.28872
0.74	0.81	2.33515
0.74	0.83	2.34494
0.74	0.85	2.31275
0.74	0.87	2.23271
0.74	0.89	2.09836
0.74	0.91	1.90249
0.74	0.93	1.63702
0.74	0.95	1.29282
0.74	0.97	0.859466
0.74	0.99	0.324904
0.74	1	0

0.76	0	0
0.76	0.01	-0.233199
0.76	0.03	-0.625974
0.76	0.05	-0.952289
0.76	0.07	-1.21884
0.76	0.09	-1.43188
0.76	0.11	-1.59721
0.76	0.13	-1.72023
0.76	0.15	-1.80583
0.76	0.17	-1.85849
0.76	0.19	-1.88218
0.76	0.21	-1.88044
0.76	0.23	-1.85632
0.76	0.25	-1.81247
0.76	0.27	-1.75115
0.76	0.29	-1.67426
0.76	0.31	-1.5834
0.76	0.33	-1.4799
0.76	0.35	-1.36488
0.76	0.37	-1.23931
0.76	0.39	-1.10401
0.76	0.41	-0.959762
0.76	0.43	-0.807266
0.76	0.45	-0.647238
0.76	0.47	-0.480412
0.76	0.49	-0.307574
0.76	0.51	-0.129588
0.76	0.53	0.0525881
0.76	0.55	0.237875
0.76	0.57	0.425062
0.76	0.59	0.612784
0.76	0.61	0.799512
0.76	0.63	0.983535
0.76	0.65	1.16295
0.76	0.67	1.33563
0.76	0.69	1.49923
0.76	0.71	1.65118
0.76	0.73	1.78863
0.76	0.75	1.90844
0.76	0.77	2.00721
0.76	0.79	2.08117
0.76	0.81	2.12621
0.76	0.83	2.13783
0.76	0.85	2.11107
0.76	0.87	2.04049
0.76	0.89	1.92003
0.76	0.91	1.74296
0.76	0.93	1.5017
0.76	0.95	1.18762
0.76	0.97	0.790796
0.76	0.99	0.299618
0.76	1	0

0.78	0	0
0.78	0.01	-0.206069
0.78	0.03	-0.554054
0.78	0.05	-0.843831
0.78	0.07	-1.08101
0.78	0.09	-1.27089
0.78	0.11	-1.41849
0.78	0.13	-1.5285
0.78	0.15	-1.60527
0.78	0.17	-1.65276
0.78	0.19	-1.67454
0.78	0.21	-1.67378
0.78	0.23	-1.65323
0.78	0.25	-1.61525
0.78	0.27	-1.56186
0.78	0.29	-1.49474
0.78	0.31	-1.41528
0.78	0.33	-1.32465
0.78	0.35	-1.2238
0.78	0.37	-1.11355
0.78	0.39	-0.994588
0.78	0.41	-0.867548
0.78	0.43	-0.73302
0.78	0.45	-0.59159
0.78	0.47	-0.443868
0.78	0.49	-0.290518
0.78	0.51	-0.132275
0.78	0.53	0.0300328
0.78	0.55	0.195466
0.78	0.57	0.362956
0.78	0.59	0.531293
0.78	0.61	0.699111
0.78	0.63	0.864875
0.78	0.65	1.02686
0.78	0.67	1.18317
0.78	0.69	1.33166
0.78	0.71	1.46998
0.78	0.73	1.59556
0.78	0.75	1.70553
0.78	0.77	1.79678
0.78	0.79	1.86586
0.78	0.81	1.90902
0.78	0.83	1.92211
0.78	0.85	1.9006
0.78	0.87	1.83946
0.78	0.89	1.73312
0.78	0.91	1.57535
0.78	0.93	1.35914
0.78	0.95	1.07644
0.78	0.97	0.717944
0.78	0.99	0.272644
0.78	1	0

0.8	0	0
0.8	0.01	-0.178531
0.8	0.03	-0.481293
0.8	0.05	-0.734314
0.8	0.07	-0.941997
0.8	0.09	-1.10863
0.8	0.11	-1.2384
0.8	0.13	-1.33528
0.8	0.15	-1.40306
0.8	0.17	-1.44521
0.8	0.19	-1.46489
0.8	0.21	-1.4649
0.8	0.23	-1.44769
0.8	0.25	-1.41535
0.8	0.27	-1.36965
0.8	0.29	-1.31206
0.8	0.31	-1.24378
0.8	0.33	-1.16581
0.8	0.35	-1.07894
0.8	0.37	-0.983855
0.8	0.39	-0.881113
0.8	0.41	-0.77122
0.8	0.43	-0.654647
0.8	0.45	-0.531864
0.8	0.47	-0.403366
0.8	0.49	-0.269694
0.8	0.51	-0.13146
0.8	0.53	0.0106384
0.8	0.55	0.155798
0.8	0.57	0.3031
0.8	0.59	0.451491
0.8	0.61	0.599777
0.8	0.63	0.746603
0.8	0.65	0.890451
0.8	0.67	1.02962
0.8	0.69	1.16222
0.8	0.71	1.28614
0.8	0.73	1.39908
0.8	0.75	1.49848
0.8	0.77	1.58151
0.8	0.79	1.64509
0.8	0.81	1.68582
0.8	0.83	1.69996
0.8	0.85	1.68337
0.8	0.87	1.63151
0.8	0.89	1.53931
0.8	0.91	1.40109
0.8	0.93	1.21045
0.8	0.95	0.960056
0.8	0.97	0.641336
0.8	0.99	0.244092
0.8	1	0

0.82	0	0
0.82	0.01	-0.150944
0.82	0.03	-0.408664
0.82	0.05	-0.625202
0.82	0.07	-0.803648
0.82	0.09	-0.947225
0.82	0.11	-1.05924
0.82	0.13	-1.14301
0.82	0.15	-1.20173
0.82	0.17	-1.23841
0.82	0.19	-1.2558
0.82	0.21	-1.25636
0.82	0.23	-1.24223
0.82	0.25	-1.21523
0.82	0.27	-1.17689
0.82	0.29	-1.12848
0.82	0.31	-1.07102
0.82	0.33	-1.00534
0.82	0.35	-0.932088
0.82	0.37	-0.851811
0.82	0.39	-0.764954
0.82	0.41	-0.671907
0.82	0.43	-0.573032
0.82	0.45	-0.46869
0.82	0.47	-0.359268
0.82	0.49	-0.245193
0.82	0.51	-0.12696
0.82	0.53	-0.00514064
0.82	0.55	0.1196
0.82	0.57	0.246488
0.82	0.59	0.374631
0.82	0.61	0.503006
0.82	0.63	0.630449
0.82	0.65	0.755646
0.82	0.67	0.87712
0.82	0.69	0.99322
0.82	0.71	1.10211
0.82	0.73	1.20176
0.82	0.75	1.28991
0.82	0.77	1.36408
0.82	0.79	1.42154
0.82	0.81	1.45927
0.82	0.83	1.47393
0.82	0.85	1.46184
0.82	0.87	1.41893
0.82	0.89	1.34066
0.82	0.91	1.22196
0.82	0.93	1.05709
0.82	0.95	0.839519
0.82	0.97	0.561588
0.82	0.99	0.21414
0.82	1	0

0.84	0	0
0.84	0.01	-0.123734
0.84	0.03	-0.337296
0.84	0.05	-0.518169
0.84	0.07	-0.668034
0.84	0.09	-0.789022
0.84	0.11	-0.883597
0.84	0.13	-0.954398
0.84	0.15	-1.00409
0.84	0.17	-1.03522
0.84	0.19	-1.05017
0.84	0.21	-1.05104
0.84	0.23	-1.03969
0.84	0.25	-1.01766
0.84	0.27	-0.986278
0.84	0.29	-0.946588
0.84	0.31	-0.899442
0.84	0.33	-0.84551
0.84	0.35	-0.785321
0.84	0.37	-0.719289
0.84	0.39	-0.647755
0.84	0.41	-0.571005
0.84	0.43	-0.489304
0.84	0.45	-0.402919
0.84	0.47	-0.312135
0.84	0.49	-0.217279
0.84	0.51	-0.118733
0.84	0.53	-0.0169496
0.84	0.55	0.0875352
0.84	0.57	0.194091
0.84	0.59	0.301983
0.84	0.61	0.410362
0.84	0.63	0.518254
0.84	0.65	0.624551
0.84	0.67	0.728005
0.84	0.69	0.827215
0.84	0.71	0.920614
0.84	0.73	1.00646
0.84	0.75	1.08283
0.84	0.77	1.14757
0.84	0.79	1.19832
0.84	0.81	1.23246
0.84	0.83	1.24708
0.84	0.85	1.23896
0.84	0.87	1.20451
0.84	0.89	1.13975
0.84	0.91	1.04023
0.84	0.93	0.900957
0.84	0.95	0.716256
0.84	0.97	0.47957
0.84	0.99	0.183059
0.84	1	0

0.86	0	0
0.86	0.01	-0.0974066
0.86	0.03	-0.268494
0.86	0.05	-0.415112
0.86	0.07	-0.537473
0.86	0.09	-0.636637
0.86	0.11	-0.714271
0.86	0.13	-0.772403
0.86	0.15	-0.813196
0.86	0.17	-0.838787
0.86	0.19	-0.851172
0.86	0.21	-0.852139
0.86	0.23	-0.843241
0.86	0.25	-0.825788
0.86	0.27	-0.800855
0.86	0.29	-0.769309
0.86	0.31	-0.731832
0.86	0.33	-0.688952
0.86	0.35	-0.641072
0.86	0.37	-0.588502
0.86	0.39	-0.531484
0.86	0.41	-0.470219
0.86	0.43	-0.404888
0.86	0.45	-0.335672
0.86	0.47	-0.262774
0.86	0.49	-0.186427
0.86	0.51	-0.106914
0.86	0.53	-0.0245792
0.86	0.55	0.0601646
0.86	0.57	0.146823
0.86	0.59	0.234812
0.86	0.61	0.32345
0.86	0.63	0.411951
0.86	0.65	0.499414
0.86	0.67	0.58482
0.86	0.69	0.667015
0.86	0.71	0.744709
0.86	0.73	0.81646
0.86	0.75	0.88066
0.86	0.77	0.93552
0.86	0.79	0.979051
0.86	0.81	1.00904
0.86	0.83	1.02301
0.86	0.85	1.01823
0.86	0.87	0.991603
0.86	0.89	0.939717
0.86	0.91	0.858755
0.86	0.93	0.744477
0.86	0.95	0.592164
0.86	0.97	0.396495
0.86	0.99	0.15126
0.86	1	0

0.88	0	0
0.88	0.01	-0.0725593
0.88	0.03	-0.203757
0.88	0.05	-0.318159
0.88	0.07	-0.414523
0.88	0.09	-0.492924
0.88	0.11	-0.55434
0.88	0.13	-0.600267
0.88	0.15	-0.632428
0.88	0.17	-0.652571
0.88	0.19	-0.662342
0.88	0.21	-0.663212
0.88	0.23	-0.65645
0.88	0.25	-0.643114
0.88	0.27	-0.624064
0.88	0.29	-0.59998
0.88	0.31	-0.571388
0.88	0.33	-0.538685
0.88	0.35	-0.502165
0.88	0.37	-0.462045
0.88	0.39	-0.418486
0.88	0.41	-0.371617
0.88	0.43	-0.321549
0.88	0.45	-0.268397
0.88	0.47	-0.21229
0.88	0.49	-0.153385
0.88	0.51	-0.0918784
0.88	0.53	-0.028017
0.88	0.55	0.0378959
0.88	0.57	0.105491
0.88	0.59	0.174326
0.88	0.61	0.243879
0.88	0.63	0.313543
0.88	0.65	0.382618
0.88	0.67	0.450305
0.88	0.69	0.515699
0.88	0.71	0.577778
0.88	0.73	0.635398
0.88	0.75	0.687277
0.88	0.77	0.731978
0.88	0.79	0.767897
0.88	0.81	0.793234
0.88	0.83	0.805967
0.88	0.85	0.803824
0.88	0.87	0.784249
0.88	0.89	0.74438
0.88	0.91	0.681037
0.88	0.93	0.590734
0.88	0.95	0.469722
0.88	0.97	0.31402
0.88	0.99	0.119342
0.88	1	0

0.9	0	0
0.9	0.01	-0.049906
0.9	0.03	-0.144791
0.9	0.05	-0.22966
0.9	0.07	-0.301957
0.9	0.09	-0.360964
0.9	0.11	-0.407124
0.9	0.13	-0.441512
0.9	0.15	-0.465473
0.9	0.17	-0.480398
0.9	0.19	-0.487597
0.9	0.21	-0.488233
0.9	0.23	-0.483294
0.9	0.25	-0.473596
0.9	0.27	-0.459789
0.9	0.29	-0.442379
0.9	0.31	-0.421749
0.9	0.33	-0.398177
0.9	0.35	-0.371865
0.9	0.37	-0.342951
0.9	0.39	-0.311532
0.9	0.41	-0.27768
0.9	0.43	-0.241455
0.9	0.45	-0.202919
0.9	0.47	-0.162144
0.9	0.49	-0.119226
0.9	0.51	-0.074292
0.9	0.53	-0.0275044
0.9	0.55	0.0209283
0.9	0.57	0.0707476
0.9	0.59	0.121639
0.9	0.61	0.173227
0.9	0.63	0.22507
0.9	0.65	0.276655
0.9	0.67	0.327393
0.9	0.69	0.376614
0.9	0.71	0.423556
0.9	0.73	0.467362
0.9	0.75	0.507066
0.9	0.77	0.541581
0.9	0.79	0.56968
0.9	0.81	0.589979
0.9	0.83	0.600906
0.9	0.85	0.600674
0.9	0.87	0.587247
0.9	0.89	0.558327
0.9	0.91	0.51135
0.9	0.93	0.44355
0.9	0.95	0.352099
0.9	0.97	0.234358
0.9	0.99	0.0881622
0.9	1	0

0.92	0	0
0.92	0.01	-0.0302943
0.92	0.03	-0.0934919
0.92	0.05	-0.152142
0.92	0.07	-0.202722
0.92	0.09	-0.244033
0.92	0.11	-0.276194
0.92	0.13	-0.299973
0.92	0.15	-0.316391
0.92	0.17	-0.326507
0.92	0.19	-0.331306
0.92	0.21	-0.331645
0.92	0.23	-0.328243
0.92	0.25	-0.32168
0.92	0.27	-0.312411
0.92	0.29	-0.300782
0.92	0.31	-0.287046
0.92	0.33	-0.271385
0.92	0.35	-0.253919
0.92	0.37	-0.234729
0.92	0.39	-0.213863
0.92	0.41	-0.191353
0.92	0.43	-0.167223
0.92	0.45	-0.141498
0.92	0.47	-0.114212
0.92	0.49	-0.0854151
0.92	0.51	-0.055178
0.92	0.53	-0.023599
0.92	0.55	0.00919233
0.92	0.57	0.0430308
0.92	0.59	0.077712
0.92	0.61	0.112988
0.92	0.63	0.148565
0.92	0.65	0.184097
0.92	0.67	0.219187
0.92	0.69	0.253376
0.92	0.71	0.286145
0.92	0.73	0.316902
0.92	0.75	0.344978
0.92	0.77	0.369617
0.92	0.79	0.389957
0.92	0.81	0.405014
0.92	0.83	0.413658
0.92	0.85	0.414585
0.92	0.87	0.406284
0.92	0.89	0.387012
0.92	0.91	0.354808
0.92	0.93	0.30756
0.92	0.95	0.243243
0.92	0.97	0.160396
0.92	0.99	0.0589307
0.92	1	0

0.94	0	0
0.94	0.01	-0.0147095
0.94	0.03	-0.0518724
0.94	0.05	-0.0881975
0.94	0.07	-0.119851
0.94	0.09	-0.145581
0.94	0.11	-0.165399
0.94	0.13	-0.17986
0.94	0.15	-0.189698
0.94	0.17	-0.195649
0.94	0.19	-0.198378
0.94	0.21	-0.19845
0.94	0.23	-0.196326
0.94	0.25	-0.192371
0.94	0.27	-0.186862
0.94	0.29	-0.180007
0.94	0.31	-0.171953
0.94	0.33	-0.162798
0.94	0.35	-0.152607
0.94	0.37	-0.141415
0.94	0.39	-0.129242
0.94	0.41	-0.116094
0.94	0.43	-0.101975
0.94	0.45	-0.0868888
0.94	0.47	-0.0708453
0.94	0.49	-0.0538643
0.94	0.51	-0.0359793
0.94	0.53	-0.0172403
0.94	0.55	0.00228341
0.94	0.57	0.0225001
0.94	0.59	0.0432938
0.94	0.61	0.0645218
0.94	0.63	0.0860125
0.94	0.65	0.107563
0.94	0.67	0.128937
0.94	0.69	0.149861
0.94	0.71	0.170024
0.94	0.73	0.189068
0.94	0.75	0.206589
0.94	0.77	0.222122
0.94	0.79	0.235139
0.94	0.81	0.245026
0.94	0.83	0.251069
0.94	0.85	0.252426
0.94	0.87	0.248099
0.94	0.89	0.236902
0.94	0.91	0.217458
0.94	0.93	0.188256
0.94	0.95	0.147901
0.94	0.97	0.0957494
0.94	0.99	0.0333127
0.94	1	0

0.96	0	0
0.96	0.01	-0.00420111
0.96	0.03	-0.0218348
0.96	0.05	-0.0402822
0.96	0.07	-0.0563764
0.96	0.09	-0.0692537
0.96	0.11	-0.0789731
0.96	0.13	-0.0859139
0.96	0.15	-0.0905256
0.96	0.17	-0.0932315
0.96	0.19	-0.094395
0.96	0.21	-0.0943134
0.96	0.23	-0.093222
0.96	0.25	-0.091301
0.96	0.27	-0.0886849
0.96	0.29	-0.0854697
0.96	0.31	-0.0817214
0.96	0.33	-0.077482
0.96	0.35	-0.0727755
0.96	0.37	-0.067613
0.96	0.39	-0.0619967
0.96	0.41	-0.0559242
0.96	0.43	-0.0493906
0.96	0.45	-0.0423922
0.96	0.47	-0.0349281
0.96	0.49	-0.0270024
0.96	0.51	-0.0186259
0.96	0.53	-0.00981778
0.96	0.55	-0.000606533
0.96	0.57	0.00896834
0.96	0.59	0.0188554
0.96	0.61	0.02899
0.96	0.63	0.0392936
0.96	0.65	0.0496721
0.96	0.67	0.060015
0.96	0.69	0.0701939
0.96	0.71	0.0800611
0.96	0.73	0.0894471
0.96	0.75	0.0981579
0.96	0.77	0.105971
0.96	0.79	0.112629
0.96	0.81	0.117831
0.96	0.83	0.12122
0.96	0.85	0.122368
0.96	0.87	0.120746
0.96	0.89	0.115703
0.96	0.91	0.106436
0.96	0.93	0.0920109
0.96	0.95	0.071521
0.96	0.97	0.0446739
0.96	0.99	0.0134904
0.96	1	0

0.98	0	0
0.98	0.01	0.000460983
0.98	0.03	-0.00465478
0.98	0.05	-0.0104194
0.98	0.07	-0.0153158
0.98	0.09	-0.0190788
0.98	0.11	-0.0218078
0.98	0.13	-0.0236825
0.98	0.15	-0.0248766
0.98	0.17	-0.0255367
0.98	0.19	-0.0257799
0.98	0.21	-0.0256968
0.98	0.23	-0.0253559
0.98	0.25	-0.024808
0.98	0.27	-0.0240891
0.98	0.29	-0.023224
0.98	0.31	-0.0222286
0.98	0.33	-0.021112
0.98	0.35	-0.0198782
0.98	0.37	-0.0185279
0.98	0.39	-0.0170592
0.98	0.41	-0.0154691
0.98	0.43	-0.0137542
0.98	0.45	-0.0119113
0.98	0.47	-0.0099381
0.98	0.49	-0.00783397
0.98	0.51	-0.00560004
0.98	0.53	-0.0032398
0.98	0.55	-0.00075946
0.98	0.57	0.00183172
0.98	0.59	0.0045211
0.98	0.61	0.00729239
0.98	0.63	0.0101253
0.98	0.65	0.0129953
0.98	0.67	0.0158731
0.98	0.69	0.0187247
0.98	0.71	0.0215103
0.98	0.73	0.0241845
0.98	0.75	0.0266945
0.98	0.77	0.0289799
0.98	0.79	0.0309701
0.98	0.81	0.0325817
0.98	0.83	0.0337139
0.98	0.85	0.0342418
0.98	0.87	0.0340057
0.98	0.89	0.0327945
0.98	0.91	0.0303254
0.98	0.93	0.0262247
0.98	0.95	0.020058
0.98	0.97	0.0115884
0.98	0.99	0.00193977
0.98	1	0

1	0	0
1	0.01	0
1	0.03	0
1	0.05	0
1	0.07	0
1	0.09	0
1	0.11	0
1	0.13	0
1	0.15	0
1	0.17	0
1	0.19	0
1	0.21	0
1	0.23	0
1	0.25	0
1	0.27	0
1	0.29	0
1	0.31	0
1	0.33	0
1	0.35	0
1	0.37	0
1	0.39	0
1	0.41	0
1	0.43	0
1	0.45	0
1	0.47	0
1	0.49	0
1	0.51	0
1	0.53	0
1	0.55	0
1	0.57	0
1	0.59	0
1	0.61	0
1	0.63	0
1	0.65	0
1	0.67	0
1	0.69	0
1	0.71	0
1	0.73	0
1	0.75	0
1	0.77	0
1	0.79	0
1	0.81	0
1	0.83	0
1	0.85	0
1	0.87	0
1	0.89	0
1	0.91	0
1	0.93	0
1	0.95	0
1	0.97	0
1	0.99	0
1	1	0

