0	0	0
0	0.01	0
0	0.03	0
0	0.05	0
0	0.07	0
0	0.09	0
0	0.11	0
0	0.13	0
0	0.15	0
0	0.17	0
0	0.19	0
0	0.21	0
0	0.23	0
0	0.25	0
0	0.27	0
0	0.29	0
0	0.31	0
0	0.33	0
0	0.35	0
0	0.37	0
0	0.39	0
0	0.41	0
0	0.43	0
0	0.45	0
0	0.47	0
0	0.49	0
0	0.51	0
0	0.53	0
0	0.55	0
0	0.57	0
0	0.59	0
0	0.61	0
0	0.63	0
0	0.65	0
0	0.67	0
0	0.69	0
0	0.71	0
0	0.73	0
0	0.75	0
0	0.77	0
0	0.79	0
0	0.81	0
0	0.83	0
0	0.85	0
0	0.87	0
0	0.89	0
0	0.91	0
0	0.93	0
0	0.95	0
0	0.97	0
0	0.99	0
0	1	0

0.02	0	0
0.02	0.01	-0.114146
0.02	0.03	-0.270432
0.02	0.05	-0.348866
0.02	0.07	-0.378869
0.02	0.09	-0.381923
0.02	0.11	-0.370283
0.02	0.13	-0.350575
0.02	0.15	-0.326389
0.02	0.17	-0.299717
0.02	0.19	-0.2717
0.02	0.21	-0.243017
0.02	0.23	-0.214095
0.02	0.25	-0.185219
0.02	0.27	-0.156598
0.02	0.29	-0.128398
0.02	0.31	-0.100765
0.02	0.33	-0.0738292
0.02	0.35	-0.0477152
0.02	0.37	-0.0225404
0.02	0.39	0.00158329
0.02	0.41	0.0245501
0.02	0.43	0.0462612
0.02	0.45	0.0666257
0.02	0.47	0.0855614
0.02	0.49	0.102996
0.02	0.51	0.11887
0.02	0.53	0.133136
0.02	0.55	0.145762
0.02	0.57	0.156733
0.02	0.59	0.166055
0.02	0.61	0.173757
0.02	0.63	0.17989
0.02	0.65	0.184534
0.02	0.67	0.1878
0.02	0.69	0.189828
0.02	0.71	0.190791
0.02	0.73	0.190885
0.02	0.75	0.190325
0.02	0.77	0.189315
0.02	0.79	0.188019
0.02	0.81	0.1865
0.02	0.83	0.184641
0.02	0.85	0.182035
0.02	0.87	0.177845
0.02	0.89	0.170645
0.02	0.91	0.158263
0.02	0.93	0.137726
0.02	0.95	0.105644
0.02	0.97	0.0601654
0.02	0.99	0.00833626
0.02	1	0

0.04	0	0
0.04	0.01	-0.374868
0.04	0.03	-0.835869
0.04	0.05	-1.08968
0.04	0.07	-1.20905
0.04	0.09	-1.24516
0.04	0.11	-1.23046
0.04	0.13	-1.1847
0.04	0.15	-1.11979
0.04	0.17	-1.04295
0.04	0.19	-0.958639
0.04	0.21	-0.869683
0.04	0.23	-0.777935
0.04	0.25	-0.684675
0.04	0.27	-0.590845
0.04	0.29	-0.497187
0.04	0.31	-0.404324
0.04	0.33	-0.31281
0.04	0.35	-0.223152
0.04	0.37	-0.135825
0.04	0.39	-0.051281
0.04	0.41	0.0300527
0.04	0.43	0.107771
0.04	0.45	0.181493
0.04	0.47	0.250865
0.04	0.49	0.315564
0.04	0.51	0.3753
0.04	0.53	0.429831
0.04	0.55	0.478959
0.04	0.57	0.522549
0.04	0.59	0.560533
0.04	0.61	0.592921
0.04	0.63	0.619813
0.04	0.65	0.641408
0.04	0.67	0.658008
0.04	0.69	0.670025
0.04	0.71	0.677969
0.04	0.73	0.68243
0.04	0.75	0.684024
0.04	0.77	0.68332
0.04	0.79	0.6807
0.04	0.81	0.676175
0.04	0.83	0.669126
0.04	0.85	0.657986
0.04	0.87	0.639877
0.04	0.89	0.610267
0.04	0.91	0.562777
0.04	0.93	0.489471
0.04	0.95	0.382383
0.04	0.97	0.238079
0.04	0.99	0.069221
0.04	1	0

0.06	0	0
0.06	0.01	-0.687055
0.06	0.03	-1.52792
0.06	0.05	-2.01489
0.06	0.07	-2.26899
0.06	0.09	-2.37157
0.06	0.11	-2.37598
0.06	0.13	-2.31658
0.06	0.15	-2.21533
0.06	0.17	-2.08633
0.06	0.19	-1.9387
0.06	0.21	-1.77844
0.06	0.23	-1.60966
0.06	0.25	-1.43525
0.06	0.27	-1.25737
0.06	0.29	-1.07772
0.06	0.31	-0.897719
0.06	0.33	-0.718621
0.06	0.35	-0.541552
0.06	0.37	-0.367561
0.06	0.39	-0.197641
0.06	0.41	-0.0327363
0.06	0.43	0.126254
0.06	0.45	0.27847
0.06	0.47	0.423099
0.06	0.49	0.559381
0.06	0.51	0.686612
0.06	0.53	0.804169
0.06	0.55	0.911513
0.06	0.57	1.00822
0.06	0.59	1.094
0.06	0.61	1.1687
0.06	0.63	1.23238
0.06	0.65	1.28527
0.06	0.67	1.32782
0.06	0.69	1.3607
0.06	0.71	1.38477
0.06	0.73	1.40104
0.06	0.75	1.41055
0.06	0.77	1.41421
0.06	0.79	1.41257
0.06	0.81	1.40537
0.06	0.83	1.39118
0.06	0.85	1.36676
0.06	0.87	1.32653
0.06	0.89	1.26208
0.06	0.91	1.16209
0.06	0.93	1.01304
0.06	0.95	0.801637
0.06	0.97	0.520415
0.06	0.99	0.178773
0.06	1	0

0.08	0	0
0.08	0.01	-0.990338
0.08	0.03	-2.23104
0.08	0.05	-2.98042
0.08	0.07	-3.40051
0.08	0.09	-3.59926
0.08	0.11	-3.64871
0.08	0.13	-3.59683
0.08	0.15	-3.47546
0.08	0.17	-3.30581
0.08	0.19	-3.10214
0.08	0.21	-2.87415
0.08	0.23	-2.62867
0.08	0.25	-2.37063
0.08	0.27	-2.10376
0.08	0.29	-1.83103
0.08	0.31	-1.55492
0.08	0.33	-1.27757
0.08	0.35	-1.00093
0.08	0.37	-0.726797
0.08	0.39	-0.456848
0.08	0.41	-0.192692
0.08	0.43	0.0641303
0.08	0.45	0.312137
0.08	0.47	0.549906
0.08	0.49	0.776076
0.08	0.51	0.989364
0.08	0.53	1.18859
0.08	0.55	1.37268
0.08	0.57	1.54073
0.08	0.59	1.69204
0.08	0.61	1.82612
0.08	0.63	1.94277
0.08	0.65	2.04211
0.08	0.67	2.12459
0.08	0.69	2.191
0.08	0.71	2.24243
0.08	0.73	2.2802
0.08	0.75	2.30569
0.08	0.77	2.32003
0.08	0.79	2.32375
0.08	0.81	2.31619
0.08	0.83	2.2948
0.08	0.85	2.25443
0.08	0.87	2.18648
0.08	0.89	2.0784
0.08	0.91	1.91364
0.08	0.93	1.6726
0.08	0.95	1.33533
0.08	0.97	0.886811
0.08	0.99	0.325499
0.08	1	0

0.1	0	0
0.1	0.01	-1.25391
0.1	0.03	-2.87484
0.1	0.05	-3.89275
0.1	0.07	-4.49677
0.1	0.09	-4.81474
0.1	0.11	-4.93361
0.1	0.13	-4.91268
0.1	0.15	-4.7924
0.1	0.17	-4.60054
0.1	0.19	-4.35628
0.1	0.21	-4.0731
0.1	0.23	-3.76068
0.1	0.25	-3.42622
0.1	0.27	-3.07522
0.1	0.29	-2.71213
0.1	0.31	-2.34064
0.1	0.33	-1.96396
0.1	0.35	-1.58498
0.1	0.37	-1.20632
0.1	0.39	-0.830463
0.1	0.41	-0.459762
0.1	0.43	-0.0964767
0.1	0.45	0.257205
0.1	0.47	0.599156
0.1	0.49	0.927314
0.1	0.51	1.23969
0.1	0.53	1.53441
0.1	0.55	1.80971
0.1	0.57	2.06404
0.1	0.59	2.29606
0.1	0.61	2.50476
0.1	0.63	2.68947
0.1	0.65	2.84996
0.1	0.67	2.98646
0.1	0.69	3.09967
0.1	0.71	3.19069
0.1	0.73	3.26097
0.1	0.75	3.312
0.1	0.77	3.34495
0.1	0.79	3.36014
0.1	0.81	3.35628
0.1	0.83	3.3296
0.1	0.85	3.27282
0.1	0.87	3.17422
0.1	0.89	3.01699
0.1	0.91	2.77917
0.1	0.93	2.43451
0.1	0.95	1.95502
0.1	0.97	1.31517
0.1	0.99	0.498026
0.1	1	0

0.12	0	0
0.12	0.01	-1.46594
0.12	0.03	-3.42376
0.12	0.05	-4.69888
0.12	0.07	-5.49282
0.12	0.09	-5.94532
0.12	0.11	-6.15356
0.12	0.13	-6.18522
0.12	0.15	-6.08761
0.12	0.17	-5.89397
0.12	0.19	-5.62786
0.12	0.21	-5.30624
0.12	0.23	-4.94163
0.12	0.25	-4.54346
0.12	0.27	-4.11915
0.12	0.29	-3.67468
0.12	0.31	-3.21507
0.12	0.33	-2.74469
0.12	0.35	-2.26741
0.12	0.37	-1.78676
0.12	0.39	-1.30604
0.12	0.41	-0.828359
0.12	0.43	-0.356718
0.12	0.45	0.105972
0.12	0.47	0.556861
0.12	0.49	0.993148
0.12	0.51	1.41209
0.12	0.53	1.81103
0.12	0.55	2.18742
0.12	0.57	2.53891
0.12	0.59	2.86339
0.12	0.61	3.15912
0.12	0.63	3.42475
0.12	0.65	3.65947
0.12	0.67	3.86302
0.12	0.69	4.03575
0.12	0.71	4.17853
0.12	0.73	4.29263
0.12	0.75	4.3794
0.12	0.77	4.4398
0.12	0.79	4.4737
0.12	0.81	4.479
0.12	0.83	4.4505
0.12	0.85	4.3787
0.12	0.87	4.24871
0.12	0.89	4.03941
0.12	0.91	3.72321
0.12	0.93	3.2668
0.12	0.95	2.63307
0.12	0.97	1.7843
0.12	0.99	0.68646
0.12	1	0

0.14	0	0
0.14	0.01	-1.62569
0.14	0.03	-3.86639
0.14	0.05	-5.37615
0.14	0.07	-6.35643
0.14	0.09	-6.9512
0.14	0.11	-7.26299
0.14	0.13	-7.36485
0.14	0.15	-7.30891
0.14	0.17	-7.13262
0.14	0.19	-6.86316
0.14	0.21	-6.52056
0.14	0.23	-6.11992
0.14	0.25	-5.67289
0.14	0.27	-5.18875
0.14	0.29	-4.67507
0.14	0.31	-4.13826
0.14	0.33	-3.58384
0.14	0.35	-3.01671
0.14	0.37	-2.44129
0.14	0.39	-1.86168
0.14	0.41	-1.28173
0.14	0.43	-0.705118
0.14	0.45	-0.135438
0.14	0.47	0.42378
0.14	0.49	0.969033
0.14	0.51	1.49684
0.14	0.53	2.00376
0.14	0.55	2.48642
0.14	0.57	2.94162
0.14	0.59	3.36637
0.14	0.61	3.75803
0.14	0.63	4.11442
0.14	0.65	4.43391
0.14	0.67	4.71553
0.14	0.69	4.95899
0.14	0.71	5.16462
0.14	0.73	5.33324
0.14	0.75	5.46574
0.14	0.77	5.56256
0.14	0.79	5.62289
0.14	0.81	5.64354
0.14	0.83	5.61771
0.14	0.85	5.5336
0.14	0.87	5.37307
0.14	0.89	5.11062
0.14	0.91	4.713
0.14	0.93	4.13955
0.14	0.95	3.34361
0.14	0.97	2.27487
0.14	0.99	0.882351
0.14	1	0

0.16	0	0
0.16	0.01	-1.73834
0.16	0.03	-4.20662
0.16	0.05	-5.92277
0.16	0.07	-7.07909
0.16	0.09	-7.81731
0.16	0.11	-8.24103
0.16	0.13	-8.42566
0.16	0.15	-8.42623
0.16	0.17	-8.28314
0.16	0.19	-8.02635
0.16	0.21	-7.67849
0.16	0.23	-7.25698
0.16	0.25	-6.77555
0.16	0.27	-6.24528
0.16	0.29	-5.67536
0.16	0.31	-5.07355
0.16	0.33	-4.44655
0.16	0.35	-3.80026
0.16	0.37	-3.13998
0.16	0.39	-2.47053
0.16	0.41	-1.79644
0.16	0.43	-1.12199
0.16	0.45	-0.451342
0.16	0.47	0.211387
0.16	0.49	0.862087
0.16	0.51	1.49662
0.16	0.53	2.11084
0.16	0.55	2.70057
0.16	0.57	3.26177
0.16	0.59	3.79052
0.16	0.61	4.28323
0.16	0.63	4.73673
0.16	0.65	5.14844
0.16	0.67	5.51644
0.16	0.69	5.83956
0.16	0.71	6.11732
0.16	0.73	6.34974
0.16	0.75	6.53696
0.16	0.77	6.67859
0.16	0.79	6.77279
0.16	0.81	6.81507
0.16	0.83	6.79683
0.16	0.85	6.7038
0.16	0.87	6.51452
0.16	0.89	6.19915
0.16	0.91	5.71878
0.16	0.93	5.0255
0.16	0.95	4.0633
0.16	0.97	2.7698
0.16	0.99	1.0785
0.16	1	0

0.18	0	0
0.18	0.01	-1.81188
0.18	0.03	-4.45692
0.18	0.05	-6.34992
0.18	0.07	-7.66796
0.18	0.09	-8.54581
0.18	0.11	-9.08453
0.18	0.13	-9.35943
0.18	0.15	-9.42666
0.18	0.17	-9.32839
0.18	0.19	-9.09665
0.18	0.21	-8.75617
0.18	0.23	-8.32642
0.18	0.25	-7.82307
0.18	0.27	-7.25896
0.18	0.29	-6.64484
0.18	0.31	-5.98982
0.18	0.33	-5.30179
0.18	0.35	-4.5876
0.18	0.37	-3.85338
0.18	0.39	-3.10463
0.18	0.41	-2.34642
0.18	0.43	-1.58354
0.18	0.45	-0.820606
0.18	0.47	-0.0621654
0.18	0.49	0.687199
0.18	0.51	1.42283
0.18	0.53	2.13997
0.18	0.55	2.83379
0.18	0.57	3.49943
0.18	0.59	4.13211
0.18	0.61	4.72726
0.18	0.63	5.28069
0.18	0.65	5.78873
0.18	0.67	6.24837
0.18	0.69	6.65735
0.18	0.71	7.01411
0.18	0.73	7.31762
0.18	0.75	7.56692
0.18	0.77	7.76049
0.18	0.79	7.89515
0.18	0.81	7.96482
0.18	0.83	7.95886
0.18	0.85	7.86039
0.18	0.87	7.64459
0.18	0.89	7.27733
0.18	0.91	6.71423
0.18	0.93	5.90053
0.18	0.95	4.77162
0.18	0.97	3.25433
0.18	0.99	1.26885
0.18	1	0

0.2	0	0
0.2	0.01	-1.85512
0.2	0.03	-4.63374
0.2	0.05	-6.67563
0.2	0.07	-8.13937
0.2	0.09	-9.14954
0.2	0.11	-9.80203
0.2	0.13	-10.1701
0.2	0.15	-10.3095
0.2	0.17	-10.2634
0.2	0.19	-10.065
0.2	0.21	-9.7409
0.2	0.23	-9.31232
0.2	0.25	-8.79673
0.2	0.27	-8.2087
0.2	0.29	-7.5605
0.2	0.31	-6.86259
0.2	0.33	-6.12401
0.2	0.35	-5.35256
0.2	0.37	-4.55513
0.2	0.39	-3.73781
0.2	0.41	-2.90614
0.2	0.43	-2.06529
0.2	0.45	-1.22018
0.2	0.47	-0.375641
0.2	0.49	0.463434
0.2	0.51	1.29204
0.2	0.53	2.10498
0.2	0.55	2.89688
0.2	0.57	3.66222
0.2	0.59	4.39545
0.2	0.61	5.09108
0.2	0.63	5.7439
0.2	0.65	6.34911
0.2	0.67	6.90252
0.2	0.69	7.40064
0.2	0.71	7.84062
0.2	0.73	8.22012
0.2	0.75	8.53682
0.2	0.77	8.78773
0.2	0.79	8.96806
0.2	0.81	9.06982
0.2	0.83	9.08011
0.2	0.85	8.97932
0.2	0.87	8.73921
0.2	0.89	8.32151
0.2	0.91	7.67674
0.2	0.93	6.74398
0.2	0.95	5.45115
0.2	0.97	3.71611
0.2	0.99	1.44841
0.2	1	0

0.22	0	0
0.22	0.01	-1.87657
0.22	0.03	-4.75437
0.22	0.05	-6.92052
0.22	0.07	-8.51383
0.22	0.09	-9.64686
0.22	0.11	-10.4086
0.22	0.13	-10.8689
0.22	0.15	-11.0821
0.22	0.17	-11.0914
0.22	0.19	-10.9308
0.22	0.21	-10.6284
0.22	0.23	-10.2071
0.22	0.25	-9.68593
0.22	0.27	-9.08119
0.22	0.29	-8.40665
0.22	0.31	-7.67413
0.22	0.33	-6.89378
0.22	0.35	-6.07434
0.22	0.37	-5.2234
0.22	0.39	-4.34759
0.22	0.41	-3.45283
0.22	0.43	-2.54454
0.22	0.45	-1.6278
0.22	0.47	-0.707589
0.22	0.49	0.211069
0.22	0.51	1.12299
0.22	0.53	2.02274
0.22	0.55	2.90456
0.22	0.57	3.76246
0.22	0.59	4.59021
0.22	0.61	5.38155
0.22	0.63	6.13029
0.22	0.65	6.83056
0.22	0.67	7.47694
0.22	0.69	8.06461
0.22	0.71	8.58931
0.22	0.73	9.04719
0.22	0.75	9.43432
0.22	0.77	9.74596
0.22	0.79	9.97542
0.22	0.81	10.1125
0.22	0.83	10.142
0.22	0.85	10.0412
0.22	0.87	9.77869
0.22	0.89	9.31215
0.22	0.91	8.58758
0.22	0.93	7.53879
0.22	0.95	6.08765
0.22	0.97	4.14522
0.22	0.99	1.6133
0.22	1	0

0.24	0	0
0.24	0.01	-1.88376
0.24	0.03	-4.83504
0.24	0.05	-7.1049
0.24	0.07	-8.81259
0.24	0.09	-10.058
0.24	0.11	-10.9223
0.24	0.13	-11.4708
0.24	0.15	-11.756
0.24	0.17	-11.8205
0.24	0.19	-11.6989
0.24	0.21	-11.4204
0.24	0.23	-11.0093
0.24	0.25	-10.4864
0.24	0.27	-9.86949
0.24	0.29	-9.17396
0.24	0.31	-8.41293
0.24	0.33	-7.59766
0.24	0.35	-6.7378
0.24	0.37	-5.8416
0.24	0.39	-4.9162
0.24	0.41	-3.96779
0.24	0.43	-3.00195
0.24	0.45	-2.02383
0.24	0.47	-1.03839
0.24	0.49	-0.0506225
0.24	0.51	0.934287
0.24	0.53	1.91082
0.24	0.55	2.87307
0.24	0.57	3.8147
0.24	0.59	4.72903
0.24	0.61	5.60913
0.24	0.63	6.44799
0.24	0.65	7.23871
0.24	0.67	7.97467
0.24	0.69	8.64971
0.24	0.71	9.25807
0.24	0.73	9.79423
0.24	0.75	10.2525
0.24	0.77	10.6261
0.24	0.79	10.9063
0.24	0.81	11.0804
0.24	0.83	11.1306
0.24	0.85	11.0312
0.24	0.87	10.7476
0.24	0.89	10.2338
0.24	0.91	9.43188
0.24	0.93	8.27149
0.24	0.95	6.67008
0.24	0.97	4.5341
0.24	0.99	1.76063
0.24	1	0

0.26	0	0
0.26	0.01	-1.88295
0.26	0.03	-4.88988
0.26	0.05	-7.24709
0.26	0.07	-9.05545
0.26	0.09	-10.4023
0.26	0.11	-11.3609
0.26	0.13	-11.9916
0.26	0.15	-12.3446
0.26	0.17	-12.4614
0.26	0.19	-12.3772
0.26	0.21	-12.122
0.26	0.23	-11.7215
0.26	0.25	-11.1983
0.26	0.27	-10.5716
0.26	0.29	-9.85828
0.26	0.31	-9.07281
0.26	0.33	-8.22757
0.26	0.35	-7.3331
0.26	0.37	-6.39832
0.26	0.39	-5.43077
0.26	0.41	-4.43691
0.26	0.43	-3.42239
0.26	0.45	-2.39231
0.26	0.47	-1.35152
0.26	0.49	-0.304828
0.26	0.51	0.742724
0.26	0.53	1.78573
0.26	0.55	2.81827
0.26	0.57	3.83389
0.26	0.59	4.82562
0.26	0.61	5.78604
0.26	0.63	6.70745
0.26	0.65	7.58203
0.26	0.67	8.40208
0.26	0.69	9.16008
0.26	0.71	9.84874
0.26	0.73	10.4608
0.26	0.75	10.9887
0.26	0.77	11.4234
0.26	0.79	11.7539
0.26	0.81	11.9651
0.26	0.83	12.0361
0.26	0.85	11.9385
0.26	0.87	11.6344
0.26	0.89	11.0748
0.26	0.91	10.1985
0.26	0.93	8.93215
0.26	0.95	7.19044
0.26	0.97	4.87751
0.26	0.99	1.88852
0.26	1	0

0.28	0	0
0.28	0.01	-1.87907
0.28	0.03	-4.93045
0.28	0.05	-7.36247
0.28	0.07	-9.25954
0.28	0.09	-10.6973
0.28	0.11	-11.741
0.28	0.13	-12.4463
0.28	0.15	-12.8608
0.28	0.17	-13.0252
0.28	0.19	-12.9747
0.28	0.21	-12.7403
0.28	0.23	-12.3491
0.28	0.25	-11.825
0.28	0.27	-11.189
0.28	0.29	-10.4593
0.28	0.31	-9.65179
0.28	0.33	-8.7799
0.28	0.35	-7.85506
0.28	0.37	-6.8868
0.28	0.39	-5.8831
0.28	0.41	-4.85062
0.28	0.43	-3.79504
0.28	0.45	-2.72133
0.28	0.47	-1.63414
0.28	0.49	-0.537992
0.28	0.51	0.562349
0.28	0.53	1.66172
0.28	0.55	2.75439
0.28	0.57	3.83394
0.28	0.59	4.89328
0.28	0.61	5.92467
0.28	0.63	6.91989
0.28	0.65	7.87037
0.28	0.67	8.76738
0.28	0.69	9.60214
0.28	0.71	10.3659
0.28	0.73	11.0495
0.28	0.75	11.6435
0.28	0.77	12.1366
0.28	0.79	12.5153
0.28	0.81	12.7617
0.28	0.83	12.8523
0.28	0.85	12.7558
0.28	0.87	12.4314
0.28	0.89	11.8272
0.28	0.91	10.8799
0.28	0.93	9.51416
0.28	0.95	7.64365
0.28	0.97	5.17232
0.28	0.99	1.99601
0.28	1	0

0.3	0	0
0.3	0.01	-1.87576
0.3	0.03	-4.96564
0.3	0.05	-7.46328
0.3	0.07	-9.43876
0.3	0.09	-10.9571
0.3	0.11	-12.0765
0.3	0.13	-12.8481
0.3	0.15	-13.3168
0.3	0.17	-13.5225
0.3	0.19	-13.5007
0.3	0.21	-13.2832
0.3	0.23	-12.8983
0.3	0.25	-12.3716
0.3	0.27	-11.7254
0.3	0.29	-10.9795
0.3	0.31	-10.1511
0.3	0.33	-9.25452
0.3	0.35	-8.3022
0.3	0.37	-7.30427
0.3	0.39	-6.26908
0.3	0.41	-5.20349
0.3	0.43	-4.11317
0.3	0.45	-3.00296
0.3	0.47	-1.8772
0.3	0.49	-0.740088
0.3	0.51	0.404002
0.3	0.53	1.55028
0.3	0.55	2.6933
0.3	0.57	3.82686
0.3	0.59	4.9439
0.3	0.61	6.03655
0.3	0.63	7.09622
0.3	0.65	8.11372
0.3	0.67	9.07945
0.3	0.69	9.98345
0.3	0.71	10.8155
0.3	0.73	11.5648
0.3	0.75	12.2197
0.3	0.77	12.7667
0.3	0.79	13.1898
0.3	0.81	13.4684
0.3	0.83	13.5763
0.3	0.85	13.4792
0.3	0.87	13.1338
0.3	0.89	12.4863
0.3	0.91	11.4716
0.3	0.93	10.0139
0.3	0.95	8.02725
0.3	0.97	5.41732
0.3	0.99	2.08292
0.3	1	0

0.32	0	0
0.32	0.01	-1.87553
0.32	0.03	-5.00191
0.32	0.05	-7.55861
0.32	0.07	-9.60372
0.32	0.09	-11.1932
0.32	0.11	-12.3788
0.32	0.13	-13.2076
0.32	0.15	-13.7225
0.32	0.17	-13.9626
0.32	0.19	-13.9635
0.32	0.21	-13.7581
0.32	0.23	-13.3759
0.32	0.25	-12.8439
0.32	0.27	-12.1859
0.32	0.29	-11.4232
0.32	0.31	-10.574
0.32	0.33	-9.65385
0.32	0.35	-8.67596
0.32	0.37	-7.65107
0.32	0.39	-6.58793
0.32	0.41	-5.49357
0.32	0.43	-4.37366
0.32	0.45	-3.23285
0.32	0.47	-2.07521
0.32	0.49	-0.904524
0.32	0.51	0.275272
0.32	0.53	1.45983
0.32	0.55	2.64414
0.32	0.57	3.82229
0.32	0.59	4.98742
0.32	0.61	6.13166
0.32	0.63	7.24622
0.32	0.65	8.32144
0.32	0.67	9.34697
0.32	0.69	10.3118
0.32	0.71	11.2043
0.32	0.73	12.0121
0.32	0.75	12.7214
0.32	0.77	13.3167
0.32	0.79	13.7791
0.32	0.81	14.0856
0.32	0.83	14.2072
0.32	0.85	14.1071
0.32	0.87	13.74
0.32	0.89	13.0502
0.32	0.91	11.9722
0.32	0.93	10.4305
0.32	0.95	8.34108
0.32	0.97	5.61299
0.32	0.99	2.14977
0.32	1	0

0.34	0	0
0.34	0.01	-1.87994
0.34	0.03	-5.04353
0.34	0.05	-7.65473
0.34	0.07	-9.76193
0.34	0.09	-11.4136
0.34	0.11	-12.656
0.34	0.13	-13.533
0.34	0.15	-14.0858
0.34	0.17	-14.3528
0.34	0.19	-14.3703
0.34	0.21	-14.1718
0.34	0.23	-13.7882
0.34	0.25	-13.2479
0.34	0.27	-12.5762
0.34	0.29	-11.7955
0.34	0.31	-10.9252
0.34	0.33	-9.98204
0.34	0.35	-8.97981
0.34	0.37	-7.92991
0.34	0.39	-6.84147
0.34	0.41	-5.72172
0.34	0.43	-4.57631
0.34	0.45	-3.40975
0.34	0.47	-2.22578
0.34	0.49	-1.02782
0.34	0.51	0.180698
0.34	0.53	1.39592
0.34	0.55	2.6133
0.34	0.57	3.82736
0.34	0.59	5.03152
0.34	0.61	6.21806
0.34	0.63	7.3781
0.34	0.65	8.50167
0.34	0.67	9.57779
0.34	0.69	10.5946
0.34	0.71	11.5391
0.34	0.73	12.3974
0.34	0.75	13.1537
0.34	0.77	13.7904
0.34	0.79	14.2861
0.34	0.81	14.6152
0.34	0.83	14.7463
0.34	0.85	14.6405
0.34	0.87	14.2503
0.34	0.89	13.5195
0.34	0.91	12.3825
0.34	0.93	10.7653
0.34	0.95	8.58696
0.34	0.97	5.76116
0.34	0.99	2.19762
0.34	1	0

0.36	0	0
0.36	0.01	-1.88976
0.36	0.03	-5.09293
0.36	0.05	-7.75542
0.36	0.07	-9.91814
0.36	0.09	-11.6235
0.36	0.11	-12.9138
0.36	0.13	-13.8301
0.36	0.15	-14.4124
0.36	0.17	-14.699
0.36	0.19	-14.7267
0.36	0.21	-14.53
0.36	0.23	-14.1411
0.36	0.25	-13.5895
0.36	0.27	-12.902
0.36	0.29	-12.1021
0.36	0.31	-11.2104
0.36	0.33	-10.2443
0.36	0.35	-9.21862
0.36	0.37	-8.14516
0.36	0.39	-7.03346
0.36	0.41	-5.89095
0.36	0.43	-4.72329
0.36	0.45	-3.53487
0.36	0.47	-2.32915
0.36	0.49	-1.10916
0.36	0.51	0.122136
0.36	0.53	1.3614
0.36	0.55	2.60461
0.36	0.57	3.84675
0.36	0.59	5.08162
0.36	0.61	6.30174
0.36	0.63	7.49826
0.36	0.65	8.66102
0.36	0.67	9.77858
0.36	0.69	10.8382
0.36	0.71	11.8259
0.36	0.73	12.7262
0.36	0.75	13.5216
0.36	0.77	14.1922
0.36	0.79	14.7145
0.36	0.81	15.0605
0.36	0.83	15.1965
0.36	0.85	15.0816
0.36	0.87	14.6673
0.36	0.89	13.8969
0.36	0.91	12.7055
0.36	0.93	11.0217
0.36	0.95	8.76831
0.36	0.97	5.86481
0.36	0.99	2.22798
0.36	1	0

0.38	0	0
0.38	0.01	-1.90519
0.38	0.03	-5.15105
0.38	0.05	-7.8624
0.38	0.07	-10.0747
0.38	0.09	-11.826
0.38	0.11	-13.1553
0.38	0.13	-14.1023
0.38	0.15	-14.706
0.38	0.17	-15.0051
0.38	0.19	-15.037
0.38	0.21	-14.8373
0.38	0.23	-14.4393
0.38	0.25	-13.8738
0.38	0.27	-13.1687
0.38	0.29	-12.3487
0.38	0.31	-11.4352
0.38	0.33	-10.4465
0.38	0.35	-9.39808
0.38	0.37	-8.30227
0.38	0.39	-7.16896
0.38	0.41	-6.00579
0.38	0.43	-4.8185
0.38	0.45	-3.61136
0.38	0.47	-2.38761
0.38	0.49	-1.14992
0.38	0.51	0.0991691
0.38	0.53	1.35684
0.38	0.55	2.61957
0.38	0.57	3.88287
0.38	0.59	5.14095
0.38	0.61	6.38665
0.38	0.63	7.61124
0.38	0.65	8.80449
0.38	0.67	9.95458
0.38	0.69	11.0481
0.38	0.71	12.0702
0.38	0.73	13.0038
0.38	0.75	13.8299
0.38	0.77	14.5267
0.38	0.79	15.0686
0.38	0.81	15.4254
0.38	0.83	15.5615
0.38	0.85	15.4344
0.38	0.87	14.995
0.38	0.89	14.1865
0.38	0.91	12.9459
0.38	0.93	11.2044
0.38	0.95	8.88983
0.38	0.97	5.92773
0.38	0.99	2.24263
0.38	1	0

0.4	0	0
0.4	0.01	-1.92594
0.4	0.03	-5.21763
0.4	0.05	-7.97569
0.4	0.07	-10.232
0.4	0.09	-12.0216
0.4	0.11	-13.3817
0.4	0.13	-14.351
0.4	0.15	-14.9686
0.4	0.17	-15.2735
0.4	0.19	-15.3041
0.4	0.21	-15.097
0.4	0.23	-14.6868
0.4	0.25	-14.1053
0.4	0.27	-13.3814
0.4	0.29	-12.5406
0.4	0.31	-11.6054
0.4	0.33	-10.5946
0.4	0.35	-9.52429
0.4	0.37	-8.4073
0.4	0.39	-7.25387
0.4	0.41	-6.07185
0.4	0.43	-4.86708
0.4	0.45	-3.64378
0.4	0.47	-2.40504
0.4	0.49	-1.15321
0.4	0.51	0.109538
0.4	0.53	1.38086
0.4	0.55	2.65773
0.4	0.57	3.93615
0.4	0.59	5.2108
0.4	0.61	6.47485
0.4	0.63	7.71981
0.4	0.65	8.93541
0.4	0.67	10.1096
0.4	0.69	11.2285
0.4	0.71	12.2761
0.4	0.73	13.2346
0.4	0.75	14.0832
0.4	0.77	14.7984
0.4	0.79	15.3528
0.4	0.81	15.7144
0.4	0.83	15.8459
0.4	0.85	15.7038
0.4	0.87	15.2385
0.4	0.89	14.3941
0.4	0.91	13.1094
0.4	0.93	11.3195
0.4	0.95	8.95708
0.4	0.97	5.95431
0.4	0.99	2.24356
0.4	1	0

0.42	0	0
0.42	0.01	-1.95137
0.42	0.03	-5.29146
0.42	0.05	-8.0939
0.42	0.07	-10.3886
0.42	0.09	-12.2092
0.42	0.11	-13.5922
0.42	0.13	-14.576
0.42	0.15	-15.2003
0.42	0.17	-15.505
0.42	0.19	-15.5295
0.42	0.21	-15.3115
0.42	0.23	-14.8866
0.42	0.25	-14.2877
0.42	0.27	-13.5443
0.42	0.29	-12.6829
0.42	0.31	-11.7265
0.42	0.33	-10.6945
0.42	0.35	-9.60345
0.42	0.37	-8.46661
0.42	0.39	-7.29455
0.42	0.41	-6.09536
0.42	0.43	-4.875
0.42	0.45	-3.63772
0.42	0.47	-2.38649
0.42	0.49	-1.12346
0.42	0.51	0.149532
0.42	0.53	1.43053
0.42	0.55	2.71697
0.42	0.57	4.00533
0.42	0.59	5.29073
0.42	0.61	6.56673
0.42	0.63	7.82507
0.42	0.65	9.05556
0.42	0.67	10.246
0.42	0.69	11.3821
0.42	0.71	12.4472
0.42	0.73	13.4222
0.42	0.75	14.2854
0.42	0.77	15.0115
0.42	0.79	15.5716
0.42	0.81	15.9323
0.42	0.83	16.0549
0.42	0.85	15.8953
0.42	0.87	15.4039
0.42	0.89	14.526
0.42	0.91	13.2031
0.42	0.93	11.3738
0.42	0.95	8.9763
0.42	0.97	5.9493
0.42	0.99	2.23287
0.42	1	0

0.44	0	0
0.44	0.01	-1.98057
0.44	0.03	-5.37057
0.44	0.05	-8.21453
0.44	0.07	-10.542
0.44	0.09	-12.3864
0.44	0.11	-13.7845
0.44	0.13	-14.7754
0.44	0.15	-15.3999
0.44	0.17	-15.6991
0.44	0.19	-15.7135
0.44	0.21	-15.4819
0.44	0.23	-15.0408
0.44	0.25	-14.4238
0.44	0.27	-13.6613
0.44	0.29	-12.7801
0.44	0.31	-11.8036
0.44	0.33	-10.7519
0.44	0.35	-9.64164
0.44	0.37	-8.48658
0.44	0.39	-7.29756
0.44	0.41	-6.0829
0.44	0.43	-4.84874
0.44	0.45	-3.5994
0.44	0.47	-2.33783
0.44	0.49	-1.06606
0.44	0.51	0.214332
0.44	0.53	1.50169
0.44	0.55	2.79386
0.44	0.57	4.08773
0.44	0.59	5.37886
0.44	0.61	6.66117
0.44	0.63	7.92668
0.44	0.65	9.16534
0.44	0.67	10.3649
0.44	0.69	11.5106
0.44	0.71	12.5854
0.44	0.73	13.5694
0.44	0.75	14.4396
0.44	0.77	15.1696
0.44	0.79	15.7292
0.44	0.81	16.0837
0.44	0.83	16.1937
0.44	0.85	16.0147
0.44	0.87	15.4977
0.44	0.89	14.5895
0.44	0.91	13.2342
0.44	0.93	11.3746
0.44	0.95	8.95403
0.44	0.97	5.91761
0.44	0.99	2.21266
0.44	1	0

0.46	0	0
0.46	0.01	-2.01241
0.46	0.03	-5.45237
0.46	0.05	-8.33414
0.46	0.07	-10.6883
0.46	0.09	-12.5492
0.46	0.11	-13.955
0.46	0.13	-14.9463
0.46	0.15	-15.5652
0.46	0.17	-15.8544
0.46	0.19	-15.8556
0.46	0.21	-15.6086
0.46	0.23	-15.1507
0.46	0.25	-14.5161
0.46	0.27	-13.7355
0.46	0.29	-12.836
0.46	0.31	-11.8414
0.46	0.33	-10.772
0.46	0.35	-9.64467
0.46	0.37	-8.47343
0.46	0.39	-7.26939
0.46	0.41	-6.04114
0.46	0.43	-4.795
0.46	0.45	-3.53545
0.46	0.47	-2.26547
0.46	0.49	-0.987074
0.46	0.51	0.298303
0.46	0.53	1.58925
0.46	0.55	2.88391
0.46	0.57	4.17954
0.46	0.59	5.47208
0.46	0.61	6.7558
0.46	0.63	8.02302
0.46	0.65	9.26384
0.46	0.67	10.466
0.46	0.69	11.6146
0.46	0.71	12.6921
0.46	0.73	13.678
0.46	0.75	14.5484
0.46	0.77	15.276
0.46	0.79	15.8295
0.46	0.81	16.1734
0.46	0.83	16.2678
0.46	0.85	16.0684
0.46	0.87	15.5269
0.46	0.89	14.5919
0.46	0.91	13.2105
0.46	0.93	11.3294
0.46	0.95	8.89694
0.46	0.97	5.86417
0.46	0.99	2.18503
0.46	1	0

0.48	0	0
0.48	0.01	-2.04559
0.48	0.03	-5.53378
0.48	0.05	-8.44852
0.48	0.07	-10.8227
0.48	0.09	-12.6928
0.48	0.11	-14.0992
0.48	0.13	-15.0844
0.48	0.15	-15.6928
0.48	0.17	-15.9683
0.48	0.19	-15.9541
0.48	0.21	-15.691
0.48	0.23	-15.2167
0.48	0.25	-14.5658
0.48	0.27	-13.7691
0.48	0.29	-12.854
0.48	0.31	-11.844
0.48	0.33	-10.7596
0.48	0.35	-9.61792
0.48	0.37	-8.43305
0.48	0.39	-7.21635
0.48	0.41	-5.97665
0.48	0.43	-4.72052
0.48	0.45	-3.45263
0.48	0.47	-2.17612
0.48	0.49	-0.893028
0.48	0.51	0.395232
0.48	0.53	1.68738
0.48	0.55	2.9818
0.48	0.57	4.276
0.48	0.59	5.56627
0.48	0.61	6.8472
0.48	0.63	8.11137
0.48	0.65	9.3491
0.48	0.67	10.5482
0.48	0.69	11.6936
0.48	0.71	12.7676
0.48	0.73	13.7491
0.48	0.75	14.6137
0.48	0.77	15.3333
0.48	0.79	15.876
0.48	0.81	16.2058
0.48	0.83	16.2826
0.48	0.85	16.0625
0.48	0.87	15.4983
0.48	0.89	14.5408
0.48	0.91	13.1397
0.48	0.93	11.2457
0.48	0.95	8.81162
0.48	0.97	5.79379
0.48	0.99	2.15196
0.48	1	0

0.5	0	0
0.5	0.01	-2.07865
0.5	0.03	-5.61128
0.5	0.05	-8.55284
0.5	0.07	-10.9396
0.5	0.09	-12.8115
0.5	0.11	-14.2114
0.5	0.13	-15.1849
0.5	0.15	-15.7783
0.5	0.17	-16.0375
0.5	0.19	-16.0069
0.5	0.21	-15.7278
0.5	0.23	-15.2386
0.5	0.25	-14.5738
0.5	0.27	-13.7641
0.5	0.29	-12.8366
0.5	0.31	-11.8148
0.5	0.33	-10.719
0.5	0.35	-9.56629
0.5	0.37	-8.37091
0.5	0.39	-7.14439
0.5	0.41	-5.89577
0.5	0.43	-4.63192
0.5	0.45	-3.35774
0.5	0.47	-2.0766
0.5	0.49	-0.790682
0.5	0.51	0.498532
0.5	0.53	1.7898
0.5	0.55	3.0816
0.5	0.57	4.37167
0.5	0.59	5.65654
0.5	0.61	6.93106
0.5	0.63	8.18811
0.5	0.65	9.4182
0.5	0.67	10.6092
0.5	0.69	11.7463
0.5	0.71	12.8113
0.5	0.73	13.783
0.5	0.75	14.6366
0.5	0.77	15.3436
0.5	0.79	15.8718
0.5	0.81	16.1849
0.5	0.83	16.243
0.5	0.85	16.003
0.5	0.87	15.4189
0.5	0.89	14.4436
0.5	0.91	13.0295
0.5	0.93	11.1308
0.5	0.95	8.70447
0.5	0.97	5.7111
0.5	0.99	2.11537
0.5	1	0

0.52	0	0
0.52	0.01	-2.10999
0.52	0.03	-5.68099
0.52	0.05	-8.64173
0.52	0.07	-11.033
0.52	0.09	-12.8987
0.52	0.11	-14.2855
0.52	0.13	-15.242
0.52	0.15	-15.8169
0.52	0.17	-16.0581
0.52	0.19	-16.0109
0.52	0.21	-15.7173
0.52	0.23	-15.2157
0.52	0.25	-14.5403
0.52	0.27	-13.7214
0.52	0.29	-12.7859
0.52	0.31	-11.7566
0.52	0.33	-10.6537
0.52	0.35	-9.49408
0.52	0.37	-8.29195
0.52	0.39	-7.05898
0.52	0.41	-5.80446
0.52	0.43	-4.53551
0.52	0.45	-3.25737
0.52	0.47	-1.97368
0.52	0.49	-0.686875
0.52	0.51	0.60141
0.52	0.53	1.88985
0.52	0.55	3.17694
0.52	0.57	4.46053
0.52	0.59	5.73731
0.52	0.61	7.00237
0.52	0.63	8.24883
0.52	0.65	9.46741
0.52	0.67	10.6462
0.52	0.69	11.7703
0.52	0.71	12.8218
0.52	0.73	13.7792
0.52	0.75	14.6177
0.52	0.77	15.3085
0.52	0.79	15.8194
0.52	0.81	16.1143
0.52	0.83	16.1538
0.52	0.85	15.8955
0.52	0.87	15.2951
0.52	0.89	14.3072
0.52	0.91	12.8871
0.52	0.93	10.9918
0.52	0.95	8.58148
0.52	0.97	5.62043
0.52	0.99	2.07702
0.52	1	0

0.54	0	0
0.54	0.01	-2.13787
0.54	0.03	-5.73871
0.54	0.05	-8.7094
0.54	0.07	-11.0961
0.54	0.09	-12.9476
0.54	0.11	-14.3148
0.54	0.13	-15.2496
0.54	0.15	-15.8033
0.54	0.17	-16.0256
0.54	0.19	-15.9627
0.54	0.21	-15.6568
0.54	0.23	-15.1462
0.54	0.25	-14.4646
0.54	0.27	-13.6415
0.54	0.29	-12.703
0.54	0.31	-11.6716
0.54	0.33	-10.5666
0.54	0.35	-9.40486
0.54	0.37	-8.20041
0.54	0.39	-6.96501
0.54	0.41	-5.70814
0.54	0.43	-4.43722
0.54	0.45	-3.15782
0.54	0.47	-1.87396
0.54	0.49	-0.588374
0.54	0.51	0.697021
0.54	0.53	1.98072
0.54	0.55	3.26115
0.54	0.57	4.53616
0.54	0.59	5.80253
0.54	0.61	7.05553
0.54	0.63	8.28846
0.54	0.65	9.49231
0.54	0.67	10.6554
0.54	0.69	11.7629
0.54	0.71	12.7972
0.54	0.73	13.7367
0.54	0.75	14.5569
0.54	0.77	15.229
0.54	0.79	15.721
0.54	0.81	15.9972
0.54	0.83	16.0191
0.54	0.85	15.7452
0.54	0.87	15.1327
0.54	0.89	14.1383
0.54	0.91	12.7192
0.54	0.93	10.8349
0.54	0.95	8.44823
0.54	0.97	5.52578
0.54	0.99	2.03855
0.54	1	0

0.56	0	0
0.56	0.01	-2.16048
0.56	0.03	-5.78001
0.56	0.05	-8.74973
0.56	0.07	-11.122
0.56	0.09	-12.951
0.56	0.11	-14.2922
0.56	0.13	-15.2011
0.56	0.15	-15.7318
0.56	0.17	-15.9352
0.56	0.19	-15.8583
0.56	0.21	-15.5435
0.56	0.23	-15.0283
0.56	0.25	-14.3456
0.56	0.27	-13.5241
0.56	0.29	-12.5886
0.56	0.31	-11.5609
0.56	0.33	-10.4597
0.56	0.35	-9.30141
0.56	0.37	-8.0998
0.56	0.39	-6.86664
0.56	0.41	-5.61159
0.56	0.43	-4.34236
0.56	0.45	-3.06492
0.56	0.47	-1.78365
0.56	0.49	-0.501716
0.56	0.51	0.778629
0.56	0.53	2.0556
0.56	0.55	3.32744
0.56	0.57	4.5919
0.56	0.59	5.8458
0.56	0.61	7.08448
0.56	0.63	8.30145
0.56	0.65	9.4879
0.56	0.67	10.6324
0.56	0.69	11.7205
0.56	0.71	12.7346
0.56	0.73	13.6537
0.56	0.75	14.4533
0.56	0.77	15.1052
0.56	0.79	15.5777
0.56	0.81	15.8361
0.56	0.83	15.8423
0.56	0.85	15.5565
0.56	0.87	14.9371
0.56	0.89	13.9425
0.56	0.91	12.5317
0.56	0.93	10.666
0.56	0.95	8.30971
0.56	0.97	5.43076
0.56	0.99	2.00146
0.56	1	0

0.58	0	0
0.58	0.01	-2.17588
0.58	0.03	-5.80026
0.58	0.05	-8.75643
0.58	0.07	-11.1035
0.58	0.09	-12.9015
0.58	0.11	-14.2106
0.58	0.13	-15.0901
0.58	0.15	-15.5963
0.58	0.17	-15.7817
0.58	0.19	-15.6935
0.58	0.21	-15.3739
0.58	0.23	-14.8593
0.58	0.25	-14.1815
0.58	0.27	-13.3679
0.58	0.29	-12.4422
0.58	0.31	-11.425
0.58	0.33	-10.3342
0.58	0.35	-9.18556
0.58	0.37	-7.99266
0.58	0.39	-6.76714
0.58	0.41	-5.51877
0.58	0.43	-4.25556
0.58	0.45	-2.98385
0.58	0.47	-1.70847
0.58	0.49	-0.433038
0.58	0.51	0.839765
0.58	0.53	2.10779
0.58	0.55	3.36901
0.58	0.57	4.62099
0.58	0.59	5.86048
0.58	0.61	7.08288
0.58	0.63	8.28182
0.58	0.65	9.44871
0.58	0.67	10.5724
0.58	0.69	11.6388
0.58	0.71	12.6308
0.58	0.73	13.5277
0.58	0.75	14.3055
0.58	0.77	14.9367
0.58	0.79	15.3904
0.58	0.81	15.6325
0.58	0.83	15.6263
0.58	0.85	15.333
0.58	0.87	14.7126
0.58	0.89	13.7247
0.58	0.91	12.3298
0.58	0.93	10.4901
0.58	0.95	8.17027
0.58	0.97	5.33855
0.58	0.99	1.96707
0.58	1	0

0.6	0	0
0.6	0.01	-2.18209
0.6	0.03	-5.79479
0.6	0.05	-8.72316
0.6	0.07	-11.0334
0.6	0.09	-12.7917
0.6	0.11	-14.0629
0.6	0.13	-14.9099
0.6	0.15	-15.3911
0.6	0.17	-15.56
0.6	0.19	-15.4639
0.6	0.21	-15.1441
0.6	0.23	-14.636
0.6	0.25	-13.9697
0.6	0.27	-13.1711
0.6	0.29	-12.2625
0.6	0.31	-11.2631
0.6	0.33	-10.19
0.6	0.35	-9.05807
0.6	0.37	-7.88048
0.6	0.39	-6.66872
0.6	0.41	-5.43264
0.6	0.43	-4.18049
0.6	0.45	-2.91897
0.6	0.47	-1.6534
0.6	0.49	-0.387879
0.6	0.51	0.874431
0.6	0.53	2.13095
0.6	0.55	3.37926
0.6	0.57	4.61671
0.6	0.59	5.83989
0.6	0.61	7.04418
0.6	0.63	8.22331
0.6	0.65	9.3689
0.6	0.67	10.4701
0.6	0.69	11.5133
0.6	0.71	12.4818
0.6	0.73	13.3556
0.6	0.75	14.1114
0.6	0.77	14.7224
0.6	0.79	15.1587
0.6	0.81	15.3874
0.6	0.83	15.3727
0.6	0.85	15.0774
0.6	0.87	14.4625
0.6	0.89	13.4888
0.6	0.91	12.1175
0.6	0.93	10.311
0.6	0.95	8.03346
0.6	0.97	5.2518
0.6	0.99	1.93652
0.6	1	0

0.62	0	0
0.62	0.01	-2.17709
0.62	0.03	-5.75893
0.62	0.05	-8.64372
0.62	0.07	-10.9049
0.62	0.09	-12.6146
0.62	0.11	-13.8424
0.62	0.13	-14.6543
0.62	0.15	-15.1105
0.62	0.17	-15.265
0.62	0.19	-15.1649
0.62	0.21	-14.8502
0.62	0.23	-14.3548
0.62	0.25	-13.7071
0.62	0.27	-12.9311
0.62	0.29	-12.0473
0.62	0.31	-11.0737
0.62	0.33	-10.0261
0.62	0.35	-8.91845
0.62	0.37	-7.76347
0.62	0.39	-6.57236
0.62	0.41	-5.35495
0.62	0.43	-4.11967
0.62	0.45	-2.87359
0.62	0.47	-1.62248
0.62	0.49	-0.370941
0.62	0.51	0.87733
0.62	0.53	2.11926
0.62	0.55	3.35203
0.62	0.57	4.57264
0.62	0.59	5.77747
0.62	0.61	6.96184
0.62	0.63	8.11953
0.62	0.65	9.24238
0.62	0.67	10.3199
0.62	0.69	11.3389
0.62	0.71	12.2833
0.62	0.73	13.1338
0.62	0.75	13.8681
0.62	0.77	14.4603
0.62	0.79	14.8817
0.62	0.81	15.1004
0.62	0.83	15.0822
0.62	0.85	14.7909
0.62	0.87	14.1887
0.62	0.89	13.2372
0.62	0.91	11.8976
0.62	0.93	10.1317
0.62	0.95	7.90191
0.62	0.97	5.17254
0.62	0.99	1.91075
0.62	1	0

0.64	0	0
0.64	0.01	-2.15891
0.64	0.03	-5.68822
0.64	0.05	-8.51228
0.64	0.07	-10.7116
0.64	0.09	-12.3639
0.64	0.11	-13.5431
0.64	0.13	-14.3176
0.64	0.15	-14.7492
0.64	0.17	-14.892
0.64	0.19	-14.792
0.64	0.21	-14.4879
0.64	0.23	-14.0117
0.64	0.25	-13.3898
0.64	0.27	-12.6441
0.64	0.29	-11.7934
0.64	0.31	-10.8539
0.64	0.33	-9.83997
0.64	0.35	-8.76485
0.64	0.37	-7.64044
0.64	0.39	-6.47758
0.64	0.41	-5.28599
0.64	0.43	-4.07423
0.64	0.45	-2.84967
0.64	0.47	-1.61849
0.64	0.49	-0.385808
0.64	0.51	0.844154
0.64	0.53	2.0678
0.64	0.55	3.28183
0.64	0.57	4.48287
0.64	0.59	5.66705
0.64	0.61	6.82955
0.64	0.63	7.96418
0.64	0.65	9.06297
0.64	0.67	10.1158
0.64	0.69	11.11
0.64	0.71	12.0302
0.64	0.73	12.858
0.64	0.75	13.572
0.64	0.77	14.1475
0.64	0.79	14.5571
0.64	0.81	14.7703
0.64	0.83	14.7542
0.64	0.85	14.4736
0.64	0.87	13.8919
0.64	0.89	12.9709
0.64	0.91	11.6714
0.64	0.93	9.95355
0.64	0.95	7.77709
0.64	0.97	5.10206
0.64	0.99	1.89042
0.64	1	0

0.66	0	0
0.66	0.01	-2.1257
0.66	0.03	-5.57856
0.66	0.05	-8.32362
0.66	0.07	-10.4478
0.66	0.09	-12.034
0.66	0.11	-13.1596
0.66	0.13	-13.895
0.66	0.15	-14.3028
0.66	0.17	-14.4364
0.66	0.19	-14.3409
0.66	0.21	-14.053
0.66	0.23	-13.6025
0.66	0.25	-13.0136
0.66	0.27	-12.306
0.66	0.29	-11.4965
0.66	0.31	-10.5994
0.66	0.33	-9.62792
0.66	0.35	-8.59392
0.66	0.37	-7.50857
0.66	0.39	-6.38223
0.66	0.41	-5.22439
0.66	0.43	-4.04364
0.66	0.45	-2.84755
0.66	0.47	-1.64268
0.66	0.49	-0.4346
0.66	0.51	0.77193
0.66	0.53	1.97279
0.66	0.55	3.1642
0.66	0.57	4.34237
0.66	0.59	5.50312
0.66	0.61	6.64148
0.66	0.63	7.75125
0.66	0.65	8.82466
0.66	0.67	9.85195
0.66	0.69	10.821
0.66	0.71	11.7173
0.66	0.73	12.5233
0.66	0.75	13.2187
0.66	0.77	13.7803
0.66	0.79	14.1818
0.66	0.81	14.3944
0.66	0.83	14.3864
0.66	0.85	14.1239
0.66	0.87	13.5708
0.66	0.89	12.689
0.66	0.91	11.4383
0.66	0.93	9.77643
0.66	0.95	7.65913
0.66	0.97	5.04068
0.66	0.99	1.87584
0.66	1	0

0.68	0	0
0.68	0.01	-2.07579
0.68	0.03	-5.42645
0.68	0.05	-8.07344
0.68	0.07	-10.1092
0.68	0.09	-11.6208
0.68	0.11	-12.6881
0.68	0.13	-13.3829
0.68	0.15	-13.7677
0.68	0.17	-13.8949
0.68	0.19	-13.808
0.68	0.21	-13.5414
0.68	0.23	-13.1228
0.68	0.25	-12.5737
0.68	0.27	-11.9118
0.68	0.29	-11.1514
0.68	0.31	-10.3052
0.68	0.33	-9.38477
0.68	0.35	-8.40074
0.68	0.37	-7.36336
0.68	0.39	-6.28235
0.68	0.41	-5.16687
0.68	0.43	-4.02539
0.68	0.45	-2.86561
0.68	0.47	-1.69435
0.68	0.49	-0.517603
0.68	0.51	0.659421
0.68	0.53	1.83209
0.68	0.55	2.99615
0.68	0.57	4.14737
0.68	0.59	5.28128
0.68	0.61	6.3927
0.68	0.63	7.47544
0.68	0.65	8.5219
0.68	0.67	9.52268
0.68	0.69	10.4663
0.68	0.71	11.339
0.68	0.73	12.1244
0.68	0.75	12.8033
0.68	0.77	13.3539
0.68	0.79	13.7515
0.68	0.81	13.9686
0.68	0.83	13.9751
0.68	0.85	13.7381
0.68	0.87	13.2221
0.68	0.89	12.3885
0.68	0.91	11.1957
0.68	0.93	9.59812
0.68	0.95	7.54642
0.68	0.97	4.98755
0.68	0.99	1.86686
0.68	1	0

0.7	0	0
0.7	0.01	-2.00781
0.7	0.03	-5.22919
0.7	0.05	-7.75865
0.7	0.07	-9.69282
0.7	0.09	-11.1215
0.7	0.11	-12.1262
0.7	0.13	-12.7791
0.7	0.15	-13.1416
0.7	0.17	-13.2649
0.7	0.19	-13.1902
0.7	0.21	-12.9498
0.7	0.23	-12.5685
0.7	0.25	-12.0655
0.7	0.27	-11.456
0.7	0.29	-10.7522
0.7	0.31	-9.965
0.7	0.33	-9.10408
0.7	0.35	-8.17886
0.7	0.37	-7.19852
0.7	0.39	-6.17202
0.7	0.41	-5.10804
0.7	0.43	-4.0148
0.7	0.45	-2.89999
0.7	0.47	-1.77058
0.7	0.49	-0.632853
0.7	0.51	0.507571
0.7	0.53	1.64563
0.7	0.55	2.7766
0.7	0.57	3.89589
0.7	0.59	4.99868
0.7	0.61	6.07964
0.7	0.63	7.13255
0.7	0.65	8.14998
0.7	0.67	9.12294
0.7	0.69	10.0406
0.7	0.71	10.89
0.7	0.73	11.6558
0.7	0.75	12.3202
0.7	0.77	12.8629
0.7	0.79	13.2607
0.7	0.81	13.4876
0.7	0.83	13.515
0.7	0.85	13.311
0.7	0.87	12.8404
0.7	0.89	12.0642
0.7	0.91	10.9385
0.7	0.93	9.41407
0.7	0.95	7.43534
0.7	0.97	4.94034
0.7	0.99	1.86273
0.7	1	0

0.72	0	0
0.72	0.01	-1.92082
0.72	0.03	-4.98517
0.72	0.05	-7.37772
0.72	0.07	-9.19748
0.72	0.09	-10.5356
0.72	0.11	-11.4737
0.72	0.13	-12.0832
0.72	0.15	-12.4241
0.72	0.17	-12.5455
0.72	0.19	-12.486
0.72	0.21	-12.2754
0.72	0.23	-11.936
0.72	0.25	-11.4843
0.72	0.27	-10.9332
0.72	0.29	-10.2927
0.72	0.31	-9.57172
0.72	0.33	-8.77829
0.72	0.35	-7.9204
0.72	0.37	-7.00607
0.72	0.39	-6.04337
0.72	0.41	-5.04034
0.72	0.43	-4.00482
0.72	0.45	-2.94431
0.72	0.47	-1.8658
0.72	0.49	-0.775743
0.72	0.51	0.31996
0.72	0.53	1.4159
0.72	0.55	2.50698
0.72	0.57	3.58826
0.72	0.59	4.65465
0.72	0.61	5.70067
0.72	0.63	6.72008
0.72	0.65	7.70565
0.72	0.67	8.6488
0.72	0.69	9.53933
0.72	0.71	10.3652
0.72	0.73	11.1121
0.72	0.75	11.7638
0.72	0.77	12.3012
0.72	0.79	12.7029
0.72	0.81	12.9445
0.72	0.83	12.9988
0.72	0.85	12.8349
0.72	0.87	12.4178
0.72	0.89	11.7078
0.72	0.91	10.6588
0.72	0.93	9.21701
0.72	0.95	7.31982
0.72	0.97	4.89492
0.72	0.99	1.86195
0.72	1	0

0.74	0	0
0.74	0.01	-1.8144
0.74	0.03	-4.69411
0.74	0.05	-6.93099
0.74	0.07	-8.6243
0.74	0.09	-9.86464
0.74	0.11	-10.7325
0.74	0.13	-11.2973
0.74	0.15	-11.6168
0.74	0.17	-11.7375
0.74	0.19	-11.6952
0.74	0.21	-11.5171
0.74	0.23	-11.2228
0.74	0.25	-10.8264
0.74	0.27	-10.3383
0.74	0.29	-9.76658
0.74	0.31	-9.11806
0.74	0.33	-8.39917
0.74	0.35	-7.61642
0.74	0.37	-6.77658
0.74	0.39	-5.88671
0.74	0.41	-4.95408
0.74	0.43	-3.98598
0.74	0.45	-2.98954
0.74	0.47	-1.97163
0.74	0.49	-0.938695
0.74	0.51	0.103223
0.74	0.53	1.14849
0.74	0.55	2.19175
0.74	0.57	3.22779
0.74	0.59	4.25133
0.74	0.61	5.25677
0.74	0.63	6.23792
0.74	0.65	7.18776
0.74	0.67	8.09812
0.74	0.69	8.95947
0.74	0.71	9.76065
0.74	0.73	10.4886
0.74	0.75	11.1283
0.74	0.77	11.6624
0.74	0.79	12.071
0.74	0.81	12.3314
0.74	0.83	12.4177
0.74	0.85	12.3001
0.74	0.87	11.944
0.74	0.89	11.3087
0.74	0.91	10.3457
0.74	0.93	8.99662
0.74	0.95	7.19099
0.74	0.97	4.84502
0.74	0.99	1.86209
0.74	1	0

0.76	0	0
0.76	0.01	-1.68877
0.76	0.03	-4.35732
0.76	0.05	-6.42103
0.76	0.07	-7.97696
0.76	0.09	-9.1132
0.76	0.11	-9.90747
0.76	0.13	-10.4261
0.76	0.15	-10.7239
0.76	0.17	-10.8442
0.76	0.19	-10.8201
0.76	0.21	-10.6757
0.76	0.23	-10.4283
0.76	0.25	-10.0894
0.76	0.27	-9.66742
0.76	0.29	-9.16827
0.76	0.31	-8.597
0.76	0.33	-7.95838
0.76	0.35	-7.25743
0.76	0.37	-6.49964
0.76	0.39	-5.69096
0.76	0.41	-4.83774
0.76	0.43	-3.94657
0.76	0.45	-3.02408
0.76	0.47	-2.07678
0.76	0.49	-1.11098
0.76	0.51	-0.132662
0.76	0.53	0.852455
0.76	0.55	1.8389
0.76	0.57	2.82132
0.76	0.59	3.79432
0.76	0.61	4.75227
0.76	0.63	5.68909
0.76	0.65	6.59801
0.76	0.67	7.47132
0.76	0.69	8.30018
0.76	0.71	9.07434
0.76	0.73	9.78194
0.76	0.75	10.4093
0.76	0.77	10.9406
0.76	0.79	11.3576
0.76	0.81	11.6394
0.76	0.83	11.7615
0.76	0.85	11.6952
0.76	0.87	11.4062
0.76	0.89	10.8532
0.76	0.91	9.98531
0.76	0.93	8.73933
0.76	0.95	7.03694
0.76	0.97	4.78194
0.76	0.99	1.8596
0.76	1	0

0.78	0	0
0.78	0.01	-1.54495
0.78	0.03	-3.97794
0.78	0.05	-5.8529
0.78	0.07	-7.26201
0.78	0.09	-8.28874
0.78	0.11	-9.00643
0.78	0.13	-9.47738
0.78	0.15	-9.75255
0.78	0.17	-9.87191
0.78	0.19	-9.86546
0.78	0.21	-9.75463
0.78	0.23	-9.55405
0.78	0.25	-9.27327
0.78	0.27	-8.91847
0.78	0.29	-8.49385
0.78	0.31	-8.00273
0.78	0.33	-7.44834
0.78	0.35	-6.83425
0.78	0.37	-6.16464
0.78	0.39	-5.44429
0.78	0.41	-4.67856
0.78	0.43	-3.87318
0.78	0.45	-3.03409
0.78	0.47	-2.16731
0.78	0.49	-1.27879
0.78	0.51	-0.374307
0.78	0.53	0.540545
0.78	0.55	1.46033
0.78	0.57	2.3797
0.78	0.59	3.29328
0.78	0.61	4.19553
0.78	0.63	5.08054
0.78	0.65	5.94187
0.78	0.67	6.77232
0.78	0.69	7.56375
0.78	0.71	8.30686
0.78	0.73	8.99096
0.78	0.75	9.60375
0.78	0.77	10.131
0.78	0.79	10.5562
0.78	0.81	10.86
0.78	0.83	11.0196
0.78	0.85	11.0075
0.78	0.87	10.7901
0.78	0.89	10.3254
0.78	0.91	9.56068
0.78	0.93	8.42844
0.78	0.95	6.8426
0.78	0.97	4.69438
0.78	0.99	1.84966
0.78	1	0

0.8	0	0
0.8	0.01	-1.38479
0.8	0.03	-3.56112
0.8	0.05	-5.2344
0.8	0.07	-6.48915
0.8	0.09	-7.40211
0.8	0.11	-8.04077
0.8	0.13	-8.46235
0.8	0.15	-8.71344
0.8	0.17	-8.83032
0.8	0.19	-8.83981
0.8	0.21	-8.76067
0.8	0.23	-8.6052
0.8	0.25	-8.38098
0.8	0.27	-8.0924
0.8	0.29	-7.74206
0.8	0.31	-7.33179
0.8	0.33	-6.8634
0.8	0.35	-6.33912
0.8	0.37	-5.76186
0.8	0.39	-5.13524
0.8	0.41	-4.46352
0.8	0.43	-3.75148
0.8	0.45	-3.00427
0.8	0.47	-2.22722
0.8	0.49	-1.42574
0.8	0.51	-0.605223
0.8	0.53	0.229044
0.8	0.55	1.07184
0.8	0.57	1.918
0.8	0.59	2.76232
0.8	0.61	3.59947
0.8	0.63	4.42382
0.8	0.65	5.22936
0.8	0.67	6.00944
0.8	0.69	6.75668
0.8	0.71	7.46274
0.8	0.73	8.11812
0.8	0.75	8.7119
0.8	0.77	9.23143
0.8	0.79	9.66193
0.8	0.81	9.98583
0.8	0.83	10.182
0.8	0.85	10.2243
0.8	0.87	10.0802
0.8	0.89	9.70776
0.8	0.91	9.05289
0.8	0.93	8.04463
0.8	0.95	6.59009
0.8	0.97	4.56853
0.8	0.99	1.82613
0.8	1	0

0.82	0	0
0.82	0.01	-1.21107
0.82	0.03	-3.11417
0.82	0.05	-4.57623
0.82	0.07	-5.6714
0.82	0.09	-6.46772
0.82	0.11	-7.02551
0.82	0.13	-7.39607
0.82	0.15	-7.62117
0.82	0.17	-7.73315
0.82	0.19	-7.75565
0.82	0.21	-7.70485
0.82	0.23	-7.59095
0.82	0.25	-7.41977
0.82	0.27	-7.19423
0.82	0.29	-6.91557
0.82	0.31	-6.58438
0.82	0.33	-6.20123
0.82	0.35	-5.7672
0.82	0.37	-5.284
0.82	0.39	-4.75413
0.82	0.41	-4.18077
0.82	0.43	-3.56768
0.82	0.45	-2.91911
0.82	0.47	-2.23959
0.82	0.49	-1.53383
0.82	0.51	-0.806638
0.82	0.53	-0.0628409
0.82	0.55	0.69275
0.82	0.57	1.45532
0.82	0.59	2.22
0.82	0.61	2.98181
0.82	0.63	3.73555
0.82	0.65	4.47571
0.82	0.67	5.19628
0.82	0.69	5.8907
0.82	0.71	6.5516
0.82	0.73	7.17069
0.82	0.75	7.73844
0.82	0.77	8.2438
0.82	0.79	8.67373
0.82	0.81	9.01254
0.82	0.83	9.24092
0.82	0.85	9.33458
0.82	0.87	9.26227
0.82	0.89	8.98301
0.82	0.91	8.44234
0.82	0.93	7.56721
0.82	0.95	6.25956
0.82	0.97	4.38847
0.82	0.99	1.78163
0.82	1	0

0.84	0	0
0.84	0.01	-1.02756
0.84	0.03	-2.64665
0.84	0.05	-3.89211
0.84	0.07	-4.8252
0.84	0.09	-5.50365
0.84	0.11	-5.97953
0.84	0.13	-6.29763
0.84	0.15	-6.49455
0.84	0.17	-6.59858
0.84	0.19	-6.63018
0.84	0.21	-6.60309
0.84	0.23	-6.52563
0.84	0.25	-6.40213
0.84	0.27	-6.23429
0.84	0.29	-6.02233
0.84	0.31	-5.76584
0.84	0.33	-5.46445
0.84	0.35	-5.11824
0.84	0.37	-4.72793
0.84	0.39	-4.29498
0.84	0.41	-3.82153
0.84	0.43	-3.31036
0.84	0.45	-2.76474
0.84	0.47	-2.18833
0.84	0.49	-1.58504
0.84	0.51	-0.958957
0.84	0.53	-0.31426
0.84	0.55	0.344801
0.84	0.57	1.01393
0.84	0.59	1.68875
0.84	0.61	2.36479
0.84	0.63	3.03739
0.84	0.65	3.70164
0.84	0.67	4.35229
0.84	0.69	4.98361
0.84	0.71	5.58928
0.84	0.73	6.1622
0.84	0.75	6.69427
0.84	0.77	7.17605
0.84	0.79	7.59628
0.84	0.81	7.94126
0.84	0.83	8.19376
0.84	0.85	8.33164
0.84	0.87	8.32567
0.84	0.89	8.13667
0.84	0.91	7.71126
0.84	0.93	6.97622
0.84	0.95	5.83091
0.84	0.97	4.13728
0.84	0.99	1.70781
0.84	1	0

0.86	0	0
0.86	0.01	-0.839032
0.86	0.03	-2.17041
0.86	0.05	-3.19872
0.86	0.07	-3.97039
0.86	0.09	-4.53161
0.86	0.11	-4.92559
0.86	0.13	-5.19025
0.86	0.15	-5.35686
0.86	0.17	-5.44959
0.86	0.19	-5.48579
0.86	0.21	-5.47687
0.86	0.23	-5.42947
0.86	0.25	-5.3467
0.86	0.27	-5.22935
0.86	0.29	-5.07688
0.86	0.31	-4.88822
0.86	0.33	-4.66233
0.86	0.35	-4.39853
0.86	0.37	-4.09677
0.86	0.39	-3.75764
0.86	0.41	-3.38237
0.86	0.43	-2.97281
0.86	0.45	-2.53129
0.86	0.47	-2.06058
0.86	0.49	-1.5637
0.86	0.51	-1.04395
0.86	0.53	-0.504752
0.86	0.55	0.0503423
0.86	0.57	0.617692
0.86	0.59	1.19356
0.86	0.61	1.77411
0.86	0.63	2.35534
0.86	0.65	2.93305
0.86	0.67	3.50281
0.86	0.69	4.05979
0.86	0.71	4.59874
0.86	0.73	5.11378
0.86	0.75	5.59823
0.86	0.77	6.04427
0.86	0.79	6.44252
0.86	0.81	6.78135
0.86	0.83	7.04589
0.86	0.85	7.21657
0.86	0.87	7.26696
0.86	0.89	7.16074
0.86	0.91	6.84736
0.86	0.93	6.25588
0.86	0.95	5.28654
0.86	0.97	3.79889
0.86	0.99	1.59601
0.86	1	0

0.88	0	0
0.88	0.01	-0.651275
0.88	0.03	-1.69953
0.88	0.05	-2.51569
0.88	0.07	-3.13003
0.88	0.09	-3.57681
0.88	0.11	-3.89023
0.88	0.13	-4.1013
0.88	0.15	-4.23594
0.88	0.17	-4.3142
0.88	0.19	-4.35038
0.88	0.21	-4.35368
0.88	0.23	-4.32923
0.88	0.25	-4.27916
0.88	0.27	-4.20361
0.88	0.29	-4.1016
0.88	0.31	-3.97169
0.88	0.33	-3.81245
0.88	0.35	-3.62277
0.88	0.37	-3.40204
0.88	0.39	-3.1502
0.88	0.41	-2.86776
0.88	0.43	-2.55577
0.88	0.45	-2.21573
0.88	0.47	-1.84953
0.88	0.49	-1.45936
0.88	0.51	-1.04766
0.88	0.53	-0.617071
0.88	0.55	-0.170354
0.88	0.57	0.289593
0.88	0.59	0.75977
0.88	0.61	1.23706
0.88	0.63	1.71823
0.88	0.65	2.19988
0.88	0.67	2.67841
0.88	0.69	3.14997
0.88	0.71	3.61037
0.88	0.73	4.05497
0.88	0.75	4.47849
0.88	0.77	4.87475
0.88	0.79	5.23627
0.88	0.81	5.55363
0.88	0.83	5.81455
0.88	0.85	6.00249
0.88	0.87	6.09459
0.88	0.89	6.05866
0.88	0.91	5.84884
0.88	0.93	5.39939
0.88	0.95	4.61564
0.88	0.97	3.3611
0.88	0.99	1.4384
0.88	1	0

0.9	0	0
0.9	0.01	-0.471157
0.9	0.03	-1.25033
0.9	0.05	-1.8653
0.9	0.07	-2.33014
0.9	0.09	-2.66768
0.9	0.11	-2.90357
0.9	0.13	-3.06218
0.9	0.15	-3.16418
0.9	0.17	-3.22556
0.9	0.19	-3.25757
0.9	0.21	-3.26732
0.9	0.23	-3.25858
0.9	0.25	-3.2327
0.9	0.27	-3.18942
0.9	0.29	-3.1276
0.9	0.31	-3.04569
0.9	0.33	-2.94218
0.9	0.35	-2.81579
0.9	0.37	-2.66564
0.9	0.39	-2.49126
0.9	0.41	-2.29267
0.9	0.43	-2.0703
0.9	0.45	-1.82495
0.9	0.47	-1.55779
0.9	0.49	-1.27022
0.9	0.51	-0.963909
0.9	0.53	-0.64069
0.9	0.55	-0.302555
0.9	0.57	0.0483815
0.9	0.59	0.40989
0.9	0.61	0.779635
0.9	0.63	1.15517
0.9	0.65	1.53393
0.9	0.67	1.91321
0.9	0.69	2.2901
0.9	0.71	2.66149
0.9	0.73	3.02392
0.9	0.75	3.37348
0.9	0.77	3.7056
0.9	0.79	4.01468
0.9	0.81	4.29358
0.9	0.83	4.53281
0.9	0.85	4.71926
0.9	0.87	4.83435
0.9	0.89	4.85126
0.9	0.91	4.73077
0.9	0.93	4.4153
0.9	0.95	3.82011
0.9	0.97	2.82015
0.9	0.99	1.22986
0.9	1	0

0.92	0	0
0.92	0.01	-0.30673
0.92	0.03	-0.841178
0.92	0.05	-1.27211
0.92	0.07	-1.59918
0.92	0.09	-1.83543
0.92	0.11	-1.99902
0.92	0.13	-2.10818
0.92	0.15	-2.17847
0.92	0.17	-2.22187
0.92	0.19	-2.24665
0.92	0.21	-2.2579
0.92	0.23	-2.25817
0.92	0.25	-2.24821
0.92	0.27	-2.22759
0.92	0.29	-2.19518
0.92	0.31	-2.14964
0.92	0.33	-2.08959
0.92	0.35	-2.01384
0.92	0.37	-1.92148
0.92	0.39	-1.81192
0.92	0.41	-1.68487
0.92	0.43	-1.54038
0.92	0.45	-1.37876
0.92	0.47	-1.20061
0.92	0.49	-1.0067
0.92	0.51	-0.798028
0.92	0.53	-0.575726
0.92	0.55	-0.341066
0.92	0.57	-0.0954334
0.92	0.59	0.159688
0.92	0.61	0.422719
0.92	0.63	0.691994
0.92	0.65	0.965754
0.92	0.67	1.24214
0.92	0.69	1.51917
0.92	0.71	1.79471
0.92	0.73	2.06643
0.92	0.75	2.33171
0.92	0.77	2.58744
0.92	0.79	2.82984
0.92	0.81	3.05401
0.92	0.83	3.25328
0.92	0.85	3.41822
0.92	0.87	3.53509
0.92	0.89	3.5834
0.92	0.91	3.53236
0.92	0.93	3.33539
0.92	0.95	2.92223
0.92	0.97	2.18723
0.92	0.99	0.971128
0.92	1	0

0.94	0	0
0.94	0.01	-0.167408
0.94	0.03	-0.492195
0.94	0.05	-0.762369
0.94	0.07	-0.967512
0.94	0.09	-1.11377
0.94	0.11	-1.21323
0.94	0.13	-1.27846
0.94	0.15	-1.32016
0.94	0.17	-1.34636
0.94	0.19	-1.36245
0.94	0.21	-1.37164
0.94	0.23	-1.37542
0.94	0.25	-1.37409
0.94	0.27	-1.36721
0.94	0.29	-1.3539
0.94	0.31	-1.33313
0.94	0.33	-1.30388
0.94	0.35	-1.26523
0.94	0.37	-1.21647
0.94	0.39	-1.15703
0.94	0.41	-1.0866
0.94	0.43	-1.00503
0.94	0.45	-0.912352
0.94	0.47	-0.808784
0.94	0.49	-0.694671
0.94	0.51	-0.570488
0.94	0.53	-0.436825
0.94	0.55	-0.294366
0.94	0.57	-0.143878
0.94	0.59	0.0137947
0.94	0.61	0.177738
0.94	0.63	0.346977
0.94	0.65	0.520471
0.94	0.67	0.697117
0.94	0.69	0.875743
0.94	0.71	1.05509
0.94	0.73	1.2338
0.94	0.75	1.41033
0.94	0.77	1.58289
0.94	0.79	1.74928
0.94	0.81	1.90662
0.94	0.83	2.05091
0.94	0.85	2.17634
0.94	0.87	2.27412
0.94	0.89	2.33071
0.94	0.91	2.32487
0.94	0.93	2.22329
0.94	0.95	1.97394
0.94	0.97	1.49714
0.94	0.99	0.673731
0.94	1	0

0.96	0	0
0.96	0.01	-0.0639606
0.96	0.03	-0.224226
0.96	0.05	-0.362895
0.96	0.07	-0.466925
0.96	0.09	-0.539002
0.96	0.11	-0.586391
0.96	0.13	-0.616501
0.96	0.15	-0.635371
0.96	0.17	-0.647346
0.96	0.19	-0.655232
0.96	0.21	-0.660594
0.96	0.23	-0.664089
0.96	0.25	-0.665755
0.96	0.27	-0.665255
0.96	0.29	-0.662055
0.96	0.31	-0.655553
0.96	0.33	-0.645157
0.96	0.35	-0.630339
0.96	0.37	-0.610657
0.96	0.39	-0.585768
0.96	0.41	-0.555429
0.96	0.43	-0.519491
0.96	0.45	-0.477894
0.96	0.47	-0.43066
0.96	0.49	-0.377885
0.96	0.51	-0.319731
0.96	0.53	-0.256421
0.96	0.55	-0.188228
0.96	0.57	-0.115474
0.96	0.59	-0.0385251
0.96	0.61	0.0422141
0.96	0.63	0.126303
0.96	0.65	0.213266
0.96	0.67	0.302597
0.96	0.69	0.393756
0.96	0.71	0.486167
0.96	0.73	0.579209
0.96	0.75	0.672196
0.96	0.77	0.764335
0.96	0.79	0.854653
0.96	0.81	0.941873
0.96	0.83	1.02418
0.96	0.85	1.09887
0.96	0.87	1.16166
0.96	0.89	1.20561
0.96	0.91	1.21927
0.96	0.93	1.1835
0.96	0.95	1.06669
0.96	0.97	0.818701
0.96	0.99	0.367759
0.96	1	0

0.98	0	0
0.98	0.01	-0.00712084
0.98	0.03	-0.0562272
0.98	0.05	-0.0999655
0.98	0.07	-0.131199
0.98	0.09	-0.151474
0.98	0.11	-0.163917
0.98	0.13	-0.171322
0.98	0.15	-0.175755
0.98	0.17	-0.178592
0.98	0.19	-0.180656
0.98	0.21	-0.182362
0.98	0.23	-0.183845
0.98	0.25	-0.185061
0.98	0.27	-0.185865
0.98	0.29	-0.186063
0.98	0.31	-0.185448
0.98	0.33	-0.183824
0.98	0.35	-0.181016
0.98	0.37	-0.176875
0.98	0.39	-0.17128
0.98	0.41	-0.164139
0.98	0.43	-0.155386
0.98	0.45	-0.144979
0.98	0.47	-0.132899
0.98	0.49	-0.119148
0.98	0.51	-0.103746
0.98	0.53	-0.0867334
0.98	0.55	-0.0681641
0.98	0.57	-0.0481086
0.98	0.59	-0.0266507
0.98	0.61	-0.00388706
0.98	0.63	0.020074
0.98	0.65	0.0451134
0.98	0.67	0.0711026
0.98	0.69	0.0979043
0.98	0.71	0.125373
0.98	0.73	0.153356
0.98	0.75	0.181685
0.98	0.77	0.210177
0.98	0.79	0.238609
0.98	0.81	0.266692
0.98	0.83	0.294011
0.98	0.85	0.319914
0.98	0.87	0.343318
0.98	0.89	0.362323
0.98	0.91	0.373488
0.98	0.93	0.370416
0.98	0.95	0.341191
0.98	0.97	0.264795
0.98	0.99	0.112167
0.98	1	0

1	0	0
1	0.01	0
1	0.03	0
1	0.05	0
1	0.07	0
1	0.09	0
1	0.11	0
1	0.13	0
1	0.15	0
1	0.17	0
1	0.19	0
1	0.21	0
1	0.23	0
1	0.25	0
1	0.27	0
1	0.29	0
1	0.31	0
1	0.33	0
1	0.35	0
1	0.37	0
1	0.39	0
1	0.41	0
1	0.43	0
1	0.45	0
1	0.47	0
1	0.49	0
1	0.51	0
1	0.53	0
1	0.55	0
1	0.57	0
1	0.59	0
1	0.61	0
1	0.63	0
1	0.65	0
1	0.67	0
1	0.69	0
1	0.71	0
1	0.73	0
1	0.75	0
1	0.77	0
1	0.79	0
1	0.81	0
1	0.83	0
1	0.85	0
1	0.87	0
1	0.89	0
1	0.91	0
1	0.93	0
1	0.95	0
1	0.97	0
1	0.99	0
1	1	0

