0	1	0
0.01	1	0
0.03	1	0
0.05	1	0
0.07	1	0
0.09	1	0
0.11	1	0
0.13	1	0
0.15	1	0
0.17	1	0
0.19	1	0
0.21	1	0
0.23	1	0
0.25	1	0
0.27	1	0
0.29	1	0
0.31	1	0
0.33	1	0
0.35	1	0
0.37	1	0
0.39	1	0
0.41	1	0
0.43	1	0
0.45	1	0
0.47	1	0
0.49	1	0
0.51	1	0
0.53	1	0
0.55	1	0
0.57	1	0
0.59	1	0
0.61	1	0
0.63	1	0
0.65	1	0
0.67	1	0
0.69	1	0
0.71	1	0
0.73	1	0
0.75	1	0
0.77	1	0
0.79	1	0
0.81	1	0
0.83	1	0
0.85	1	0
0.87	1	0
0.89	1	0
0.91	1	0
0.93	1	0
0.95	1	0
0.97	1	0
0.99	1	0
1	1	0

0	0.99	0
0.01	0.99	0.223253
0.03	0.99	0.945011
0.05	0.99	2.02576
0.07	0.99	3.31951
0.09	0.99	4.6956
0.11	0.99	6.03998
0.13	0.99	7.2585
0.15	0.99	8.28128
0.17	0.99	9.06523
0.19	0.99	9.59346
0.21	0.99	9.87178
0.23	0.99	9.92329
0.25	0.99	9.78236
0.27	0.99	9.48889
0.29	0.99	9.08358
0.31	0.99	8.60447
0.33	0.99	8.08482
0.35	0.99	7.55206
0.37	0.99	7.02761
0.39	0.99	6.52727
0.41	0.99	6.06193
0.43	0.99	5.63849
0.45	0.99	5.26067
0.47	0.99	4.92983
0.49	0.99	4.6457
0.51	0.99	4.40693
0.53	0.99	4.21156
0.55	0.99	4.05738
0.57	0.99	3.94227
0.59	0.99	3.86443
0.61	0.99	3.82262
0.63	0.99	3.81643
0.65	0.99	3.84656
0.67	0.99	3.9151
0.69	0.99	4.02589
0.71	0.99	4.18481
0.73	0.99	4.39999
0.75	0.99	4.68153
0.77	0.99	5.04055
0.79	0.99	5.48653
0.81	0.99	6.02207
0.83	0.99	6.63347
0.85	0.99	7.27562
0.87	0.99	7.85118
0.89	0.99	8.18743
0.91	0.99	8.0243
0.93	0.99	7.04594
0.95	0.99	5.02345
0.97	0.99	2.18982
0.99	0.99	0
1	0.99	0

0	0.97	0
0.01	0.97	0.67612
0.03	0.97	2.34852
0.05	0.97	4.74635
0.07	0.97	7.60619
0.09	0.97	10.6766
0.11	0.97	13.7298
0.13	0.97	16.5721
0.15	0.97	19.0533
0.17	0.97	21.0711
0.19	0.97	22.5709
0.21	0.97	23.5415
0.23	0.97	24.008
0.25	0.97	24.0223
0.27	0.97	23.6534
0.29	0.97	22.9792
0.31	0.97	22.0784
0.33	0.97	21.0255
0.35	0.97	19.8864
0.37	0.97	18.7167
0.39	0.97	17.5613
0.41	0.97	16.454
0.43	0.97	15.4193
0.45	0.97	14.4737
0.47	0.97	13.6269
0.49	0.97	12.8836
0.51	0.97	12.2448
0.53	0.97	11.7088
0.55	0.97	11.2728
0.57	0.97	10.9328
0.59	0.97	10.6851
0.61	0.97	10.5268
0.63	0.97	10.4558
0.65	0.97	10.472
0.67	0.97	10.5773
0.69	0.97	10.7764
0.71	0.97	11.0764
0.73	0.97	11.4866
0.75	0.97	12.0171
0.77	0.97	12.675
0.79	0.97	13.4585
0.81	0.97	14.345
0.83	0.97	15.2736
0.85	0.97	16.1199
0.87	0.97	16.666
0.89	0.97	16.5778
0.91	0.97	15.4203
0.93	0.97	12.7706
0.95	0.97	8.51934
0.97	0.97	3.43852
0.99	0.97	0
1	0.97	0

0	0.95	0
0.01	0.95	0.931226
0.03	0.95	3.17022
0.05	0.95	6.34113
0.07	0.95	10.113
0.09	0.95	14.177
0.11	0.95	18.2534
0.13	0.95	22.1039
0.15	0.95	25.541
0.17	0.95	28.4319
0.19	0.95	30.6979
0.21	0.95	32.3097
0.23	0.95	33.28
0.25	0.95	33.6548
0.27	0.95	33.5038
0.29	0.95	32.9119
0.31	0.95	31.9705
0.33	0.95	30.7707
0.35	0.95	29.3985
0.37	0.95	27.9304
0.39	0.95	26.4316
0.41	0.95	24.9553
0.43	0.95	23.5424
0.45	0.95	22.2232
0.47	0.95	21.0183
0.49	0.95	19.9407
0.51	0.95	18.9969
0.53	0.95	18.1891
0.55	0.95	17.5161
0.57	0.95	16.9747
0.59	0.95	16.5608
0.61	0.95	16.2702
0.63	0.95	16.0994
0.65	0.95	16.0459
0.67	0.95	16.1089
0.69	0.95	16.2895
0.71	0.95	16.5902
0.73	0.95	17.0137
0.75	0.95	17.5606
0.77	0.95	18.2247
0.79	0.95	18.9844
0.81	0.95	19.7901
0.83	0.95	20.5445
0.85	0.95	21.0777
0.87	0.95	21.122
0.89	0.95	20.3034
0.91	0.95	18.187
0.93	0.95	14.4392
0.95	0.95	9.17174
0.97	0.95	3.4717
0.99	0.95	0
1	0.95	0

0	0.93	0
0.01	0.93	1.04278
0.03	0.93	3.58145
0.05	0.93	7.17776
0.07	0.93	11.4523
0.09	0.93	16.0603
0.11	0.93	20.696
0.13	0.93	25.1038
0.15	0.93	29.0849
0.17	0.93	32.4996
0.19	0.93	35.2634
0.21	0.93	37.3403
0.23	0.93	38.735
0.25	0.93	39.4844
0.27	0.93	39.6491
0.29	0.93	39.3063
0.31	0.93	38.5424
0.33	0.93	37.4479
0.35	0.93	36.111
0.37	0.93	34.6148
0.39	0.93	33.0334
0.41	0.93	31.4302
0.43	0.93	29.8578
0.45	0.93	28.3571
0.47	0.93	26.9588
0.49	0.93	25.6843
0.51	0.93	24.5471
0.53	0.93	23.5547
0.55	0.93	22.7097
0.57	0.93	22.0111
0.59	0.93	21.456
0.61	0.93	21.0398
0.63	0.93	20.7579
0.65	0.93	20.6053
0.67	0.93	20.5779
0.69	0.93	20.6714
0.71	0.93	20.8817
0.73	0.93	21.2027
0.75	0.93	21.6236
0.77	0.93	22.1235
0.79	0.93	22.6638
0.81	0.93	23.1748
0.83	0.93	23.5387
0.85	0.93	23.5684
0.87	0.93	22.9915
0.89	0.93	21.4566
0.91	0.93	18.6026
0.93	0.93	14.2385
0.95	0.93	8.66644
0.97	0.93	3.09838
0.99	0.93	0
1	0.93	0

0	0.91	0
0.01	0.91	1.08616
0.03	0.91	3.77364
0.05	0.91	7.59168
0.07	0.91	12.1234
0.09	0.91	16.9951
0.11	0.91	21.8839
0.13	0.91	26.5287
0.15	0.91	30.7344
0.17	0.91	34.3702
0.19	0.91	37.3613
0.21	0.91	39.6791
0.23	0.91	41.3311
0.25	0.91	42.3514
0.27	0.91	42.793
0.29	0.91	42.7228
0.31	0.91	42.2154
0.33	0.91	41.35
0.35	0.91	40.2064
0.37	0.91	38.8616
0.39	0.91	37.3877
0.41	0.91	35.8491
0.43	0.91	34.3015
0.45	0.91	32.7912
0.47	0.91	31.355
0.49	0.91	30.0206
0.51	0.91	28.8076
0.53	0.91	27.7286
0.55	0.91	26.7904
0.57	0.91	25.9955
0.59	0.91	25.3427
0.61	0.91	24.8283
0.63	0.91	24.447
0.65	0.91	24.1924
0.67	0.91	24.057
0.69	0.91	24.032
0.71	0.91	24.1069
0.73	0.91	24.2676
0.75	0.91	24.4933
0.77	0.91	24.7519
0.79	0.91	24.9922
0.81	0.91	25.1331
0.83	0.91	25.0485
0.85	0.91	24.552
0.87	0.91	23.3896
0.89	0.91	21.2603
0.91	0.91	17.8988
0.93	0.91	13.2536
0.95	0.91	7.76079
0.97	0.91	2.63425
0.99	0.91	0
1	0.91	0

0	0.89	0
0.01	0.89	1.10901
0.03	0.89	3.87654
0.05	0.89	7.80804
0.07	0.89	12.454
0.09	0.89	17.4143
0.11	0.89	22.3531
0.13	0.89	27.0099
0.15	0.89	31.2023
0.17	0.89	34.8184
0.19	0.89	37.8041
0.21	0.89	40.149
0.23	0.89	41.8729
0.25	0.89	43.0153
0.27	0.89	43.628
0.29	0.89	43.7697
0.31	0.89	43.5035
0.33	0.89	42.8944
0.35	0.89	42.008
0.37	0.89	40.9086
0.39	0.89	39.6579
0.41	0.89	38.3132
0.43	0.89	36.9263
0.45	0.89	35.5423
0.47	0.89	34.1988
0.49	0.89	32.9261
0.51	0.89	31.7472
0.53	0.89	30.6784
0.55	0.89	29.7301
0.57	0.89	28.9076
0.59	0.89	28.2121
0.61	0.89	27.6414
0.63	0.89	27.1904
0.65	0.89	26.8517
0.67	0.89	26.6159
0.69	0.89	26.471
0.71	0.89	26.4016
0.73	0.89	26.3877
0.75	0.89	26.4015
0.77	0.89	26.4033
0.79	0.89	26.3346
0.81	0.89	26.1088
0.83	0.89	25.5996
0.85	0.89	24.6307
0.87	0.89	22.9769
0.89	0.89	20.3962
0.91	0.89	16.7182
0.93	0.89	12.0086
0.95	0.89	6.78527
0.97	0.89	2.19539
0.99	0.89	0
1	0.89	0

0	0.87	0
0.01	0.87	1.13171
0.03	0.87	3.95301
0.05	0.87	7.94045
0.07	0.87	12.612
0.09	0.87	17.5435
0.11	0.87	22.3899
0.13	0.87	26.8978
0.15	0.87	30.9033
0.17	0.87	34.3203
0.19	0.87	37.122
0.21	0.87	39.322
0.23	0.87	40.9585
0.25	0.87	42.0821
0.27	0.87	42.7479
0.29	0.87	43.0112
0.31	0.87	42.9259
0.33	0.87	42.5441
0.35	0.87	41.916
0.37	0.87	41.0907
0.39	0.87	40.1156
0.41	0.87	39.036
0.43	0.87	37.8944
0.45	0.87	36.7292
0.47	0.87	35.5744
0.49	0.87	34.4586
0.51	0.87	33.4049
0.53	0.87	32.431
0.55	0.87	31.549
0.57	0.87	30.7663
0.59	0.87	30.0861
0.61	0.87	29.5076
0.63	0.87	29.0264
0.65	0.87	28.6354
0.67	0.87	28.324
0.69	0.87	28.0785
0.71	0.87	27.8808
0.73	0.87	27.7073
0.75	0.87	27.526
0.77	0.87	27.2928
0.79	0.87	26.9458
0.81	0.87	26.3972
0.83	0.87	25.5246
0.85	0.87	24.1663
0.87	0.87	22.1294
0.89	0.87	19.2298
0.91	0.87	15.3822
0.93	0.87	10.7434
0.95	0.87	5.87262
0.97	0.87	1.81718
0.99	0.87	0
1	0.87	0

0	0.85	0
0.01	0.85	1.15807
0.03	0.85	4.02004
0.05	0.85	8.02427
0.07	0.85	12.6548
0.09	0.85	17.4667
0.11	0.85	22.112
0.13	0.85	26.3507
0.15	0.85	30.0438
0.17	0.85	33.1355
0.19	0.85	35.6288
0.21	0.85	37.5638
0.23	0.85	38.9987
0.25	0.85	39.997
0.27	0.85	40.6195
0.29	0.85	40.921
0.31	0.85	40.9486
0.33	0.85	40.7438
0.35	0.85	40.3434
0.37	0.85	39.7815
0.39	0.85	39.0904
0.41	0.85	38.3016
0.43	0.85	37.4455
0.45	0.85	36.5509
0.47	0.85	35.6443
0.49	0.85	34.7497
0.51	0.85	33.8871
0.53	0.85	33.073
0.55	0.85	32.3194
0.57	0.85	31.6346
0.59	0.85	31.0226
0.61	0.85	30.4837
0.63	0.85	30.0147
0.65	0.85	29.6088
0.67	0.85	29.2557
0.69	0.85	28.941
0.71	0.85	28.6457
0.73	0.85	28.3445
0.75	0.85	28.0037
0.77	0.85	27.5773
0.79	0.85	27.0022
0.81	0.85	26.1919
0.83	0.85	25.0303
0.85	0.85	23.3715
0.87	0.85	21.0546
0.89	0.85	17.949
0.91	0.85	14.0415
0.93	0.85	9.55612
0.95	0.85	5.06474
0.97	0.85	1.50277
0.99	0.85	0
1	0.85	0

0	0.83	0
0.01	0.83	1.18454
0.03	0.83	4.07192
0.05	0.83	8.05458
0.07	0.83	12.5827
0.09	0.83	17.1958
0.11	0.83	21.5509
0.13	0.83	25.4287
0.15	0.83	28.7206
0.17	0.83	31.4036
0.19	0.83	33.5115
0.21	0.83	35.1097
0.23	0.83	36.2749
0.25	0.83	37.0827
0.27	0.83	37.5993
0.29	0.83	37.8791
0.31	0.83	37.9647
0.33	0.83	37.8886
0.35	0.83	37.6764
0.37	0.83	37.3491
0.39	0.83	36.9253
0.41	0.83	36.423
0.43	0.83	35.8601
0.45	0.83	35.2544
0.47	0.83	34.6237
0.49	0.83	33.9848
0.51	0.83	33.3528
0.53	0.83	32.7409
0.55	0.83	32.1594
0.57	0.83	31.6158
0.59	0.83	31.1142
0.61	0.83	30.6555
0.63	0.83	30.2372
0.65	0.83	29.8534
0.67	0.83	29.4943
0.69	0.83	29.1463
0.71	0.83	28.7904
0.73	0.83	28.4013
0.75	0.83	27.9448
0.77	0.83	27.3749
0.79	0.83	26.6288
0.81	0.83	25.6222
0.83	0.83	24.2459
0.85	0.83	22.3701
0.87	0.83	19.8641
0.89	0.83	16.645
0.91	0.83	12.7584
0.93	0.83	8.47622
0.95	0.83	4.36353
0.97	0.83	1.24366
0.99	0.83	0
1	0.83	0

0	0.81	0
0.01	0.81	1.20594
0.03	0.81	4.09618
0.05	0.81	8.01406
0.07	0.81	12.3787
0.09	0.81	16.7219
0.11	0.81	20.7136
0.13	0.81	24.1625
0.15	0.81	26.9945
0.17	0.81	29.2207
0.19	0.81	30.9042
0.21	0.81	32.1331
0.23	0.81	32.9996
0.25	0.81	33.588
0.27	0.81	33.9681
0.29	0.81	34.193
0.31	0.81	34.3008
0.33	0.81	34.3167
0.35	0.81	34.2569
0.37	0.81	34.1312
0.39	0.81	33.9469
0.41	0.81	33.7099
0.43	0.81	33.4267
0.45	0.81	33.1047
0.47	0.81	32.7523
0.49	0.81	32.3788
0.51	0.81	31.9932
0.53	0.81	31.6042
0.55	0.81	31.2192
0.57	0.81	30.8437
0.59	0.81	30.4811
0.61	0.81	30.1324
0.63	0.81	29.7954
0.65	0.81	29.4651
0.67	0.81	29.133
0.69	0.81	28.7862
0.71	0.81	28.4068
0.73	0.81	27.9703
0.75	0.81	27.4432
0.77	0.81	26.7798
0.79	0.81	25.9183
0.81	0.81	24.7773
0.83	0.81	23.2545
0.85	0.81	21.2354
0.87	0.81	18.617
0.89	0.81	15.3581
0.91	0.81	11.5518
0.93	0.81	7.5022
0.95	0.81	3.75548
0.97	0.81	1.02852
0.99	0.81	0
1	0.81	0

0	0.79	0
0.01	0.79	1.21787
0.03	0.79	4.08198
0.05	0.79	7.8882
0.07	0.79	12.031
0.09	0.79	16.0427
0.11	0.79	19.615
0.13	0.79	22.5901
0.15	0.79	24.9306
0.17	0.79	26.6811
0.19	0.79	27.9315
0.21	0.79	28.7885
0.23	0.79	29.3559
0.25	0.79	29.7233
0.27	0.79	29.9609
0.29	0.79	30.1192
0.31	0.79	30.2312
0.33	0.79	30.3153
0.35	0.79	30.3795
0.37	0.79	30.425
0.39	0.79	30.4492
0.41	0.79	30.4484
0.43	0.79	30.4193
0.45	0.79	30.3602
0.47	0.79	30.271
0.49	0.79	30.1536
0.51	0.79	30.011
0.53	0.79	29.8469
0.55	0.79	29.665
0.57	0.79	29.4686
0.59	0.79	29.2597
0.61	0.79	29.0386
0.63	0.79	28.8036
0.65	0.79	28.5503
0.67	0.79	28.2714
0.69	0.79	27.9553
0.71	0.79	27.5855
0.73	0.79	27.1386
0.75	0.79	26.582
0.77	0.79	25.8708
0.79	0.79	24.9441
0.81	0.79	23.7231
0.83	0.79	22.1125
0.85	0.79	20.012
0.87	0.79	17.344
0.89	0.79	14.103
0.91	0.79	10.4205
0.93	0.79	6.62057
0.95	0.79	3.22317
0.97	0.79	0.846813
0.99	0.79	0
1	0.79	0

0	0.77	0
0.01	0.77	1.21753
0.03	0.77	4.0231
0.05	0.77	7.6712
0.07	0.77	11.5403
0.09	0.77	15.1729
0.11	0.77	18.2893
0.13	0.77	20.7687
0.15	0.77	22.6108
0.17	0.77	23.8913
0.19	0.77	24.7231
0.21	0.77	25.2275
0.23	0.77	25.5153
0.25	0.77	25.6778
0.27	0.77	25.7832
0.29	0.77	25.8777
0.31	0.77	25.9882
0.33	0.77	26.1266
0.35	0.77	26.2938
0.37	0.77	26.4837
0.39	0.77	26.6861
0.41	0.77	26.8894
0.43	0.77	27.0827
0.45	0.77	27.2566
0.47	0.77	27.4041
0.49	0.77	27.5205
0.51	0.77	27.6031
0.53	0.77	27.6512
0.55	0.77	27.6648
0.57	0.77	27.6445
0.59	0.77	27.5909
0.61	0.77	27.5035
0.63	0.77	27.3807
0.65	0.77	27.2189
0.67	0.77	27.0116
0.69	0.77	26.7488
0.71	0.77	26.4153
0.73	0.77	25.9888
0.75	0.77	25.4374
0.77	0.77	24.7168
0.79	0.77	23.7668
0.81	0.77	22.5112
0.83	0.77	20.8608
0.85	0.77	18.7291
0.87	0.77	16.0614
0.89	0.77	12.8831
0.91	0.77	9.35587
0.93	0.77	5.81516
0.95	0.77	2.75031
0.97	0.77	0.690031
0.99	0.77	0
1	0.77	0

0	0.75	0
0.01	0.75	1.20366
0.03	0.75	3.91838
0.05	0.75	7.36653
0.07	0.75	10.921
0.09	0.75	14.1431
0.11	0.75	16.787
0.13	0.75	18.7708
0.15	0.75	20.1291
0.17	0.75	20.9654
0.19	0.75	21.4108
0.21	0.75	21.5966
0.23	0.75	21.6369
0.25	0.75	21.6216
0.27	0.75	21.6145
0.29	0.75	21.6559
0.31	0.75	21.7664
0.33	0.75	21.9514
0.35	0.75	22.2056
0.37	0.75	22.5167
0.39	0.75	22.8684
0.41	0.75	23.2433
0.43	0.75	23.6245
0.45	0.75	23.9968
0.47	0.75	24.3476
0.49	0.75	24.6668
0.51	0.75	24.9475
0.53	0.75	25.1845
0.55	0.75	25.375
0.57	0.75	25.5172
0.59	0.75	25.61
0.61	0.75	25.6525
0.63	0.75	25.6429
0.65	0.75	25.5782
0.67	0.75	25.4531
0.69	0.75	25.2587
0.71	0.75	24.9808
0.73	0.75	24.5979
0.75	0.75	24.0787
0.77	0.75	23.3788
0.79	0.75	22.4385
0.81	0.75	21.1836
0.83	0.75	19.5312
0.85	0.75	17.4075
0.87	0.75	14.7788
0.89	0.75	11.6972
0.91	0.75	8.34794
0.93	0.75	5.07127
0.95	0.75	2.32362
0.97	0.75	0.551818
0.99	0.75	0
1	0.75	0

0	0.73	0
0.01	0.73	1.17641
0.03	0.73	3.77097
0.05	0.73	6.98528
0.07	0.73	10.1972
0.09	0.73	12.9943
0.11	0.73	15.1683
0.13	0.73	16.6751
0.15	0.73	17.5818
0.17	0.73	18.0144
0.19	0.73	18.1178
0.21	0.73	18.0286
0.23	0.73	17.8609
0.25	0.73	17.7003
0.27	0.73	17.6047
0.29	0.73	17.6075
0.31	0.73	17.7228
0.33	0.73	17.9499
0.35	0.73	18.2778
0.37	0.73	18.6891
0.39	0.73	19.163
0.41	0.73	19.6775
0.43	0.73	20.2114
0.45	0.73	20.7454
0.47	0.73	21.2626
0.49	0.73	21.7493
0.51	0.73	22.1948
0.53	0.73	22.5911
0.55	0.73	22.9327
0.57	0.73	23.216
0.59	0.73	23.4388
0.61	0.73	23.5996
0.63	0.73	23.6969
0.65	0.73	23.728
0.67	0.73	23.6886
0.69	0.73	23.5704
0.71	0.73	23.3602
0.73	0.73	23.0369
0.75	0.73	22.5688
0.77	0.73	21.9111
0.79	0.73	21.0043
0.81	0.73	19.7761
0.83	0.73	18.1498
0.85	0.73	16.0635
0.87	0.73	13.5029
0.89	0.73	10.5432
0.91	0.73	7.388
0.93	0.73	4.37717
0.95	0.73	1.9331
0.97	0.73	0.42769
0.99	0.73	0
1	0.73	0

0	0.71	0
0.01	0.71	1.13702
0.03	0.71	3.58725
0.05	0.71	6.54348
0.07	0.71	9.39837
0.09	0.71	11.7717
0.11	0.71	13.4938
0.13	0.71	14.5571
0.15	0.71	15.0563
0.17	0.71	15.1357
0.19	0.71	14.9486
0.21	0.71	14.6331
0.23	0.71	14.2999
0.25	0.71	14.0285
0.27	0.71	13.8695
0.29	0.71	13.8492
0.31	0.71	13.9751
0.33	0.71	14.2408
0.35	0.71	14.6304
0.37	0.71	15.1225
0.39	0.71	15.6927
0.41	0.71	16.3161
0.43	0.71	16.9682
0.45	0.71	17.6271
0.47	0.71	18.2732
0.49	0.71	18.8901
0.51	0.71	19.4648
0.53	0.71	19.9872
0.55	0.71	20.4502
0.57	0.71	20.8491
0.59	0.71	21.1808
0.61	0.71	21.4436
0.63	0.71	21.6361
0.65	0.71	21.7564
0.67	0.71	21.8003
0.69	0.71	21.7605
0.71	0.71	21.6238
0.73	0.71	21.3688
0.75	0.71	20.9632
0.77	0.71	20.3613
0.79	0.71	19.5035
0.81	0.71	18.3194
0.83	0.71	16.7384
0.85	0.71	14.7106
0.87	0.71	12.2393
0.89	0.71	9.41976
0.91	0.71	6.46954
0.93	0.71	3.72425
0.95	0.71	1.57164
0.97	0.71	0.314619
0.99	0.71	0
1	0.71	0

0	0.69	0
0.01	0.69	1.08748
0.03	0.69	3.3755
0.05	0.69	6.05947
0.07	0.69	8.55511
0.09	0.69	10.5184
0.11	0.69	11.8185
0.13	0.69	12.481
0.15	0.69	12.6243
0.17	0.69	12.4055
0.19	0.69	11.9821
0.21	0.69	11.4902
0.23	0.69	11.034
0.25	0.69	10.6856
0.27	0.69	10.4876
0.29	0.69	10.4591
0.31	0.69	10.601
0.33	0.69	10.9019
0.35	0.69	11.342
0.37	0.69	11.8966
0.39	0.69	12.5389
0.41	0.69	13.2418
0.43	0.69	13.9794
0.45	0.69	14.7278
0.47	0.69	15.4662
0.49	0.69	16.1767
0.51	0.69	16.8451
0.53	0.69	17.4603
0.55	0.69	18.0142
0.57	0.69	18.5015
0.59	0.69	18.9191
0.61	0.69	19.2652
0.63	0.69	19.5386
0.65	0.69	19.7378
0.67	0.69	19.859
0.69	0.69	19.895
0.71	0.69	19.8322
0.73	0.69	19.6484
0.75	0.69	19.3102
0.77	0.69	18.7706
0.79	0.69	17.9698
0.81	0.69	16.8396
0.83	0.69	15.316
0.85	0.69	13.3606
0.87	0.69	10.9932
0.89	0.69	8.32644
0.91	0.69	5.58821
0.93	0.69	3.1066
0.95	0.69	1.23445
0.97	0.69	0.210625
0.99	0.69	0
1	0.69	0

0	0.67	0
0.01	0.67	1.03027
0.03	0.67	3.1447
0.05	0.67	5.55135
0.07	0.67	7.69547
0.09	0.67	9.27153
0.11	0.67	10.1865
0.13	0.67	10.4958
0.15	0.67	10.337
0.17	0.67	9.87552
0.19	0.67	9.26916
0.21	0.67	8.64841
0.23	0.67	8.10965
0.25	0.67	7.71582
0.27	0.67	7.50119
0.29	0.67	7.47749
0.31	0.67	7.63997
0.33	0.67	7.97264
0.35	0.67	8.45243
0.37	0.67	9.05245
0.39	0.67	9.74431
0.41	0.67	10.4999
0.43	0.67	11.2925
0.45	0.67	12.0979
0.47	0.67	12.8947
0.49	0.67	13.6649
0.51	0.67	14.3939
0.53	0.67	15.0703
0.55	0.67	15.6861
0.57	0.67	16.236
0.59	0.67	16.7169
0.61	0.67	17.1273
0.63	0.67	17.4665
0.65	0.67	17.733
0.67	0.67	17.9231
0.69	0.67	18.029
0.71	0.67	18.0364
0.73	0.67	17.9219
0.75	0.67	17.6502
0.77	0.67	17.1733
0.79	0.67	16.4313
0.81	0.67	15.3588
0.83	0.67	13.8984
0.85	0.67	12.0236
0.87	0.67	9.76949
0.89	0.67	7.26375
0.91	0.67	4.74139
0.93	0.67	2.5203
0.95	0.67	0.918335
0.97	0.67	0.114427
0.99	0.67	0
1	0.67	0

0	0.65	0
0.01	0.65	0.967944
0.03	0.65	2.90341
0.05	0.65	5.03516
0.07	0.65	6.84254
0.09	0.65	8.05954
0.11	0.65	8.62911
0.13	0.65	8.6333
0.15	0.65	8.22457
0.17	0.65	7.57294
0.19	0.65	6.83284
0.21	0.65	6.12691
0.23	0.65	5.54172
0.25	0.65	5.13043
0.27	0.65	4.91862
0.29	0.65	4.91096
0.31	0.65	5.09737
0.33	0.65	5.45804
0.35	0.65	5.96745
0.37	0.65	6.59723
0.39	0.65	7.31833
0.41	0.65	8.10248
0.43	0.65	8.92327
0.45	0.65	9.75684
0.47	0.65	10.5824
0.49	0.65	11.3824
0.51	0.65	12.1429
0.53	0.65	12.853
0.55	0.65	13.5053
0.57	0.65	14.0948
0.59	0.65	14.619
0.61	0.65	15.0767
0.63	0.65	15.4674
0.65	0.65	15.7894
0.67	0.65	16.0387
0.69	0.65	16.2068
0.71	0.65	16.2778
0.73	0.65	16.2265
0.75	0.65	16.0162
0.77	0.65	15.5974
0.79	0.65	14.911
0.81	0.65	13.8948
0.83	0.65	12.4988
0.85	0.65	10.7082
0.87	0.65	8.57264
0.89	0.65	6.23263
0.91	0.65	3.92755
0.93	0.65	1.96282
0.95	0.65	0.62116
0.97	0.65	0.0251671
0.99	0.65	0
1	0.65	0

0	0.63	0
0.01	0.63	0.902886
0.03	0.63	2.65895
0.05	0.63	4.52358
0.07	0.63	6.01313
0.09	0.63	6.90115
0.11	0.63	7.16461
0.13	0.63	6.90892
0.15	0.63	6.29801
0.17	0.63	5.50308
0.19	0.63	4.67257
0.21	0.63	3.91923
0.23	0.63	3.31859
0.25	0.63	2.9134
0.27	0.63	2.72049
0.29	0.63	2.73775
0.31	0.63	2.95022
0.33	0.63	3.33497
0.35	0.63	3.86471
0.37	0.63	4.51042
0.39	0.63	5.24317
0.41	0.63	6.03537
0.43	0.63	6.86164
0.45	0.63	7.69937
0.47	0.63	8.52906
0.49	0.63	9.3345
0.51	0.63	10.1028
0.53	0.63	10.8244
0.55	0.63	11.4926
0.57	0.63	12.1033
0.59	0.63	12.6546
0.61	0.63	13.1454
0.63	0.63	13.5753
0.65	0.63	13.9422
0.67	0.63	14.2411
0.69	0.63	14.4623
0.71	0.63	14.5881
0.73	0.63	14.5914
0.75	0.63	14.4336
0.77	0.63	14.0648
0.79	0.63	13.4267
0.81	0.63	12.4616
0.83	0.63	11.1274
0.85	0.63	9.42124
0.87	0.63	7.4062
0.89	0.63	5.23395
0.91	0.63	3.14568
0.93	0.63	1.43229
0.95	0.63	0.341353
0.97	0.63	-0.0577996
0.99	0.63	0
1	0.63	0

0	0.61	0
0.01	0.61	0.837076
0.03	0.61	2.41687
0.05	0.61	4.02538
0.07	0.61	5.21751
0.09	0.61	5.80583
0.11	0.61	5.79931
0.13	0.61	5.32395
0.15	0.61	4.55217
0.17	0.61	3.65371
0.19	0.61	2.7689
0.21	0.61	1.99916
0.23	0.61	1.4081
0.25	0.61	1.02771
0.27	0.61	0.866084
0.29	0.61	0.91462
0.31	0.61	1.15403
0.33	0.61	1.55884
0.35	0.61	2.1007
0.37	0.61	2.75064
0.39	0.61	3.48057
0.41	0.61	4.2643
0.43	0.61	5.07818
0.45	0.61	5.90148
0.47	0.61	6.71662
0.49	0.61	7.50922
0.51	0.61	8.26808
0.53	0.61	8.98499
0.55	0.61	9.65445
0.57	0.61	10.2732
0.59	0.61	10.8398
0.61	0.61	11.3533
0.63	0.61	11.8128
0.65	0.61	12.2155
0.67	0.61	12.5551
0.69	0.61	12.8198
0.71	0.61	12.9903
0.73	0.61	13.0374
0.75	0.61	12.921
0.77	0.61	12.591
0.79	0.61	11.9912
0.81	0.61	11.069
0.83	0.61	9.79142
0.85	0.61	8.16722
0.87	0.61	6.27242
0.89	0.61	4.26797
0.91	0.61	2.39463
0.93	0.61	0.927025
0.95	0.61	0.0775205
0.97	0.61	-0.135052
0.99	0.61	0
1	0.61	0

0	0.59	0
0.01	0.59	0.771958
0.03	0.59	2.1808
0.05	0.59	3.5454
0.07	0.59	4.45986
0.09	0.59	4.77497
0.11	0.59	4.52981
0.13	0.59	3.8686
0.15	0.59	2.96986
0.17	0.59	1.9998
0.19	0.59	1.0891
0.21	0.59	0.326824
0.23	0.59	-0.23586
0.25	0.59	-0.577862
0.27	0.59	-0.699691
0.29	0.59	-0.616059
0.31	0.59	-0.350114
0.33	0.59	0.0707406
0.35	0.59	0.617715
0.37	0.59	1.26252
0.39	0.59	1.97855
0.41	0.59	2.74163
0.43	0.59	3.53039
0.45	0.59	4.32649
0.47	0.59	5.11468
0.49	0.59	5.88274
0.51	0.59	6.62138
0.53	0.59	7.32393
0.55	0.59	7.98607
0.57	0.59	8.60529
0.59	0.59	9.18023
0.61	0.59	9.70987
0.63	0.59	10.1923
0.65	0.59	10.6236
0.67	0.59	10.9956
0.69	0.59	11.2946
0.71	0.59	11.4989
0.73	0.59	11.5776
0.75	0.59	11.4896
0.77	0.59	11.1853
0.79	0.59	10.6119
0.81	0.59	9.72288
0.83	0.59	8.49469
0.85	0.59	6.94833
0.87	0.59	5.17185
0.89	0.59	3.33387
0.91	0.59	1.67268
0.93	0.59	0.445057
0.95	0.59	-0.171831
0.97	0.59	-0.207203
0.99	0.59	0
1	0.59	0

0	0.57	0
0.01	0.57	0.7084
0.03	0.57	1.95243
0.05	0.57	3.0849
0.07	0.57	3.73925
0.09	0.57	3.80359
0.11	0.57	3.34549
0.13	0.57	2.52536
0.15	0.57	1.52595
0.17	0.57	0.508343
0.19	0.57	-0.407515
0.21	0.57	-1.14554
0.23	0.57	-1.66723
0.25	0.57	-1.96235
0.27	0.57	-2.03971
0.29	0.57	-1.91973
0.31	0.57	-1.6289
0.33	0.57	-1.19599
0.35	0.57	-0.649662
0.37	0.57	-0.0169358
0.39	0.57	0.677607
0.41	0.57	1.41226
0.43	0.57	2.16836
0.45	0.57	2.93028
0.47	0.57	3.68533
0.49	0.57	4.4236
0.51	0.57	5.13769
0.53	0.57	5.82243
0.55	0.57	6.47444
0.57	0.57	7.09164
0.59	0.57	7.67252
0.61	0.57	8.21532
0.63	0.57	8.7169
0.65	0.57	9.17141
0.67	0.57	9.56875
0.69	0.57	9.89279
0.71	0.57	10.1198
0.73	0.57	10.2172
0.75	0.57	10.1437
0.77	0.57	9.85128
0.79	0.57	9.2912
0.81	0.57	8.42434
0.83	0.57	7.23751
0.85	0.57	5.76388
0.87	0.57	4.10288
0.89	0.57	2.42928
0.91	0.57	0.977108
0.93	0.57	-0.0161524
0.95	0.57	-0.408481
0.97	0.57	-0.274961
0.99	0.57	0
1	0.57	0

0	0.55	0
0.01	0.55	0.646712
0.03	0.55	1.73174
0.05	0.55	2.64224
0.07	0.55	3.05086
0.09	0.55	2.88222
0.11	0.55	2.23101
0.13	0.55	1.27218
0.15	0.55	0.191104
0.17	0.55	-0.857408
0.19	0.55	-1.76489
0.21	0.55	-2.46854
0.23	0.55	-2.94249
0.25	0.55	-3.18707
0.27	0.55	-3.21901
0.29	0.55	-3.0639
0.31	0.55	-2.75105
0.33	0.55	-2.31007
0.35	0.55	-1.76891
0.37	0.55	-1.15287
0.39	0.55	-0.48407
0.41	0.55	0.218593
0.43	0.55	0.939396
0.45	0.55	1.66556
0.47	0.55	2.38702
0.49	0.55	3.09606
0.51	0.55	3.78705
0.53	0.55	4.456
0.55	0.55	5.10016
0.57	0.55	5.71739
0.59	0.55	6.30556
0.61	0.55	6.86166
0.63	0.55	7.38077
0.65	0.55	7.85486
0.67	0.55	8.27137
0.69	0.55	8.61179
0.71	0.55	8.85041
0.73	0.55	8.95359
0.75	0.55	8.88045
0.77	0.55	8.58563
0.79	0.55	8.02569
0.81	0.55	7.16992
0.83	0.55	6.01619
0.85	0.55	4.60997
0.87	0.55	3.06138
0.89	0.55	1.55001
0.91	0.55	0.30391
0.93	0.55	-0.459933
0.95	0.55	-0.634606
0.97	0.55	-0.339151
0.99	0.55	0
1	0.55	0

0	0.53	0
0.01	0.53	0.586721
0.03	0.53	1.5174
0.05	0.53	2.21362
0.07	0.53	2.38719
0.09	0.53	1.99867
0.11	0.53	1.16864
0.13	0.53	0.0851512
0.15	0.53	-1.06508
0.17	0.53	-2.13447
0.19	0.53	-3.02649
0.21	0.53	-3.69162
0.23	0.53	-4.1164
0.25	0.53	-4.31125
0.27	0.53	-4.30023
0.29	0.53	-4.11356
0.31	0.53	-3.78274
0.33	0.53	-3.33765
0.35	0.53	-2.80512
0.37	0.53	-2.20827
0.39	0.53	-1.5665
0.41	0.53	-0.89569
0.43	0.53	-0.208555
0.45	0.53	0.484946
0.47	0.53	1.17718
0.49	0.53	1.86243
0.51	0.53	2.53645
0.53	0.53	3.19603
0.55	0.53	3.83853
0.57	0.53	4.46127
0.59	0.53	5.06094
0.61	0.53	5.63274
0.63	0.53	6.16952
0.65	0.53	6.66069
0.67	0.53	7.09108
0.69	0.53	7.4398
0.71	0.53	7.67943
0.73	0.53	7.77584
0.75	0.53	7.68944
0.77	0.53	7.37853
0.79	0.53	6.80616
0.81	0.53	5.95103
0.83	0.53	4.82274
0.85	0.53	3.47915
0.87	0.53	2.04043
0.89	0.53	0.689742
0.91	0.53	-0.35236
0.93	0.53	-0.890487
0.95	0.53	-0.852798
0.97	0.53	-0.400714
0.99	0.53	0
1	0.53	0

0	0.51	0
0.01	0.51	0.527873
0.03	0.51	1.30708
0.05	0.51	1.79382
0.07	0.51	1.73932
0.09	0.51	1.13961
0.11	0.51	0.140126
0.13	0.51	-1.05926
0.15	0.51	-2.2717
0.17	0.51	-3.35755
0.19	0.51	-4.23248
0.21	0.51	-4.86015
0.23	0.51	-5.23896
0.25	0.51	-5.3888
0.27	0.51	-5.34037
0.29	0.51	-5.12778
0.31	0.51	-4.78412
0.33	0.51	-4.33902
0.35	0.51	-3.81771
0.37	0.51	-3.24087
0.39	0.51	-2.62501
0.41	0.51	-1.98296
0.43	0.51	-1.32452
0.45	0.51	-0.657041
0.47	0.51	0.0139723
0.49	0.51	0.684369
0.51	0.51	1.35084
0.53	0.51	2.01042
0.55	0.51	2.66003
0.57	0.51	3.29588
0.59	0.51	3.91293
0.61	0.51	4.50413
0.63	0.51	5.05971
0.65	0.51	5.56626
0.67	0.51	6.00589
0.69	0.51	6.35549
0.71	0.51	6.58632
0.73	0.51	6.6644
0.75	0.51	6.55226
0.77	0.51	6.21295
0.79	0.51	5.61704
0.81	0.51	4.7536
0.83	0.51	3.64455
0.85	0.51	2.36019
0.87	0.51	1.03015
0.89	0.51	-0.160016
0.91	0.51	-0.998609
0.93	0.51	-1.31286
0.95	0.51	-1.06602
0.97	0.51	-0.460674
0.99	0.51	0
1	0.51	0

0	0.49	0
0.01	0.49	0.469345
0.03	0.49	1.09783
0.05	0.49	1.37696
0.07	0.49	1.09784
0.09	0.49	0.291799
0.11	0.49	-0.871845
0.13	0.49	-2.18269
0.15	0.49	-3.45481
0.17	0.49	-4.55725
0.19	0.49	-5.41798
0.21	0.49	-6.01347
0.23	0.49	-6.35339
0.25	0.49	-6.46627
0.27	0.49	-6.38857
0.29	0.49	-6.15755
0.31	0.49	-5.8072
0.33	0.49	-5.36635
0.35	0.49	-4.85831
0.37	0.49	-4.30114
0.39	0.49	-3.70841
0.41	0.49	-3.09003
0.43	0.49	-2.45313
0.45	0.49	-1.80283
0.47	0.49	-1.14292
0.49	0.49	-0.476493
0.51	0.49	0.193504
0.53	0.49	0.863799
0.55	0.49	1.53029
0.57	0.49	2.18755
0.59	0.49	2.82833
0.61	0.49	3.44293
0.63	0.49	4.01865
0.65	0.49	4.53914
0.67	0.49	4.98387
0.69	0.49	5.3277
0.71	0.49	5.54104
0.73	0.49	5.5907
0.75	0.49	5.44224
0.77	0.49	5.06434
0.79	0.49	4.43613
0.81	0.49	3.55784
0.83	0.49	2.46422
0.85	0.49	1.23802
0.87	0.49	0.0177225
0.89	0.49	-1.00982
0.91	0.49	-1.64304
0.93	0.49	-1.73277
0.95	0.49	-1.27748
0.97	0.49	-0.520078
0.99	0.49	0
1	0.49	0

0	0.47	0
0.01	0.47	0.410157
0.03	0.47	0.886463
0.05	0.47	0.956993
0.07	0.47	0.453681
0.09	0.47	-0.556956
0.11	0.47	-1.88265
0.13	0.47	-3.30375
0.15	0.47	-4.63645
0.17	0.47	-5.75905
0.19	0.47	-6.61191
0.21	0.47	-7.18388
0.23	0.47	-7.49504
0.25	0.47	-7.58164
0.27	0.47	-7.48494
0.29	0.47	-7.24449
0.31	0.47	-6.89446
0.33	0.47	-6.46247
0.35	0.47	-5.96961
0.37	0.47	-5.43123
0.39	0.47	-4.85809
0.41	0.47	-4.25743
0.43	0.47	-3.63408
0.45	0.47	-2.99138
0.47	0.47	-2.33196
0.49	0.47	-1.65842
0.51	0.47	-0.973899
0.53	0.47	-0.282541
0.55	0.47	0.410018
0.57	0.47	1.09625
0.59	0.47	1.76629
0.61	0.47	2.40755
0.63	0.47	3.00425
0.65	0.47	3.53711
0.67	0.47	3.98306
0.69	0.47	4.31531
0.71	0.47	4.5039
0.73	0.47	4.51712
0.75	0.47	4.32428
0.77	0.47	3.90058
0.79	0.47	3.23455
0.81	0.47	2.33827
0.83	0.47	1.25969
0.85	0.47	0.093897
0.87	0.47	-1.01235
0.89	0.47	-1.87198
0.91	0.47	-2.29483
0.93	0.47	-2.1563
0.95	0.47	-1.4904
0.97	0.47	-0.579921
0.99	0.47	0
1	0.47	0

0	0.45	0
0.01	0.45	0.349268
0.03	0.45	0.669803
0.05	0.45	0.528248
0.07	0.45	-0.201326
0.09	0.45	-1.41718
0.11	0.45	-2.90507
0.13	0.45	-4.43755
0.15	0.45	-5.83406
0.17	0.45	-6.98287
0.19	0.45	-7.8367
0.21	0.45	-8.39619
0.23	0.45	-8.69099
0.25	0.45	-8.76392
0.27	0.45	-8.66007
0.29	0.45	-8.42033
0.31	0.45	-8.07846
0.33	0.45	-7.66041
0.35	0.45	-7.18487
0.37	0.45	-6.66458
0.39	0.45	-6.10768
0.41	0.45	-5.51913
0.43	0.45	-4.90192
0.45	0.45	-4.25815
0.47	0.45	-3.58982
0.49	0.45	-2.89962
0.51	0.45	-2.19138
0.53	0.45	-1.47064
0.55	0.45	-0.744967
0.57	0.45	-0.0243415
0.59	0.45	0.678559
0.61	0.45	1.34809
0.63	0.45	1.96542
0.65	0.45	2.50845
0.67	0.45	2.95188
0.69	0.45	3.26767
0.71	0.45	3.42599
0.73	0.45	3.39723
0.75	0.45	3.15518
0.77	0.45	2.68229
0.79	0.45	1.9771
0.81	0.45	1.06411
0.83	0.45	0.00465133
0.85	0.45	-1.09402
0.87	0.45	-2.07759
0.89	0.45	-2.75993
0.91	0.45	-2.96354
0.93	0.45	-2.58948
0.95	0.45	-1.70777
0.97	0.45	-0.641044
0.99	0.45	0
1	0.45	0

0	0.43	0
0.01	0.43	0.285655
0.03	0.43	0.444883
0.05	0.43	0.0856728
0.07	0.43	-0.874098
0.09	0.43	-2.29737
0.11	0.43	-3.94906
0.13	0.43	-5.59538
0.15	0.43	-7.0604
0.17	0.43	-8.24298
0.19	0.43	-9.10818
0.21	0.43	-9.66782
0.23	0.43	-9.96005
0.25	0.43	-10.0332
0.27	0.43	-9.93503
0.29	0.43	-9.70698
0.31	0.43	-9.38176
0.33	0.43	-8.98334
0.35	0.43	-8.528
0.37	0.43	-8.02599
0.39	0.43	-7.48318
0.41	0.43	-6.90269
0.43	0.43	-6.28621
0.45	0.43	-5.63511
0.47	0.43	-4.95133
0.49	0.43	-4.23809
0.51	0.43	-3.5004
0.53	0.43	-2.7455
0.55	0.43	-1.98321
0.57	0.43	-1.22611
0.59	0.43	-0.489757
0.61	0.43	0.207195
0.63	0.43	0.843034
0.65	0.43	1.39312
0.67	0.43	1.83029
0.69	0.43	2.12571
0.71	0.43	2.25025
0.73	0.43	2.17696
0.75	0.43	1.88471
0.77	0.43	1.36377
0.79	0.43	0.623236
0.81	0.43	-0.299741
0.83	0.43	-1.33037
0.85	0.43	-2.34966
0.87	0.43	-3.19662
0.89	0.43	-3.68729
0.91	0.43	-3.65831
0.93	0.43	-3.03763
0.95	0.43	-1.93201
0.97	0.43	-0.70402
0.99	0.43	0
1	0.43	0

0	0.41	0
0.01	0.41	0.218372
0.03	0.41	0.209087
0.05	0.41	-0.374972
0.07	0.41	-1.57013
0.09	0.41	-3.20391
0.11	0.41	-5.0216
0.13	0.41	-6.78482
0.15	0.41	-8.32364
0.17	0.41	-9.54822
0.19	0.41	-10.4359
0.21	0.41	-11.009
0.23	0.41	-11.3131
0.25	0.41	-11.4008
0.27	0.41	-11.3217
0.29	0.41	-11.1167
0.31	0.41	-10.8172
0.33	0.41	-10.4449
0.35	0.41	-10.0137
0.37	0.41	-9.53179
0.39	0.41	-9.00306
0.41	0.41	-8.42933
0.43	0.41	-7.81147
0.45	0.41	-7.15064
0.47	0.41	-6.44915
0.49	0.41	-5.71114
0.51	0.41	-4.94307
0.53	0.41	-4.15411
0.55	0.41	-3.35637
0.57	0.41	-2.56503
0.59	0.41	-1.79844
0.61	0.41	-1.07798
0.63	0.41	-0.427968
0.65	0.41	0.124843
0.67	0.41	0.551914
0.69	0.41	0.824113
0.71	0.41	0.913575
0.73	0.41	0.79654
0.75	0.41	0.4575
0.77	0.41	-0.105047
0.79	0.41	-0.871173
0.81	0.41	-1.79095
0.83	0.41	-2.77641
0.85	0.41	-3.69749
0.87	0.41	-4.38764
0.89	0.41	-4.66663
0.91	0.41	-4.38691
0.93	0.41	-3.50474
0.95	0.41	-2.16452
0.97	0.41	-0.76904
0.99	0.41	0
1	0.41	0

0	0.39	0
0.01	0.39	0.146578
0.03	0.39	-0.0397973
0.05	0.39	-0.857075
0.07	0.39	-2.2935
0.09	0.39	-4.1411
0.11	0.39	-6.12694
0.13	0.39	-8.00992
0.15	0.39	-9.62764
0.17	0.39	-10.9023
0.19	0.39	-11.8235
0.21	0.39	-12.4233
0.23	0.39	-12.7535
0.25	0.39	-12.87
0.27	0.39	-12.823
0.29	0.39	-12.6526
0.31	0.39	-12.3882
0.33	0.39	-12.0494
0.35	0.39	-11.6479
0.37	0.39	-11.19
0.39	0.39	-10.6783
0.41	0.39	-10.1137
0.43	0.39	-9.49679
0.45	0.39	-8.82883
0.47	0.39	-8.11284
0.49	0.39	-7.3541
0.51	0.39	-6.56062
0.53	0.39	-5.74347
0.55	0.39	-4.91696
0.57	0.39	-4.09866
0.59	0.39	-3.30935
0.61	0.39	-2.57281
0.63	0.39	-1.91543
0.65	0.39	-1.36559
0.67	0.39	-0.95264
0.69	0.39	-0.705401
0.71	0.39	-0.649936
0.73	0.39	-0.806278
0.75	0.39	-1.18391
0.77	0.39	-1.77579
0.79	0.39	-2.55105
0.81	0.39	-3.4472
0.83	0.39	-4.36365
0.85	0.39	-5.1603
0.87	0.39	-5.66659
0.89	0.39	-5.70787
0.91	0.39	-5.15444
0.93	0.39	-3.99261
0.95	0.39	-2.40538
0.97	0.39	-0.835803
0.99	0.39	0
1	0.39	0

0	0.37	0
0.01	0.37	0.0695463
0.03	0.37	-0.303605
0.05	0.37	-1.36326
0.07	0.37	-3.04703
0.09	0.37	-5.1114
0.11	0.37	-7.26682
0.13	0.37	-9.27152
0.15	0.37	-10.9723
0.17	0.37	-12.3043
0.19	0.37	-13.2691
0.21	0.37	-13.9076
0.23	0.37	-14.2771
0.25	0.37	-14.4356
0.27	0.37	-14.4332
0.29	0.37	-14.3086
0.31	0.37	-14.089
0.33	0.37	-13.792
0.35	0.37	-13.4274
0.37	0.37	-13.0002
0.39	0.37	-12.512
0.41	0.37	-11.9634
0.43	0.37	-11.3548
0.45	0.37	-10.6881
0.47	0.37	-9.96709
0.49	0.37	-9.19813
0.51	0.37	-8.39072
0.53	0.37	-7.5576
0.55	0.37	-6.71495
0.57	0.37	-5.88231
0.59	0.37	-5.08241
0.61	0.37	-4.34086
0.63	0.37	-3.68555
0.65	0.37	-3.1458
0.67	0.37	-2.75115
0.69	0.37	-2.52948
0.71	0.37	-2.50445
0.73	0.37	-2.69188
0.75	0.37	-3.09483
0.77	0.37	-3.69755
0.79	0.37	-4.45836
0.81	0.37	-5.30267
0.83	0.37	-6.11826
0.85	0.37	-6.75646
0.87	0.37	-7.04475
0.89	0.37	-6.81646
0.91	0.37	-5.96213
0.93	0.37	-4.50008
0.95	0.37	-2.65293
0.97	0.37	-0.903437
0.99	0.37	0
1	0.37	0

0	0.35	0
0.01	0.35	-0.0133641
0.03	0.35	-0.583898
0.05	0.35	-1.89559
0.07	0.35	-3.83255
0.09	0.35	-6.11576
0.11	0.35	-8.44081
0.13	0.35	-10.5676
0.15	0.35	-12.354
0.17	0.35	-13.7486
0.19	0.35	-14.7652
0.21	0.35	-15.4527
0.23	0.35	-15.8729
0.25	0.35	-16.085
0.27	0.35	-16.1382
0.29	0.35	-16.0696
0.31	0.35	-15.9044
0.33	0.35	-15.6582
0.35	0.35	-15.3396
0.37	0.35	-14.9526
0.39	0.35	-14.4983
0.41	0.35	-13.9771
0.43	0.35	-13.3899
0.45	0.35	-12.739
0.47	0.35	-12.0288
0.49	0.35	-11.2669
0.51	0.35	-10.4638
0.53	0.35	-9.63334
0.55	0.35	-8.79318
0.57	0.35	-7.96418
0.59	0.35	-7.17037
0.61	0.35	-6.43849
0.63	0.35	-5.79718
0.65	0.35	-5.27603
0.67	0.35	-4.90399
0.69	0.35	-4.70734
0.71	0.35	-4.70672
0.73	0.35	-4.91317
0.75	0.35	-5.32305
0.77	0.35	-5.91184
0.79	0.35	-6.62735
0.81	0.35	-7.38375
0.83	0.35	-8.05856
0.85	0.35	-8.49668
0.87	0.35	-8.52619
0.89	0.35	-7.99142
0.91	0.35	-6.80599
0.93	0.35	-5.02239
0.95	0.35	-2.90353
0.97	0.35	-0.970474
0.99	0.35	0
1	0.35	0

0	0.33	0
0.01	0.33	-0.102767
0.03	0.33	-0.882153
0.05	0.33	-2.45586
0.07	0.33	-4.65133
0.09	0.33	-7.15402
0.11	0.33	-9.64679
0.13	0.33	-11.8937
0.15	0.33	-13.7655
0.17	0.33	-15.2256
0.19	0.33	-16.2993
0.21	0.33	-17.0433
0.23	0.33	-17.5227
0.25	0.33	-17.7972
0.27	0.33	-17.915
0.29	0.33	-17.9112
0.31	0.33	-17.8094
0.33	0.33	-17.6237
0.35	0.33	-17.3617
0.37	0.33	-17.0269
0.39	0.33	-16.6205
0.41	0.33	-16.1429
0.43	0.33	-15.5953
0.45	0.33	-14.9806
0.47	0.33	-14.3036
0.49	0.33	-13.5724
0.51	0.33	-12.798
0.53	0.33	-11.995
0.55	0.33	-11.1816
0.57	0.33	-10.3793
0.59	0.33	-9.61249
0.61	0.33	-8.90827
0.63	0.33	-8.29524
0.65	0.33	-7.8024
0.67	0.33	-7.45737
0.69	0.33	-7.28404
0.71	0.33	-7.29935
0.73	0.33	-7.50908
0.75	0.33	-7.90259
0.77	0.33	-8.44662
0.79	0.33	-9.07909
0.81	0.33	-9.70409
0.83	0.33	-10.1909
0.85	0.33	-10.3805
0.87	0.33	-10.1052
0.89	0.33	-9.22359
0.91	0.33	-7.67585
0.93	0.33	-5.55072
0.95	0.33	-3.15152
0.97	0.33	-1.03489
0.99	0.33	0
1	0.33	0

0	0.31	0
0.01	0.31	-0.199348
0.03	0.31	-1.20004
0.05	0.31	-3.04607
0.07	0.31	-5.50452
0.09	0.31	-8.22545
0.11	0.31	-10.8813
0.13	0.31	-13.2432
0.15	0.31	-15.1969
0.17	0.31	-16.7214
0.19	0.31	-17.8538
0.21	0.31	-18.6577
0.23	0.31	-19.201
0.25	0.31	-19.5433
0.27	0.31	-19.7316
0.29	0.31	-19.7994
0.31	0.31	-19.7687
0.33	0.31	-19.6529
0.35	0.31	-19.4591
0.37	0.31	-19.1907
0.39	0.31	-18.8491
0.41	0.31	-18.435
0.43	0.31	-17.9499
0.45	0.31	-17.3968
0.47	0.31	-16.7806
0.49	0.31	-16.1093
0.51	0.31	-15.3938
0.53	0.31	-14.6485
0.55	0.31	-13.8911
0.57	0.31	-13.1428
0.59	0.31	-12.4276
0.61	0.31	-11.772
0.63	0.31	-11.2035
0.65	0.31	-10.7497
0.67	0.31	-10.436
0.69	0.31	-10.2832
0.71	0.31	-10.3037
0.73	0.31	-10.4976
0.75	0.31	-10.8469
0.77	0.31	-11.31
0.79	0.31	-11.8157
0.81	0.31	-12.2596
0.83	0.31	-12.5052
0.85	0.31	-12.3932
0.87	0.31	-11.7637
0.89	0.31	-10.4943
0.91	0.31	-8.55474
0.93	0.31	-6.07216
0.95	0.31	-3.38942
0.97	0.31	-1.09422
0.99	0.31	0
1	0.31	0

0	0.29	0
0.01	0.29	-0.30402
0.03	0.29	-1.53982
0.05	0.29	-3.66891
0.07	0.29	-6.39378
0.09	0.29	-9.32923
0.11	0.29	-12.14
0.13	0.29	-14.6076
0.15	0.29	-16.6351
0.17	0.29	-18.2182
0.19	0.29	-19.4058
0.21	0.29	-20.268
0.23	0.29	-20.8748
0.25	0.29	-21.2858
0.27	0.29	-21.5467
0.29	0.29	-21.6896
0.31	0.29	-21.7357
0.33	0.29	-21.6981
0.35	0.29	-21.584
0.37	0.29	-21.397
0.39	0.29	-21.1389
0.41	0.29	-20.8107
0.43	0.29	-20.4141
0.45	0.29	-19.9516
0.47	0.29	-19.4279
0.49	0.29	-18.8501
0.51	0.29	-18.2279
0.53	0.29	-17.5745
0.55	0.29	-16.9064
0.57	0.29	-16.2432
0.59	0.29	-15.6074
0.61	0.29	-15.0236
0.63	0.29	-14.5176
0.65	0.29	-14.1143
0.67	0.29	-13.8362
0.69	0.29	-13.6998
0.71	0.29	-13.7128
0.73	0.29	-13.8689
0.75	0.29	-14.1427
0.77	0.29	-14.4845
0.79	0.29	-14.8151
0.81	0.29	-15.024
0.83	0.29	-14.9719
0.85	0.29	-14.5032
0.87	0.29	-13.4706
0.89	0.29	-11.7748
0.91	0.29	-9.41919
0.93	0.29	-6.5703
0.95	0.29	-3.60842
0.97	0.29	-1.14583
0.99	0.29	0
1	0.29	0

0	0.27	0
0.01	0.27	-0.418127
0.03	0.27	-1.90479
0.05	0.27	-4.32843
0.07	0.27	-7.32188
0.09	0.27	-10.465
0.11	0.27	-13.4181
0.13	0.27	-15.9767
0.15	0.27	-18.0643
0.17	0.27	-19.6941
0.19	0.27	-20.9271
0.21	0.27	-21.8396
0.23	0.27	-22.5036
0.25	0.27	-22.9785
0.27	0.27	-23.3089
0.29	0.27	-23.5264
0.31	0.27	-23.6518
0.33	0.27	-23.6983
0.35	0.27	-23.6737
0.37	0.27	-23.5822
0.39	0.27	-23.4263
0.41	0.27	-23.207
0.43	0.27	-22.9259
0.45	0.27	-22.5849
0.47	0.27	-22.1875
0.49	0.27	-21.739
0.51	0.27	-21.2472
0.53	0.27	-20.7231
0.55	0.27	-20.1803
0.57	0.27	-19.6359
0.59	0.27	-19.1095
0.61	0.27	-18.6228
0.63	0.27	-18.1984
0.65	0.27	-17.8578
0.67	0.27	-17.6192
0.69	0.27	-17.4946
0.71	0.27	-17.4858
0.73	0.27	-17.5799
0.75	0.27	-17.7443
0.77	0.27	-17.9219
0.79	0.27	-18.0272
0.81	0.27	-17.9459
0.83	0.27	-17.5397
0.85	0.27	-16.6613
0.87	0.27	-15.1809
0.89	0.27	-13.0273
0.91	0.27	-10.2404
0.93	0.27	-7.02648
0.95	0.27	-3.7992
0.97	0.27	-1.18713
0.99	0.27	0
1	0.27	0

0	0.25	0
0.01	0.25	-0.543725
0.03	0.25	-2.29992
0.05	0.25	-5.03071
0.07	0.25	-8.29328
0.09	0.25	-11.6332
0.11	0.25	-14.7104
0.13	0.25	-17.339
0.15	0.25	-19.4657
0.17	0.25	-21.123
0.19	0.25	-22.3842
0.21	0.25	-23.3316
0.23	0.25	-24.0392
0.25	0.25	-24.5664
0.27	0.25	-24.9575
0.29	0.25	-25.2435
0.31	0.25	-25.4459
0.33	0.25	-25.5784
0.35	0.25	-25.6498
0.37	0.25	-25.6653
0.39	0.25	-25.6277
0.41	0.25	-25.5385
0.43	0.25	-25.3986
0.45	0.25	-25.209
0.47	0.25	-24.9711
0.49	0.25	-24.6881
0.51	0.25	-24.3646
0.53	0.25	-24.008
0.55	0.25	-23.6281
0.57	0.25	-23.2379
0.59	0.25	-22.8527
0.61	0.25	-22.4898
0.63	0.25	-22.1674
0.65	0.25	-21.9023
0.67	0.25	-21.7076
0.69	0.25	-21.5896
0.71	0.25	-21.544
0.73	0.25	-21.5511
0.75	0.25	-21.5716
0.77	0.25	-21.542
0.79	0.25	-21.3726
0.81	0.25	-20.9482
0.83	0.25	-20.1361
0.85	0.25	-18.8019
0.87	0.25	-16.8387
0.89	0.25	-14.2075
0.91	0.25	-10.987
0.93	0.25	-7.42167
0.95	0.25	-3.95311
0.97	0.25	-1.21602
0.99	0.25	0
1	0.25	0

0	0.23	0
0.01	0.23	-0.683929
0.03	0.23	-2.73245
0.05	0.23	-5.7845
0.07	0.23	-9.31462
0.09	0.23	-12.8353
0.11	0.23	-16.0115
0.13	0.23	-18.6809
0.15	0.23	-20.8173
0.17	0.23	-22.4742
0.19	0.23	-23.7377
0.21	0.23	-24.6962
0.23	0.23	-25.4259
0.25	0.23	-25.9864
0.27	0.23	-26.4219
0.29	0.23	-26.7642
0.31	0.23	-27.0352
0.33	0.23	-27.25
0.35	0.23	-27.4186
0.37	0.23	-27.5471
0.39	0.23	-27.6392
0.41	0.23	-27.6965
0.43	0.23	-27.7192
0.45	0.23	-27.7068
0.47	0.23	-27.6586
0.49	0.23	-27.5745
0.51	0.23	-27.4554
0.53	0.23	-27.3037
0.55	0.23	-27.1242
0.57	0.23	-26.9241
0.59	0.23	-26.713
0.61	0.23	-26.5021
0.63	0.23	-26.3036
0.65	0.23	-26.1281
0.67	0.23	-25.9826
0.69	0.23	-25.8671
0.71	0.23	-25.7706
0.73	0.23	-25.6669
0.75	0.23	-25.5106
0.77	0.23	-25.2338
0.79	0.23	-24.7449
0.81	0.23	-23.932
0.83	0.23	-22.6716
0.85	0.23	-20.8478
0.87	0.23	-18.3813
0.89	0.23	-15.2687
0.91	0.23	-11.628
0.93	0.23	-7.73906
0.95	0.23	-4.06343
0.97	0.23	-1.23117
0.99	0.23	0
1	0.23	0

0	0.21	0
0.01	0.21	-0.843308
0.03	0.21	-3.21249
0.05	0.21	-6.60161
0.07	0.21	-10.3946
0.09	0.21	-14.0734
0.11	0.21	-17.3146
0.13	0.21	-19.9863
0.15	0.21	-22.0933
0.17	0.21	-23.7122
0.19	0.21	-24.9426
0.21	0.21	-25.8793
0.23	0.21	-26.6008
0.25	0.21	-27.1674
0.27	0.21	-27.6239
0.29	0.21	-28.0027
0.31	0.21	-28.3269
0.33	0.21	-28.6131
0.35	0.21	-28.8727
0.37	0.21	-29.113
0.39	0.21	-29.3385
0.41	0.21	-29.5508
0.43	0.21	-29.7498
0.45	0.21	-29.9332
0.47	0.21	-30.0981
0.49	0.21	-30.2406
0.51	0.21	-30.3569
0.53	0.21	-30.4441
0.55	0.21	-30.5003
0.57	0.21	-30.5256
0.59	0.21	-30.5219
0.61	0.21	-30.4927
0.63	0.21	-30.4421
0.65	0.21	-30.3731
0.67	0.21	-30.2851
0.69	0.21	-30.171
0.71	0.21	-30.013
0.73	0.21	-29.7789
0.75	0.21	-29.4185
0.77	0.21	-28.8617
0.79	0.21	-28.0183
0.81	0.21	-26.7831
0.83	0.21	-25.0472
0.85	0.21	-22.7177
0.87	0.21	-19.7465
0.89	0.21	-16.1679
0.91	0.21	-12.1382
0.93	0.21	-7.96686
0.95	0.21	-4.12672
0.97	0.21	-1.23242
0.99	0.21	0
1	0.21	0

0	0.19	0
0.01	0.19	-1.02828
0.03	0.19	-3.75337
0.05	0.19	-7.49668
0.07	0.19	-11.5432
0.09	0.19	-15.3486
0.11	0.19	-18.6101
0.13	0.19	-21.2343
0.15	0.19	-23.2619
0.17	0.19	-24.7948
0.19	0.19	-25.9469
0.21	0.19	-26.8197
0.23	0.19	-27.4943
0.25	0.19	-28.0321
0.27	0.19	-28.4784
0.29	0.19	-28.8666
0.31	0.19	-29.2211
0.33	0.19	-29.5598
0.35	0.19	-29.8955
0.37	0.19	-30.2369
0.39	0.19	-30.5893
0.41	0.19	-30.9548
0.43	0.19	-31.3327
0.45	0.19	-31.7197
0.47	0.19	-32.1102
0.49	0.19	-32.497
0.51	0.19	-32.8715
0.53	0.19	-33.2244
0.55	0.19	-33.5466
0.57	0.19	-33.8295
0.59	0.19	-34.0659
0.61	0.19	-34.2493
0.63	0.19	-34.3739
0.65	0.19	-34.433
0.67	0.19	-34.417
0.69	0.19	-34.3104
0.71	0.19	-34.0883
0.73	0.19	-33.7133
0.75	0.19	-33.1322
0.77	0.19	-32.2751
0.79	0.19	-31.0569
0.81	0.19	-29.3837
0.83	0.19	-27.1654
0.85	0.19	-24.3359
0.87	0.19	-20.8811
0.89	0.19	-16.8729
0.91	0.19	-12.5021
0.93	0.19	-8.10106
0.95	0.19	-4.14399
0.97	0.19	-1.22099
0.99	0.19	0
1	0.19	0

0	0.17	0
0.01	0.17	-1.24737
0.03	0.17	-4.37119
0.05	0.17	-8.48555
0.07	0.17	-12.7685
0.09	0.17	-16.6573
0.11	0.17	-19.8816
0.13	0.17	-22.3958
0.15	0.17	-24.2823
0.17	0.17	-25.6706
0.19	0.17	-26.6899
0.21	0.17	-27.4486
0.23	0.17	-28.0304
0.25	0.17	-28.4977
0.27	0.17	-28.8964
0.29	0.17	-29.2603
0.31	0.17	-29.615
0.33	0.17	-29.9793
0.35	0.17	-30.3672
0.37	0.17	-30.7887
0.39	0.17	-31.2499
0.41	0.17	-31.7536
0.43	0.17	-32.2991
0.45	0.17	-32.8824
0.47	0.17	-33.4964
0.49	0.17	-34.1308
0.51	0.17	-34.7725
0.53	0.17	-35.4063
0.55	0.17	-36.0153
0.57	0.17	-36.5817
0.59	0.17	-37.0875
0.61	0.17	-37.5148
0.63	0.17	-37.8457
0.65	0.17	-38.0615
0.67	0.17	-38.1416
0.69	0.17	-38.0606
0.71	0.17	-37.7862
0.73	0.17	-37.276
0.75	0.17	-36.4754
0.77	0.17	-35.3177
0.79	0.17	-33.7265
0.81	0.17	-31.6233
0.83	0.17	-28.9406
0.85	0.17	-25.6421
0.87	0.17	-21.7487
0.89	0.17	-17.3674
0.91	0.17	-12.718
0.93	0.17	-8.14717
0.95	0.17	-4.12146
0.97	0.17	-1.19975
0.99	0.17	0
1	0.17	0

0	0.15	0
0.01	0.15	-1.51091
0.03	0.15	-5.08283
0.05	0.15	-9.58091
0.07	0.15	-14.071
0.09	0.15	-17.9841
0.11	0.15	-21.0979
0.13	0.15	-23.4259
0.15	0.15	-25.098
0.17	0.15	-26.2738
0.19	0.15	-27.0983
0.21	0.15	-27.6869
0.23	0.15	-28.1255
0.25	0.15	-28.4768
0.27	0.15	-28.7865
0.29	0.15	-29.0885
0.31	0.15	-29.4081
0.33	0.15	-29.7647
0.35	0.15	-30.1727
0.37	0.15	-30.643
0.39	0.15	-31.1826
0.41	0.15	-31.7952
0.43	0.15	-32.4809
0.45	0.15	-33.2359
0.47	0.15	-34.0522
0.49	0.15	-34.9179
0.51	0.15	-35.8167
0.53	0.15	-36.7285
0.55	0.15	-37.6294
0.57	0.15	-38.4925
0.59	0.15	-39.2889
0.61	0.15	-39.988
0.63	0.15	-40.5582
0.65	0.15	-40.9668
0.67	0.15	-41.1798
0.69	0.15	-41.1602
0.71	0.15	-40.8666
0.73	0.15	-40.2514
0.75	0.15	-39.2598
0.77	0.15	-37.8302
0.79	0.15	-35.8979
0.81	0.15	-33.4032
0.83	0.15	-30.3042
0.85	0.15	-26.5958
0.87	0.15	-22.3324
0.89	0.15	-17.6525
0.91	0.15	-12.7976
0.93	0.15	-8.11973
0.95	0.15	-4.07012
0.97	0.15	-1.17318
0.99	0.15	0
1	0.15	0

0	0.13	0
0.01	0.13	-1.82977
0.03	0.13	-5.90058
0.05	0.13	-10.7827
0.07	0.13	-15.4304
0.09	0.13	-19.2877
0.11	0.13	-22.1995
0.13	0.13	-24.2511
0.15	0.13	-25.6257
0.17	0.13	-26.5147
0.19	0.13	-27.079
0.21	0.13	-27.44
0.23	0.13	-27.685
0.25	0.13	-27.8757
0.27	0.13	-28.0561
0.29	0.13	-28.2584
0.31	0.13	-28.5064
0.33	0.13	-28.8185
0.35	0.13	-29.2091
0.37	0.13	-29.689
0.39	0.13	-30.266
0.41	0.13	-30.9448
0.43	0.13	-31.7267
0.45	0.13	-32.6089
0.47	0.13	-33.5844
0.49	0.13	-34.6413
0.51	0.13	-35.762
0.53	0.13	-36.9235
0.55	0.13	-38.0972
0.57	0.13	-39.2489
0.59	0.13	-40.3397
0.61	0.13	-41.327
0.63	0.13	-42.1649
0.65	0.13	-42.8057
0.67	0.13	-43.1998
0.69	0.13	-43.2966
0.71	0.13	-43.0434
0.73	0.13	-42.3861
0.75	0.13	-41.2686
0.77	0.13	-39.6349
0.79	0.13	-37.4334
0.81	0.13	-34.6245
0.83	0.13	-31.193
0.85	0.13	-27.1645
0.87	0.13	-22.6244
0.89	0.13	-17.7369
0.91	0.13	-12.7578
0.93	0.13	-8.03626
0.95	0.13	-4.00265
0.97	0.13	-1.14658
0.99	0.13	0
1	0.13	0

0	0.11	0
0.01	0.11	-2.21141
0.03	0.11	-6.82025
0.05	0.11	-12.0588
0.07	0.11	-16.782
0.09	0.11	-20.4751
0.11	0.11	-23.0735
0.13	0.11	-24.7468
0.15	0.11	-25.7356
0.17	0.11	-26.2637
0.19	0.11	-26.5061
0.21	0.11	-26.5885
0.23	0.11	-26.5973
0.25	0.11	-26.5909
0.27	0.11	-26.6091
0.29	0.11	-26.68
0.31	0.11	-26.8243
0.33	0.11	-27.0577
0.35	0.11	-27.3927
0.37	0.11	-27.8394
0.39	0.11	-28.4058
0.41	0.11	-29.0974
0.43	0.11	-29.9169
0.45	0.11	-30.8636
0.47	0.11	-31.9326
0.49	0.11	-33.1139
0.51	0.11	-34.3913
0.53	0.11	-35.742
0.55	0.11	-37.1358
0.57	0.11	-38.5347
0.59	0.11	-39.8933
0.61	0.11	-41.1595
0.63	0.11	-42.2753
0.65	0.11	-43.1784
0.67	0.11	-43.8036
0.69	0.11	-44.0846
0.71	0.11	-43.9555
0.73	0.11	-43.3526
0.75	0.11	-42.2159
0.77	0.11	-40.4929
0.79	0.11	-38.143
0.81	0.11	-35.1451
0.83	0.11	-31.5088
0.85	0.11	-27.2873
0.87	0.11	-22.5927
0.89	0.11	-17.6087
0.91	0.11	-12.5984
0.93	0.11	-7.90185
0.95	0.11	-3.92487
0.97	0.11	-1.12352
0.99	0.11	0
1	0.11	0

0	0.09	0
0.01	0.09	-2.65076
0.03	0.09	-7.79627
0.05	0.09	-13.3068
0.07	0.09	-17.9715
0.09	0.09	-21.3559
0.11	0.09	-23.5106
0.13	0.09	-24.6988
0.15	0.09	-25.2193
0.17	0.09	-25.3249
0.19	0.09	-25.2008
0.21	0.09	-24.9729
0.23	0.09	-24.7224
0.25	0.09	-24.5009
0.27	0.09	-24.3409
0.29	0.09	-24.2638
0.31	0.09	-24.2843
0.33	0.09	-24.4137
0.35	0.09	-24.6612
0.37	0.09	-25.0349
0.39	0.09	-25.5419
0.41	0.09	-26.1881
0.43	0.09	-26.9775
0.45	0.09	-27.9118
0.47	0.09	-28.9891
0.49	0.09	-30.2029
0.51	0.09	-31.5409
0.53	0.09	-32.9837
0.55	0.09	-34.5035
0.57	0.09	-36.0637
0.59	0.09	-37.6175
0.61	0.09	-39.1089
0.63	0.09	-40.4726
0.65	0.09	-41.6358
0.67	0.09	-42.5205
0.69	0.09	-43.0458
0.71	0.09	-43.1313
0.73	0.09	-42.701
0.75	0.09	-41.6871
0.77	0.09	-40.0352
0.79	0.09	-37.7102
0.81	0.09	-34.7037
0.83	0.09	-31.0438
0.85	0.09	-26.8052
0.87	0.09	-22.1195
0.89	0.09	-17.1836
0.91	0.09	-12.2617
0.93	0.09	-7.68075
0.95	0.09	-3.8194
0.97	0.09	-1.10005
0.99	0.09	0
1	0.09	0

0	0.07	0
0.01	0.07	-3.10942
0.03	0.07	-8.69073
0.05	0.07	-14.2817
0.07	0.07	-18.6733
0.09	0.07	-21.561
0.11	0.07	-23.1314
0.13	0.07	-23.7415
0.15	0.07	-23.74
0.17	0.07	-23.3982
0.19	0.07	-22.9029
0.21	0.07	-22.3722
0.23	0.07	-21.8766
0.25	0.07	-21.4556
0.27	0.07	-21.1308
0.29	0.07	-20.914
0.31	0.07	-20.812
0.33	0.07	-20.8298
0.35	0.07	-20.972
0.37	0.07	-21.2435
0.39	0.07	-21.6496
0.41	0.07	-22.1956
0.43	0.07	-22.8863
0.45	0.07	-23.7254
0.47	0.07	-24.7139
0.49	0.07	-25.8498
0.51	0.07	-27.126
0.53	0.07	-28.5291
0.55	0.07	-30.0378
0.57	0.07	-31.6217
0.59	0.07	-33.2394
0.61	0.07	-34.8383
0.63	0.07	-36.3541
0.65	0.07	-37.7118
0.67	0.07	-38.8275
0.69	0.07	-39.6114
0.71	0.07	-39.9717
0.73	0.07	-39.8204
0.75	0.07	-39.0789
0.77	0.07	-37.6851
0.79	0.07	-35.601
0.81	0.07	-32.8211
0.83	0.07	-29.3811
0.85	0.07	-25.366
0.87	0.07	-20.9168
0.89	0.07	-16.2346
0.91	0.07	-11.5784
0.93	0.07	-7.25796
0.95	0.07	-3.62232
0.97	0.07	-1.05524
0.99	0.07	0
1	0.07	0

0	0.05	0
0.01	0.05	-3.4677
0.03	0.05	-9.16835
0.05	0.05	-14.4554
0.07	0.05	-18.241
0.09	0.05	-20.4044
0.11	0.05	-21.2697
0.13	0.05	-21.2654
0.15	0.05	-20.763
0.17	0.05	-20.0297
0.19	0.05	-19.2364
0.21	0.05	-18.4817
0.23	0.05	-17.8169
0.25	0.05	-17.2648
0.27	0.05	-16.8331
0.29	0.05	-16.522
0.31	0.05	-16.3297
0.33	0.05	-16.2543
0.35	0.05	-16.2954
0.37	0.05	-16.4541
0.39	0.05	-16.7331
0.41	0.05	-17.1366
0.43	0.05	-17.6688
0.45	0.05	-18.3345
0.47	0.05	-19.1368
0.49	0.05	-20.0775
0.51	0.05	-21.1546
0.53	0.05	-22.3618
0.55	0.05	-23.6865
0.57	0.05	-25.1081
0.59	0.05	-26.5964
0.61	0.05	-28.1101
0.63	0.05	-29.5958
0.65	0.05	-30.9875
0.67	0.05	-32.2077
0.69	0.05	-33.1693
0.71	0.05	-33.7795
0.73	0.05	-33.9454
0.75	0.05	-33.5803
0.77	0.05	-32.613
0.79	0.05	-30.9962
0.81	0.05	-28.7162
0.83	0.05	-25.8022
0.85	0.05	-22.3335
0.87	0.05	-18.4445
0.89	0.05	-14.3254
0.91	0.05	-10.218
0.93	0.05	-6.4059
0.95	0.05	-3.20204
0.97	0.05	-0.940574
0.99	0.05	0
1	0.05	0

0	0.03	0
0.01	0.03	-3.40937
0.03	0.03	-8.47463
0.05	0.03	-12.7465
0.07	0.03	-15.4439
0.09	0.03	-16.6587
0.11	0.03	-16.7997
0.13	0.03	-16.295
0.15	0.03	-15.4769
0.17	0.03	-14.5644
0.19	0.03	-13.6844
0.21	0.03	-12.9002
0.23	0.03	-12.2366
0.25	0.03	-11.6972
0.27	0.03	-11.276
0.29	0.03	-10.9641
0.31	0.03	-10.7526
0.33	0.03	-10.6349
0.35	0.03	-10.6068
0.37	0.03	-10.6665
0.39	0.03	-10.8144
0.41	0.03	-11.0525
0.43	0.03	-11.3842
0.45	0.03	-11.8132
0.47	0.03	-12.3436
0.49	0.03	-12.9786
0.51	0.03	-13.72
0.53	0.03	-14.567
0.55	0.03	-15.5151
0.57	0.03	-16.5547
0.59	0.03	-17.6696
0.61	0.03	-18.8352
0.63	0.03	-20.0174
0.65	0.03	-21.1711
0.67	0.03	-22.24
0.69	0.03	-23.1572
0.71	0.03	-23.8473
0.73	0.03	-24.2299
0.75	0.03	-24.2258
0.77	0.03	-23.7643
0.79	0.03	-22.792
0.81	0.03	-21.2831
0.83	0.03	-19.2483
0.85	0.03	-16.7425
0.87	0.03	-13.8697
0.89	0.03	-10.7825
0.91	0.03	-7.6777
0.93	0.03	-4.78714
0.95	0.03	-2.36587
0.97	0.03	-0.679853
0.99	0.03	0
1	0.03	0

0	0.01	0
0.01	0.01	-2.14398
0.03	0.01	-4.958
0.05	0.01	-6.99953
0.07	0.01	-8.01888
0.09	0.01	-8.2267
0.11	0.01	-7.92765
0.13	0.01	-7.37776
0.15	0.01	-6.75021
0.17	0.01	-6.14467
0.19	0.01	-5.60885
0.21	0.01	-5.1587
0.23	0.01	-4.79328
0.25	0.01	-4.50423
0.27	0.01	-4.28118
0.29	0.01	-4.11445
0.31	0.01	-3.99618
0.33	0.01	-3.92061
0.35	0.01	-3.88396
0.37	0.01	-3.88418
0.39	0.01	-3.92057
0.41	0.01	-3.99356
0.43	0.01	-4.10438
0.45	0.01	-4.25487
0.47	0.01	-4.44719
0.49	0.01	-4.68361
0.51	0.01	-4.96617
0.53	0.01	-5.29629
0.55	0.01	-5.67437
0.57	0.01	-6.09911
0.59	0.01	-6.56689
0.61	0.01	-7.07088
0.63	0.01	-7.60017
0.65	0.01	-8.13891
0.67	0.01	-8.66548
0.69	0.01	-9.15214
0.71	0.01	-9.56518
0.73	0.01	-9.86589
0.75	0.01	-10.0128
0.77	0.01	-9.96516
0.79	0.01	-9.6877
0.81	0.01	-9.15661
0.83	0.01	-8.36566
0.85	0.01	-7.33181
0.87	0.01	-6.09878
0.89	0.01	-4.73779
0.91	0.01	-3.34489
0.93	0.01	-2.0365
0.95	0.01	-0.945744
0.97	0.01	-0.220608
0.99	0.01	0
1	0.01	0

0	0	0
0.01	0	0
0.03	0	0
0.05	0	0
0.07	0	0
0.09	0	0
0.11	0	0
0.13	0	0
0.15	0	0
0.17	0	0
0.19	0	0
0.21	0	0
0.23	0	0
0.25	0	0
0.27	0	0
0.29	0	0
0.31	0	0
0.33	0	0
0.35	0	0
0.37	0	0
0.39	0	0
0.41	0	0
0.43	0	0
0.45	0	0
0.47	0	0
0.49	0	0
0.51	0	0
0.53	0	0
0.55	0	0
0.57	0	0
0.59	0	0
0.61	0	0
0.63	0	0
0.65	0	0
0.67	0	0
0.69	0	0
0.71	0	0
0.73	0	0
0.75	0	0
0.77	0	0
0.79	0	0
0.81	0	0
0.83	0	0
0.85	0	0
0.87	0	0
0.89	0	0
0.91	0	0
0.93	0	0
0.95	0	0
0.97	0	0
0.99	0	0
1	0	0

