0	1	0
0.01	1	0
0.03	1	0
0.05	1	0
0.07	1	0
0.09	1	0
0.11	1	0
0.13	1	0
0.15	1	0
0.17	1	0
0.19	1	0
0.21	1	0
0.23	1	0
0.25	1	0
0.27	1	0
0.29	1	0
0.31	1	0
0.33	1	0
0.35	1	0
0.37	1	0
0.39	1	0
0.41	1	0
0.43	1	0
0.45	1	0
0.47	1	0
0.49	1	0
0.51	1	0
0.53	1	0
0.55	1	0
0.57	1	0
0.59	1	0
0.61	1	0
0.63	1	0
0.65	1	0
0.67	1	0
0.69	1	0
0.71	1	0
0.73	1	0
0.75	1	0
0.77	1	0
0.79	1	0
0.81	1	0
0.83	1	0
0.85	1	0
0.87	1	0
0.89	1	0
0.91	1	0
0.93	1	0
0.95	1	0
0.97	1	0
0.99	1	0
1	1	0

0	0.99	0
0.01	0.99	3.13101
0.03	0.99	10.9542
0.05	0.99	21.6951
0.07	0.99	33.1199
0.09	0.99	43.0252
0.11	0.99	49.872
0.13	0.99	53.0373
0.15	0.99	52.7118
0.17	0.99	49.6262
0.19	0.99	44.7465
0.21	0.99	39.0165
0.23	0.99	33.1919
0.25	0.99	27.776
0.27	0.99	23.0377
0.29	0.99	19.0712
0.31	0.99	15.8628
0.33	0.99	13.3415
0.35	0.99	11.4141
0.37	0.99	9.98457
0.39	0.99	8.96491
0.41	0.99	8.27918
0.43	0.99	7.86405
0.45	0.99	7.6674
0.47	0.99	7.64627
0.49	0.99	7.76458
0.51	0.99	7.99135
0.53	0.99	8.29931
0.55	0.99	8.6641
0.57	0.99	9.06389
0.59	0.99	9.47946
0.61	0.99	9.89448
0.63	0.99	10.2959
0.65	0.99	10.6745
0.67	0.99	11.0252
0.69	0.99	11.3478
0.71	0.99	11.6472
0.73	0.99	11.9345
0.75	0.99	12.2288
0.77	0.99	12.56
0.79	0.99	12.9751
0.81	0.99	13.5492
0.83	0.99	14.4049
0.85	0.99	15.7445
0.87	0.99	17.8889
0.89	0.99	21.2824
0.91	0.99	26.284
0.93	0.99	32.2069
0.95	0.99	34.6991
0.97	0.99	24.0309
0.99	0.99	0
1	0.99	0

0	0.97	0
0.01	0.97	5.87568
0.03	0.97	19.8193
0.05	0.97	38.7325
0.07	0.97	59.089
0.09	0.97	77.7092
0.11	0.97	92.392
0.13	0.97	102.017
0.15	0.97	106.357
0.17	0.97	105.825
0.19	0.97	101.255
0.21	0.97	93.7219
0.23	0.97	84.3798
0.25	0.97	74.3098
0.27	0.97	64.3982
0.29	0.97	55.2685
0.31	0.97	47.2783
0.33	0.97	40.5665
0.35	0.97	35.1211
0.37	0.97	30.8424
0.39	0.97	27.5909
0.41	0.97	25.2179
0.43	0.97	23.5817
0.45	0.97	22.5552
0.47	0.97	22.0271
0.49	0.97	21.9011
0.51	0.97	22.0935
0.53	0.97	22.5313
0.55	0.97	23.1501
0.57	0.97	23.8933
0.59	0.97	24.7115
0.61	0.97	25.5629
0.63	0.97	26.4135
0.65	0.97	27.2376
0.67	0.97	28.0188
0.69	0.97	28.7503
0.71	0.97	29.4363
0.73	0.97	30.0929
0.75	0.97	30.7501
0.77	0.97	31.4559
0.79	0.97	32.2816
0.81	0.97	33.3312
0.83	0.97	34.753
0.85	0.97	36.7487
0.87	0.97	39.5589
0.89	0.97	43.3506
0.91	0.97	47.7885
0.93	0.97	50.7526
0.95	0.97	46.0693
0.97	0.97	26.0081
0.99	0.97	0
1	0.97	0

0	0.95	0
0.01	0.95	6.66742
0.03	0.95	22.8959
0.05	0.95	44.6417
0.07	0.95	67.6338
0.09	0.95	88.5622
0.11	0.95	105.495
0.13	0.95	117.624
0.15	0.95	124.848
0.17	0.95	127.457
0.19	0.95	125.96
0.21	0.95	121.02
0.23	0.95	113.42
0.25	0.95	104.029
0.27	0.95	93.7268
0.29	0.95	83.3157
0.31	0.95	73.4424
0.33	0.95	64.5523
0.35	0.95	56.8907
0.37	0.95	50.5376
0.39	0.95	45.4562
0.41	0.95	41.5413
0.43	0.95	38.6552
0.45	0.95	36.6514
0.47	0.95	35.3887
0.49	0.95	34.7365
0.51	0.95	34.5771
0.53	0.95	34.8059
0.55	0.95	35.3299
0.57	0.95	36.0673
0.59	0.95	36.9472
0.61	0.95	37.9089
0.63	0.95	38.9023
0.65	0.95	39.8887
0.67	0.95	40.8402
0.69	0.95	41.7412
0.71	0.95	42.5881
0.73	0.95	43.3901
0.75	0.95	44.1699
0.77	0.95	44.965
0.79	0.95	45.8288
0.81	0.95	46.8305
0.83	0.95	48.0515
0.85	0.95	49.5694
0.87	0.95	51.4076
0.89	0.95	53.3862
0.91	0.95	54.6812
0.93	0.95	52.7349
0.95	0.95	42.4104
0.97	0.95	20.7528
0.99	0.95	0
1	0.95	0

0	0.93	0
0.01	0.93	7.18981
0.03	0.93	24.6641
0.05	0.93	47.2798
0.07	0.93	70.1262
0.09	0.93	90.0597
0.11	0.93	105.747
0.13	0.93	117.023
0.15	0.93	124.248
0.17	0.93	127.912
0.19	0.93	128.46
0.21	0.93	126.274
0.23	0.93	121.735
0.25	0.93	115.276
0.27	0.93	107.419
0.29	0.93	98.7426
0.31	0.93	89.8338
0.33	0.93	81.2135
0.35	0.93	73.286
0.37	0.93	66.3149
0.39	0.93	60.4302
0.41	0.93	55.654
0.43	0.93	51.9336
0.45	0.93	49.1719
0.47	0.93	47.2501
0.49	0.93	46.0431
0.51	0.93	45.4288
0.53	0.93	45.2924
0.55	0.93	45.529
0.57	0.93	46.0445
0.59	0.93	46.7561
0.61	0.93	47.5926
0.63	0.93	48.4943
0.65	0.93	49.4135
0.67	0.93	50.3143
0.69	0.93	51.1724
0.71	0.93	51.975
0.73	0.93	52.7198
0.75	0.93	53.4145
0.77	0.93	54.0747
0.79	0.93	54.7212
0.81	0.93	55.3729
0.83	0.93	56.0345
0.85	0.93	56.67
0.87	0.93	57.1451
0.89	0.93	57.0811
0.91	0.93	55.4473
0.93	0.93	49.7634
0.95	0.93	36.4502
0.97	0.93	15.8354
0.99	0.93	0
1	0.93	0

0	0.91	0
0.01	0.91	7.86474
0.03	0.91	26.1396
0.05	0.91	48.389
0.07	0.91	69.3933
0.09	0.91	86.5065
0.11	0.91	99.1431
0.13	0.91	107.805
0.15	0.91	113.324
0.17	0.91	116.437
0.19	0.91	117.641
0.21	0.91	117.2
0.23	0.91	115.244
0.25	0.91	111.87
0.27	0.91	107.234
0.29	0.91	101.587
0.31	0.91	95.2683
0.33	0.91	88.6643
0.35	0.91	82.1531
0.37	0.91	76.0544
0.39	0.91	70.6009
0.41	0.91	65.9308
0.43	0.91	62.0979
0.45	0.91	59.0903
0.47	0.91	56.8517
0.49	0.91	55.2987
0.51	0.91	54.3349
0.53	0.91	53.8601
0.55	0.91	53.7769
0.57	0.91	53.9938
0.59	0.91	54.4285
0.61	0.91	55.0087
0.63	0.91	55.6729
0.65	0.91	56.3707
0.67	0.91	57.0626
0.69	0.91	57.7193
0.71	0.91	58.3208
0.73	0.91	58.8546
0.75	0.91	59.3132
0.77	0.91	59.6909
0.79	0.91	59.978
0.81	0.91	60.1516
0.83	0.91	60.1606
0.85	0.91	59.8994
0.87	0.91	59.1526
0.89	0.91	57.4524
0.91	0.91	53.7026
0.93	0.91	45.6844
0.95	0.91	31.1463
0.97	0.91	12.2392
0.99	0.91	0
1	0.91	0

0	0.89	0
0.01	0.89	8.50236
0.03	0.89	26.8417
0.05	0.89	47.4716
0.07	0.89	65.3719
0.09	0.89	78.6582
0.11	0.89	87.5057
0.13	0.89	92.9779
0.15	0.89	96.241
0.17	0.89	98.184
0.19	0.89	99.3206
0.21	0.89	99.8435
0.23	0.89	99.7366
0.25	0.89	98.8947
0.27	0.89	97.2236
0.29	0.89	94.7067
0.31	0.89	91.4329
0.33	0.89	87.5872
0.35	0.89	83.4161
0.37	0.89	79.1826
0.39	0.89	75.1256
0.41	0.89	71.4325
0.43	0.89	68.2277
0.45	0.89	65.5747
0.47	0.89	63.4852
0.49	0.89	61.9324
0.51	0.89	60.8638
0.53	0.89	60.2115
0.55	0.89	59.9016
0.57	0.89	59.8597
0.59	0.89	60.0154
0.61	0.89	60.3052
0.63	0.89	60.6741
0.65	0.89	61.0759
0.67	0.89	61.4735
0.69	0.89	61.8375
0.71	0.89	62.145
0.73	0.89	62.3771
0.75	0.89	62.5163
0.77	0.89	62.5413
0.79	0.89	62.4218
0.81	0.89	62.1088
0.83	0.89	61.5211
0.85	0.89	60.5212
0.87	0.89	58.8612
0.89	0.89	56.0338
0.91	0.89	50.9309
0.93	0.89	41.6305
0.95	0.89	26.8644
0.97	0.89	9.71194
0.99	0.89	0
1	0.89	0

0	0.87	0
0.01	0.87	8.84813
0.03	0.87	26.3141
0.05	0.87	44.3162
0.07	0.87	58.4494
0.09	0.87	67.6352
0.11	0.87	72.6806
0.13	0.87	75.0496
0.15	0.87	76.1096
0.17	0.87	76.8042
0.19	0.87	77.6134
0.21	0.87	78.6525
0.23	0.87	79.8066
0.25	0.87	80.8513
0.27	0.87	81.5476
0.29	0.87	81.709
0.31	0.87	81.2407
0.33	0.87	80.1504
0.35	0.87	78.5354
0.37	0.87	76.5527
0.39	0.87	74.3836
0.41	0.87	72.202
0.43	0.87	70.1519
0.45	0.87	68.3363
0.47	0.87	66.8152
0.49	0.87	65.6105
0.51	0.87	64.714
0.53	0.87	64.0961
0.55	0.87	63.7142
0.57	0.87	63.5197
0.59	0.87	63.463
0.61	0.87	63.4975
0.63	0.87	63.5819
0.65	0.87	63.6806
0.67	0.87	63.7644
0.69	0.87	63.8089
0.71	0.87	63.7934
0.73	0.87	63.6981
0.75	0.87	63.5008
0.77	0.87	63.1731
0.79	0.87	62.6748
0.81	0.87	61.9458
0.83	0.87	60.8951
0.85	0.87	59.3769
0.87	0.87	57.1317
0.89	0.87	53.6255
0.91	0.87	47.7539
0.93	0.87	37.8693
0.95	0.87	23.4067
0.97	0.87	7.89016
0.99	0.87	0
1	0.87	0

0	0.85	0
0.01	0.85	8.76875
0.03	0.85	24.574
0.05	0.85	39.4726
0.07	0.85	49.8437
0.09	0.85	55.2757
0.11	0.85	56.998
0.13	0.85	56.7054
0.15	0.85	55.8608
0.17	0.85	55.4113
0.19	0.85	55.7873
0.21	0.85	57.0346
0.23	0.85	58.9675
0.25	0.85	61.2926
0.27	0.85	63.6939
0.29	0.85	65.8907
0.31	0.85	67.6745
0.33	0.85	68.9273
0.35	0.85	69.622
0.37	0.85	69.8077
0.39	0.85	69.5847
0.41	0.85	69.0776
0.43	0.85	68.4105
0.45	0.85	67.6904
0.47	0.85	66.9977
0.49	0.85	66.384
0.51	0.85	65.874
0.53	0.85	65.4715
0.55	0.85	65.1651
0.57	0.85	64.9343
0.59	0.85	64.7547
0.61	0.85	64.6012
0.63	0.85	64.4508
0.65	0.85	64.2835
0.67	0.85	64.0821
0.69	0.85	63.8315
0.71	0.85	63.5172
0.73	0.85	63.1228
0.75	0.85	62.6277
0.77	0.85	62.003
0.79	0.85	61.2077
0.81	0.85	60.1823
0.83	0.85	58.8381
0.85	0.85	57.0318
0.87	0.85	54.4952
0.89	0.85	50.6642
0.91	0.85	44.4391
0.93	0.85	34.4118
0.95	0.85	20.5281
0.97	0.85	6.50573
0.99	0.85	0
1	0.85	0

0	0.83	0
0.01	0.83	8.2794
0.03	0.83	22.0014
0.05	0.83	33.8475
0.07	0.83	40.9439
0.09	0.83	43.3405
0.11	0.83	42.4819
0.13	0.83	40.1403
0.15	0.83	37.7916
0.17	0.83	36.3628
0.19	0.83	36.2466
0.21	0.83	37.4468
0.23	0.83	39.7407
0.25	0.83	42.8019
0.27	0.83	46.2805
0.29	0.83	49.8509
0.31	0.83	53.2427
0.33	0.83	56.2591
0.35	0.83	58.7843
0.37	0.83	60.7784
0.39	0.83	62.2633
0.41	0.83	63.3022
0.43	0.83	63.9792
0.45	0.83	64.3812
0.47	0.83	64.5859
0.49	0.83	64.6549
0.51	0.83	64.6317
0.53	0.83	64.5438
0.55	0.83	64.4055
0.57	0.83	64.2225
0.59	0.83	63.9951
0.61	0.83	63.7211
0.63	0.83	63.3977
0.65	0.83	63.0223
0.67	0.83	62.5921
0.69	0.83	62.1035
0.71	0.83	61.5509
0.73	0.83	60.9246
0.75	0.83	60.2089
0.77	0.83	59.3799
0.79	0.83	58.402
0.81	0.83	57.2232
0.83	0.83	55.763
0.85	0.83	53.8814
0.87	0.83	51.2952
0.89	0.83	47.4017
0.91	0.83	41.1055
0.93	0.83	31.2089
0.95	0.83	18.0427
0.97	0.83	5.38977
0.99	0.83	0
1	0.83	0

0	0.81	0
0.01	0.81	7.50519
0.03	0.81	19.0924
0.05	0.81	28.2817
0.07	0.81	32.8153
0.09	0.81	33.0211
0.11	0.81	30.3937
0.13	0.81	26.6607
0.15	0.81	23.245
0.17	0.81	21.0397
0.19	0.81	20.4201
0.21	0.81	21.382
0.23	0.81	23.6992
0.25	0.81	27.0438
0.27	0.81	31.0611
0.29	0.81	35.4115
0.31	0.81	39.7967
0.33	0.81	43.9765
0.35	0.81	47.778
0.37	0.81	51.097
0.39	0.81	53.8907
0.41	0.81	56.1649
0.43	0.81	57.9583
0.45	0.81	59.3269
0.47	0.81	60.3319
0.49	0.81	61.0316
0.51	0.81	61.4762
0.53	0.81	61.7075
0.55	0.81	61.7587
0.57	0.81	61.6569
0.59	0.81	61.4242
0.61	0.81	61.0796
0.63	0.81	60.6397
0.65	0.81	60.1184
0.67	0.81	59.5274
0.69	0.81	58.8747
0.71	0.81	58.1641
0.73	0.81	57.3937
0.75	0.81	56.5551
0.77	0.81	55.632
0.79	0.81	54.5978
0.81	0.81	53.4105
0.83	0.81	51.9985
0.85	0.81	50.2207
0.87	0.81	47.7687
0.89	0.81	43.9944
0.91	0.81	37.8106
0.93	0.81	28.2101
0.95	0.81	15.828
0.97	0.81	4.44311
0.99	0.81	0
1	0.81	0

0	0.79	0
0.01	0.79	6.61157
0.03	0.79	16.2723
0.05	0.79	23.3471
0.07	0.79	26.0527
0.09	0.79	24.8666
0.11	0.79	21.2238
0.13	0.79	16.7197
0.15	0.79	12.6721
0.17	0.79	9.92696
0.19	0.79	8.8577
0.21	0.79	9.47951
0.23	0.79	11.5908
0.25	0.79	14.8856
0.27	0.79	19.0239
0.29	0.79	23.672
0.31	0.79	28.5257
0.33	0.79	33.3256
0.35	0.79	37.8671
0.37	0.79	42.0044
0.39	0.79	45.6483
0.41	0.79	48.7588
0.43	0.79	51.3341
0.45	0.79	53.3987
0.47	0.79	54.9934
0.49	0.79	56.166
0.51	0.79	56.9668
0.53	0.79	57.4446
0.55	0.79	57.6454
0.57	0.79	57.6124
0.59	0.79	57.385
0.61	0.79	56.9996
0.63	0.79	56.4886
0.65	0.79	55.8801
0.67	0.79	55.1977
0.69	0.79	54.4592
0.71	0.79	53.6766
0.73	0.79	52.8558
0.75	0.79	51.9958
0.77	0.79	51.0886
0.79	0.79	50.1175
0.81	0.79	49.0507
0.83	0.79	47.8226
0.85	0.79	46.2833
0.87	0.79	44.0903
0.89	0.79	40.5484
0.91	0.79	34.5872
0.93	0.79	25.3794
0.95	0.79	13.8089
0.97	0.79	3.60989
0.99	0.79	0
1	0.79	0

0	0.77	0
0.01	0.77	5.74393
0.03	0.77	13.8167
0.05	0.77	19.3213
0.07	0.77	20.8352
0.09	0.77	18.9143
0.11	0.77	14.8793
0.13	0.77	10.1406
0.15	0.77	5.86952
0.17	0.77	2.8476
0.19	0.77	1.45024
0.21	0.77	1.7277
0.23	0.77	3.52031
0.25	0.77	6.55824
0.27	0.77	10.5287
0.29	0.77	15.1158
0.31	0.77	20.0234
0.33	0.77	24.9904
0.35	0.77	29.7999
0.37	0.77	34.2847
0.39	0.77	38.3275
0.41	0.77	41.8575
0.43	0.77	44.8431
0.45	0.77	47.2839
0.47	0.77	49.202
0.49	0.77	50.6348
0.51	0.77	51.6291
0.53	0.77	52.2367
0.55	0.77	52.5117
0.57	0.77	52.5078
0.59	0.77	52.2765
0.61	0.77	51.8663
0.63	0.77	51.3208
0.65	0.77	50.6779
0.67	0.77	49.9691
0.69	0.77	49.2194
0.71	0.77	48.4466
0.73	0.77	47.6624
0.75	0.77	46.8724
0.77	0.77	46.0766
0.79	0.77	45.2674
0.81	0.77	44.4212
0.83	0.77	43.4735
0.85	0.77	42.2583
0.87	0.77	40.393
0.89	0.77	37.1395
0.91	0.77	31.4579
0.93	0.77	22.6946
0.95	0.77	11.9412
0.97	0.77	2.85961
0.99	0.77	0
1	0.77	0

0	0.75	0
0.01	0.75	4.99775
0.03	0.75	11.8492
0.05	0.75	16.2482
0.07	0.75	17.0531
0.09	0.75	14.8742
0.11	0.75	10.909
0.13	0.75	6.36271
0.15	0.75	2.23072
0.17	0.75	-0.793962
0.19	0.75	-2.34359
0.21	0.75	-2.33149
0.23	0.75	-0.869419
0.25	0.75	1.81556
0.27	0.75	5.44411
0.29	0.75	9.72529
0.31	0.75	14.381
0.33	0.75	19.1609
0.35	0.75	23.8513
0.37	0.75	28.2808
0.39	0.75	32.3214
0.41	0.75	35.8871
0.43	0.75	38.9298
0.45	0.75	41.4334
0.47	0.75	43.4076
0.49	0.75	44.8818
0.51	0.75	45.8993
0.53	0.75	46.5127
0.55	0.75	46.7795
0.57	0.75	46.7592
0.59	0.75	46.5101
0.61	0.75	46.0867
0.63	0.75	45.5384
0.65	0.75	44.9079
0.67	0.75	44.2306
0.69	0.75	43.5345
0.71	0.75	42.8406
0.73	0.75	42.1643
0.75	0.75	41.5163
0.77	0.75	40.9034
0.79	0.75	40.3252
0.81	0.75	39.7633
0.83	0.75	39.1492
0.85	0.75	38.295
0.87	0.75	36.7766
0.89	0.75	33.8226
0.91	0.75	28.4397
0.93	0.75	20.1434
0.95	0.75	10.2
0.97	0.75	2.17594
0.99	0.75	0
1	0.75	0

0	0.73	0
0.01	0.73	4.41586
0.03	0.73	10.3768
0.05	0.73	14.0209
0.07	0.73	14.4382
0.09	0.73	12.2983
0.11	0.73	8.69906
0.13	0.73	4.64947
0.15	0.73	0.952773
0.17	0.73	-1.81365
0.19	0.73	-3.3123
0.21	0.73	-3.4323
0.23	0.73	-2.24156
0.25	0.73	0.0760473
0.27	0.73	3.27749
0.29	0.73	7.10174
0.31	0.73	11.2958
0.33	0.73	15.6303
0.35	0.73	19.9074
0.37	0.73	23.9658
0.39	0.73	27.6819
0.41	0.73	30.9691
0.43	0.73	33.7752
0.45	0.73	36.0784
0.47	0.73	37.883
0.49	0.73	39.2138
0.51	0.73	40.1114
0.53	0.73	40.6276
0.55	0.73	40.8201
0.57	0.73	40.7494
0.59	0.73	40.4749
0.61	0.73	40.052
0.63	0.73	39.5304
0.65	0.73	38.9528
0.67	0.73	38.3542
0.69	0.73	37.7622
0.71	0.73	37.1985
0.73	0.73	36.68
0.75	0.73	36.221
0.77	0.73	35.8332
0.79	0.73	35.5218
0.81	0.73	35.2702
0.83	0.73	35.0014
0.85	0.73	34.5024
0.87	0.73	33.3105
0.89	0.73	30.6351
0.91	0.73	25.5447
0.93	0.73	17.7197
0.95	0.73	8.57117
0.97	0.73	1.55002
0.99	0.73	0
1	0.73	0

0	0.71	0
0.01	0.71	4.00014
0.03	0.71	9.3331
0.05	0.71	12.4574
0.07	0.71	12.6669
0.09	0.71	10.7087
0.11	0.71	7.62041
0.13	0.71	4.24534
0.15	0.71	1.19464
0.17	0.71	-1.09439
0.19	0.71	-2.34467
0.21	0.71	-2.44402
0.23	0.71	-1.42867
0.25	0.71	0.556892
0.27	0.71	3.30713
0.29	0.71	6.59512
0.31	0.71	10.1995
0.33	0.71	13.9198
0.35	0.71	17.5843
0.37	0.71	21.0531
0.39	0.71	24.2188
0.41	0.71	27.0056
0.43	0.71	29.3673
0.45	0.71	31.2847
0.47	0.71	32.7621
0.49	0.71	33.8231
0.51	0.71	34.5063
0.53	0.71	34.8607
0.55	0.71	34.9416
0.57	0.71	34.8061
0.59	0.71	34.5101
0.61	0.71	34.1053
0.63	0.71	33.6374
0.65	0.71	33.1449
0.67	0.71	32.6589
0.69	0.71	32.2043
0.71	0.71	31.8011
0.73	0.71	31.4664
0.75	0.71	31.2165
0.77	0.71	31.0671
0.79	0.71	31.0266
0.81	0.71	31.0773
0.83	0.71	31.131
0.85	0.71	30.9488
0.87	0.71	30.0361
0.89	0.71	27.5982
0.91	0.71	22.7798
0.93	0.71	15.4193
0.95	0.71	7.04603
0.97	0.71	0.976575
0.99	0.71	0
1	0.71	0

0	0.69	0
0.01	0.69	3.72689
0.03	0.69	8.61693
0.05	0.69	11.3565
0.07	0.69	11.4292
0.09	0.69	9.67931
0.11	0.69	7.12498
0.13	0.69	4.4847
0.15	0.69	2.19335
0.17	0.69	0.533323
0.19	0.69	-0.308804
0.21	0.69	-0.247648
0.23	0.69	0.694574
0.25	0.69	2.40584
0.27	0.69	4.7185
0.29	0.69	7.44399
0.31	0.69	10.3984
0.33	0.69	13.4172
0.35	0.69	16.3618
0.37	0.69	19.1215
0.39	0.69	21.6127
0.41	0.69	23.7777
0.43	0.69	25.5832
0.45	0.69	27.0175
0.47	0.69	28.0884
0.49	0.69	28.8198
0.51	0.69	29.2482
0.53	0.69	29.4188
0.55	0.69	29.3812
0.57	0.69	29.1865
0.59	0.69	28.8834
0.61	0.69	28.5166
0.63	0.69	28.1242
0.65	0.69	27.7382
0.67	0.69	27.3838
0.69	0.69	27.0811
0.71	0.69	26.8473
0.73	0.69	26.699
0.75	0.69	26.654
0.77	0.69	26.7306
0.79	0.69	26.9393
0.81	0.69	27.259
0.83	0.69	27.5884
0.85	0.69	27.6648
0.87	0.69	26.9698
0.89	0.69	24.72
0.91	0.69	20.1465
0.93	0.69	13.2385
0.95	0.69	5.61834
0.97	0.69	0.451796
0.99	0.69	0
1	0.69	0

0	0.67	0
0.01	0.67	3.56053
0.03	0.67	8.12035
0.05	0.67	10.5333
0.07	0.67	10.4675
0.09	0.67	8.87843
0.11	0.67	6.796
0.13	0.67	4.85483
0.15	0.67	3.34041
0.17	0.67	2.37897
0.19	0.67	2.04438
0.21	0.67	2.36848
0.23	0.67	3.32357
0.25	0.67	4.8212
0.27	0.67	6.731
0.29	0.67	8.90651
0.31	0.67	11.2064
0.33	0.67	13.507
0.35	0.67	15.7073
0.37	0.67	17.7294
0.39	0.67	19.5169
0.41	0.67	21.0336
0.43	0.67	22.2609
0.45	0.67	23.1969
0.47	0.67	23.8541
0.49	0.67	24.2567
0.51	0.67	24.4385
0.53	0.67	24.4392
0.55	0.67	24.3014
0.57	0.67	24.0676
0.59	0.67	23.7775
0.61	0.67	23.4664
0.63	0.67	23.1637
0.65	0.67	22.893
0.67	0.67	22.673
0.69	0.67	22.5185
0.71	0.67	22.4438
0.73	0.67	22.4648
0.75	0.67	22.6008
0.77	0.67	22.8726
0.79	0.67	23.2915
0.81	0.67	23.832
0.83	0.67	24.3793
0.85	0.67	24.649
0.87	0.67	24.1082
0.89	0.67	21.9971
0.91	0.67	17.6417
0.93	0.67	11.1723
0.95	0.67	4.28242
0.97	0.67	-0.0277332
0.99	0.67	0
1	0.67	0

0	0.65	0
0.01	0.65	3.46357
0.03	0.65	7.74639
0.05	0.65	9.8383
0.07	0.65	9.5915
0.09	0.65	8.07868
0.11	0.65	6.35961
0.13	0.65	5.01678
0.15	0.65	4.21714
0.17	0.65	3.94262
0.19	0.65	4.145
0.21	0.65	4.78334
0.23	0.65	5.80734
0.25	0.65	7.14275
0.27	0.65	8.69451
0.29	0.65	10.3605
0.31	0.65	12.0454
0.33	0.65	13.6689
0.35	0.65	15.1686
0.37	0.65	16.4994
0.39	0.65	17.6319
0.41	0.65	18.5498
0.43	0.65	19.2491
0.45	0.65	19.7365
0.47	0.65	20.0281
0.49	0.65	20.1479
0.51	0.65	20.1258
0.53	0.65	19.995
0.55	0.65	19.7899
0.57	0.65	19.5436
0.59	0.65	19.2859
0.61	0.65	19.0422
0.63	0.65	18.8329
0.65	0.65	18.6733
0.67	0.65	18.5754
0.69	0.65	18.5496
0.71	0.65	18.608
0.73	0.65	18.7666
0.75	0.65	19.0472
0.77	0.65	19.4732
0.79	0.65	20.0565
0.81	0.65	20.7664
0.83	0.65	21.4741
0.85	0.65	21.8766
0.87	0.65	21.4332
0.89	0.65	19.4185
0.91	0.65	15.2581
0.93	0.65	9.21469
0.95	0.65	3.03251
0.97	0.65	-0.465443
0.99	0.65	0
1	0.65	0

0	0.63	0
0.01	0.63	3.40266
0.03	0.63	7.41783
0.05	0.63	9.16286
0.07	0.63	8.6763
0.09	0.63	7.14724
0.11	0.63	5.66945
0.13	0.63	4.79204
0.15	0.63	4.59135
0.17	0.63	4.92557
0.19	0.63	5.62872
0.21	0.63	6.57912
0.23	0.63	7.69287
0.25	0.63	8.90207
0.27	0.63	10.1438
0.29	0.63	11.3601
0.31	0.63	12.5021
0.33	0.63	13.5321
0.35	0.63	14.4245
0.37	0.63	15.1641
0.39	0.63	15.744
0.41	0.63	16.165
0.43	0.63	16.4339
0.45	0.63	16.5634
0.47	0.63	16.5714
0.49	0.63	16.4801
0.51	0.63	16.3145
0.53	0.63	16.1011
0.55	0.63	15.8655
0.57	0.63	15.6316
0.59	0.63	15.4198
0.61	0.63	15.2461
0.63	0.63	15.1223
0.65	0.63	15.0568
0.67	0.63	15.0561
0.69	0.63	15.1276
0.71	0.63	15.2826
0.73	0.63	15.5392
0.75	0.63	15.9229
0.77	0.63	16.4608
0.79	0.63	17.1653
0.81	0.63	17.9997
0.83	0.63	18.8206
0.85	0.63	19.3077
0.87	0.63	18.9179
0.89	0.63	16.968
0.91	0.63	12.9862
0.93	0.63	7.35829
0.95	0.63	1.86256
0.97	0.63	-0.864825
0.99	0.63	0
1	0.63	0

0	0.61	0
0.01	0.61	3.35153
0.03	0.61	7.07954
0.05	0.61	8.43708
0.07	0.61	7.65248
0.09	0.61	6.02506
0.11	0.61	4.67624
0.13	0.61	4.12742
0.15	0.61	4.3847
0.17	0.61	5.20629
0.19	0.61	6.32359
0.21	0.61	7.53821
0.23	0.61	8.72982
0.25	0.61	9.83235
0.27	0.61	10.8112
0.29	0.61	11.6497
0.31	0.61	12.3419
0.33	0.61	12.8894
0.35	0.61	13.2981
0.37	0.61	13.5768
0.39	0.61	13.736
0.41	0.61	13.7878
0.43	0.61	13.7457
0.45	0.61	13.6253
0.47	0.61	13.4438
0.49	0.61	13.2202
0.51	0.61	12.974
0.53	0.61	12.7247
0.55	0.61	12.4902
0.57	0.61	12.2857
0.59	0.61	12.1233
0.61	0.61	12.0111
0.63	0.61	11.9541
0.65	0.61	11.9551
0.67	0.61	12.0174
0.69	0.61	12.1471
0.71	0.61	12.3575
0.73	0.61	12.6708
0.75	0.61	13.1183
0.77	0.61	13.7321
0.79	0.61	14.5252
0.81	0.61	15.453
0.83	0.61	16.3561
0.85	0.61	16.8963
0.87	0.61	16.5319
0.89	0.61	14.6273
0.91	0.61	10.8149
0.93	0.61	5.59536
0.95	0.61	0.766517
0.97	0.61	-1.22928
0.99	0.61	0
1	0.61	0

0	0.59	0
0.01	0.59	3.29166
0.03	0.59	6.6966
0.05	0.59	7.62263
0.07	0.59	6.49144
0.09	0.59	4.70303
0.11	0.59	3.39337
0.13	0.59	3.05168
0.15	0.59	3.62527
0.17	0.59	4.79469
0.19	0.59	6.21028
0.21	0.59	7.61065
0.23	0.59	8.84433
0.25	0.59	9.84654
0.27	0.59	10.6072
0.29	0.59	11.1454
0.31	0.59	11.4919
0.33	0.59	11.68
0.35	0.59	11.74
0.37	0.59	11.6976
0.39	0.59	11.5742
0.41	0.59	11.3878
0.43	0.59	11.1543
0.45	0.59	10.8889
0.47	0.59	10.6062
0.49	0.59	10.321
0.51	0.59	10.0473
0.53	0.59	9.79811
0.55	0.59	9.58442
0.57	0.59	9.41454
0.59	0.59	9.29366
0.61	0.59	9.22403
0.63	0.59	9.20571
0.65	0.59	9.23838
0.67	0.59	9.32407
0.69	0.59	9.47073
0.71	0.59	9.69594
0.73	0.59	10.0291
0.75	0.59	10.5094
0.77	0.59	11.175
0.79	0.59	12.0387
0.81	0.59	13.0461
0.83	0.59	14.0183
0.85	0.59	14.5976
0.87	0.59	14.2454
0.89	0.59	12.3782
0.91	0.59	8.73298
0.93	0.59	3.91826
0.95	0.59	-0.261311
0.97	0.59	-1.56191
0.99	0.59	0
1	0.59	0

0	0.57	0
0.01	0.57	3.21144
0.03	0.57	6.25026
0.05	0.57	6.70395
0.07	0.57	5.19088
0.09	0.57	3.20037
0.11	0.57	1.86649
0.13	0.57	1.63543
0.15	0.57	2.39974
0.17	0.57	3.78063
0.19	0.57	5.37111
0.21	0.57	6.86642
0.23	0.57	8.09519
0.25	0.57	8.99669
0.27	0.57	9.58186
0.29	0.57	9.89794
0.31	0.57	10.0036
0.33	0.57	9.95428
0.35	0.57	9.79613
0.37	0.57	9.56435
0.39	0.57	9.28493
0.41	0.57	8.97703
0.43	0.57	8.65545
0.45	0.57	8.33252
0.47	0.57	8.0192
0.49	0.57	7.72551
0.51	0.57	7.46043
0.53	0.57	7.23143
0.55	0.57	7.04399
0.57	0.57	6.90112
0.59	0.57	6.80328
0.61	0.57	6.74879
0.63	0.57	6.73512
0.65	0.57	6.76114
0.67	0.57	6.83043
0.69	0.57	6.95539
0.71	0.57	7.16102
0.73	0.57	7.48645
0.75	0.57	7.98077
0.77	0.57	8.68869
0.79	0.57	9.62138
0.81	0.57	10.7108
0.83	0.57	11.7544
0.85	0.57	12.373
0.87	0.57	12.0325
0.89	0.57	10.2043
0.91	0.57	6.73062
0.93	0.57	2.32029
0.95	0.57	-1.22575
0.97	0.57	-1.86527
0.99	0.57	0
1	0.57	0

0	0.55	0
0.01	0.55	3.1047
0.03	0.55	5.73313
0.05	0.55	5.67987
0.07	0.55	3.76264
0.09	0.55	1.54807
0.11	0.55	0.150984
0.13	0.55	-0.038939
0.15	0.55	0.815226
0.17	0.55	2.28952
0.19	0.55	3.94217
0.21	0.55	5.44664
0.23	0.55	6.62551
0.25	0.55	7.42644
0.27	0.55	7.8777
0.29	0.55	8.04637
0.31	0.55	8.00842
0.33	0.55	7.83174
0.35	0.55	7.56939
0.37	0.55	7.25926
0.39	0.55	6.9268
0.41	0.55	6.5888
0.43	0.55	6.25658
0.45	0.55	5.93847
0.47	0.55	5.64116
0.49	0.55	5.37029
0.51	0.55	5.13048
0.53	0.55	4.92498
0.55	0.55	4.75535
0.57	0.55	4.62115
0.59	0.55	4.52007
0.61	0.55	4.44871
0.63	0.55	4.40423
0.65	0.55	4.3871
0.67	0.55	4.40509
0.69	0.55	4.47768
0.71	0.55	4.63992
0.73	0.55	4.94278
0.75	0.55	5.4464
0.77	0.55	6.2014
0.79	0.55	7.21463
0.81	0.55	8.40033
0.83	0.55	9.52798
0.85	0.55	10.195
0.87	0.55	9.87345
0.89	0.55	8.09312
0.91	0.55	4.79997
0.93	0.55	0.796355
0.95	0.55	-2.13033
0.97	0.55	-2.14118
0.99	0.55	0
1	0.55	0

0	0.53	0
0.01	0.53	2.96907
0.03	0.53	5.14485
0.05	0.53	4.55677
0.07	0.53	2.22381
0.09	0.53	-0.221948
0.11	0.53	-1.70164
0.13	0.53	-1.89553
0.15	0.53	-1.0251
0.17	0.53	0.451205
0.19	0.53	2.07656
0.21	0.53	3.52256
0.23	0.53	4.61892
0.25	0.53	5.32552
0.27	0.53	5.68394
0.29	0.53	5.77241
0.31	0.53	5.6741
0.33	0.53	5.45993
0.35	0.53	5.18251
0.37	0.53	4.87692
0.39	0.53	4.5646
0.41	0.53	4.25776
0.43	0.53	3.96323
0.45	0.53	3.68502
0.47	0.53	3.42584
0.49	0.53	3.18772
0.51	0.53	2.97202
0.53	0.53	2.77923
0.55	0.53	2.60862
0.57	0.53	2.45815
0.59	0.53	2.32473
0.61	0.53	2.20529
0.63	0.53	2.09884
0.65	0.53	2.00972
0.67	0.53	1.95207
0.69	0.53	1.95461
0.71	0.53	2.06409
0.73	0.53	2.34419
0.75	0.53	2.86571
0.77	0.53	3.68318
0.79	0.53	4.79564
0.81	0.53	6.09559
0.83	0.53	7.32186
0.85	0.53	8.04855
0.87	0.53	7.75663
0.89	0.53	6.03661
0.91	0.53	2.93638
0.93	0.53	-0.656292
0.95	0.53	-2.97689
0.97	0.53	-2.39061
0.99	0.53	0
1	0.53	0

0	0.51	0
0.01	0.51	2.80442
0.03	0.51	4.48857
0.05	0.51	3.34363
0.07	0.51	0.591211
0.09	0.51	-2.08268
0.11	0.51	-3.65016
0.13	0.51	-3.87311
0.15	0.51	-3.03411
0.17	0.51	-1.61759
0.19	0.51	-0.079628
0.21	0.51	1.26538
0.23	0.51	2.26422
0.25	0.51	2.89089
0.27	0.51	3.19574
0.29	0.51	3.26013
0.31	0.51	3.1658
0.33	0.51	2.97927
0.35	0.51	2.74726
0.37	0.51	2.49856
0.39	0.51	2.24865
0.41	0.51	2.00447
0.43	0.51	1.76831
0.45	0.51	1.54038
0.47	0.51	1.3203
0.49	0.51	1.1076
0.51	0.51	0.901767
0.53	0.51	0.702027
0.55	0.51	0.507048
0.57	0.51	0.314926
0.59	0.51	0.123646
0.61	0.51	-0.0676431
0.63	0.51	-0.256231
0.65	0.51	-0.432147
0.67	0.51	-0.573391
0.69	0.51	-0.641087
0.71	0.51	-0.576704
0.73	0.51	-0.304914
0.75	0.51	0.253299
0.77	0.51	1.15294
0.79	0.51	2.38168
0.81	0.51	3.80795
0.83	0.51	5.14029
0.85	0.51	5.93267
0.87	0.51	5.67919
0.89	0.51	4.03273
0.91	0.51	1.13914
0.93	0.51	-2.03758
0.95	0.51	-3.76536
0.97	0.51	-2.61368
0.99	0.51	0
1	0.51	0

0	0.49	0
0.01	0.49	2.61165
0.03	0.49	3.76843
0.05	0.49	2.04899
0.07	0.49	-1.12164
0.09	0.49	-4.01432
0.11	0.49	-5.66524
0.13	0.49	-5.92703
0.15	0.49	-5.14465
0.17	0.49	-3.82157
0.19	0.49	-2.4016
0.21	0.49	-1.17454
0.23	0.49	-0.271116
0.25	0.49	0.296358
0.27	0.49	0.582206
0.29	0.49	0.664343
0.31	0.49	0.616809
0.33	0.49	0.496839
0.35	0.49	0.342124
0.37	0.49	0.173637
0.39	0.49	0.000494474
0.41	0.49	-0.17529
0.43	0.49	-0.355129
0.45	0.49	-0.541477
0.47	0.49	-0.736561
0.49	0.49	-0.941925
0.51	0.49	-1.15846
0.53	0.49	-1.38664
0.55	0.49	-1.62679
0.57	0.49	-1.87901
0.59	0.49	-2.14263
0.61	0.49	-2.41474
0.63	0.49	-2.68758
0.65	0.49	-2.94461
0.67	0.49	-3.15575
0.69	0.49	-3.27277
0.71	0.49	-3.22757
0.73	0.49	-2.93684
0.75	0.49	-2.31799
0.77	0.49	-1.3201
0.79	0.49	0.0304812
0.81	0.49	1.57907
0.83	0.49	3.00888
0.85	0.49	3.86092
0.87	0.49	3.64809
0.89	0.49	2.08598
0.91	0.49	-0.587875
0.93	0.49	-3.34433
0.95	0.49	-4.49378
0.97	0.49	-2.80973
0.99	0.49	0
1	0.49	0

0	0.47	0
0.01	0.47	2.39185
0.03	0.47	2.988
0.05	0.47	0.679214
0.07	0.47	-2.90574
0.09	0.47	-6.00465
0.11	0.47	-7.72893
0.13	0.47	-8.02836
0.15	0.47	-7.30994
0.17	0.47	-6.09058
0.19	0.47	-4.79449
0.21	0.47	-3.68179
0.23	0.47	-2.85957
0.25	0.47	-2.32893
0.27	0.47	-2.03596
0.29	0.47	-1.91077
0.31	0.47	-1.89071
0.33	0.47	-1.93007
0.35	0.47	-2.00113
0.37	0.47	-2.09064
0.39	0.47	-2.19507
0.41	0.47	-2.31613
0.43	0.47	-2.45752
0.45	0.47	-2.62285
0.47	0.47	-2.81461
0.49	0.47	-3.03383
0.51	0.47	-3.28018
0.53	0.47	-3.55226
0.55	0.47	-3.84785
0.57	0.47	-4.16384
0.59	0.47	-4.49557
0.61	0.47	-4.83536
0.63	0.47	-5.16988
0.65	0.47	-5.4763
0.67	0.47	-5.7179
0.69	0.47	-5.84024
0.71	0.47	-5.77056
0.73	0.47	-5.42402
0.75	0.47	-4.72126
0.77	0.47	-3.62048
0.79	0.47	-2.16276
0.81	0.47	-0.520589
0.83	0.47	0.97446
0.85	0.47	1.86208
0.87	0.47	1.68101
0.89	0.47	0.208304
0.91	0.47	-2.23588
0.93	0.47	-4.57028
0.95	0.47	-5.15862
0.97	0.47	-2.97768
0.99	0.47	0
1	0.47	0

0	0.45	0
0.01	0.45	2.14573
0.03	0.45	2.14942
0.05	0.45	-0.762264
0.07	0.45	-4.75682
0.09	0.45	-8.0486
0.11	0.45	-9.83357
0.13	0.45	-10.1627
0.15	0.45	-9.50343
0.17	0.45	-8.38175
0.19	0.45	-7.19897
0.21	0.45	-6.18496
0.23	0.45	-5.42527
0.25	0.45	-4.91328
0.27	0.45	-4.59892
0.29	0.45	-4.42278
0.31	0.45	-4.3348
0.33	0.45	-4.30086
0.35	0.45	-4.30243
0.37	0.45	-4.33267
0.39	0.45	-4.392
0.41	0.45	-4.48411
0.43	0.45	-4.61319
0.45	0.45	-4.7822
0.47	0.45	-4.99209
0.49	0.45	-5.24162
0.51	0.45	-5.52762
0.53	0.45	-5.84528
0.55	0.45	-6.18848
0.57	0.45	-6.54978
0.59	0.45	-6.91983
0.61	0.45	-7.28597
0.63	0.45	-7.62987
0.65	0.45	-7.92427
0.67	0.45	-8.12934
0.69	0.45	-8.19
0.71	0.45	-8.03648
0.73	0.45	-7.59141
0.75	0.45	-6.78704
0.77	0.45	-5.59557
0.79	0.45	-4.07113
0.81	0.45	-2.39407
0.83	0.45	-0.894723
0.85	0.45	-0.0186218
0.87	0.45	-0.192527
0.89	0.45	-1.58045
0.91	0.45	-3.79133
0.93	0.45	-5.70688
0.95	0.45	-5.75568
0.97	0.45	-3.11659
0.99	0.45	0
1	0.45	0

0	0.43	0
0.01	0.43	1.87328
0.03	0.43	1.25293
0.05	0.43	-2.27505
0.07	0.43	-6.6751
0.09	0.43	-10.1475
0.11	0.43	-11.9809
0.13	0.43	-12.3296
0.15	0.43	-11.719
0.17	0.43	-10.6813
0.19	0.43	-9.59457
0.21	0.43	-8.6611
0.23	0.43	-7.94876
0.25	0.43	-7.44666
0.27	0.43	-7.11062
0.29	0.43	-6.8923
0.31	0.43	-6.75347
0.33	0.43	-6.67012
0.35	0.43	-6.63092
0.37	0.43	-6.63338
0.39	0.43	-6.67973
0.41	0.43	-6.77354
0.43	0.43	-6.91742
0.45	0.43	-7.11165
0.47	0.43	-7.35371
0.49	0.43	-7.63829
0.51	0.43	-7.95769
0.53	0.43	-8.30229
0.55	0.43	-8.66106
0.57	0.43	-9.02166
0.59	0.43	-9.37005
0.61	0.43	-9.6895
0.63	0.43	-9.95874
0.65	0.43	-10.1496
0.67	0.43	-10.2248
0.69	0.43	-10.1364
0.71	0.43	-9.82726
0.73	0.43	-9.23822
0.75	0.43	-8.32227
0.77	0.43	-7.07002
0.79	0.43	-5.54488
0.81	0.43	-3.92182
0.83	0.43	-2.50955
0.85	0.43	-1.71873
0.87	0.43	-1.93058
0.89	0.43	-3.25287
0.91	0.43	-5.23717
0.93	0.43	-6.74493
0.95	0.43	-6.28166
0.97	0.43	-3.22649
0.99	0.43	0
1	0.43	0

0	0.41	0
0.01	0.41	1.57366
0.03	0.41	0.296932
0.05	0.41	-3.86159
0.07	0.41	-8.66474
0.09	0.41	-12.3085
0.11	0.41	-14.1813
0.13	0.41	-14.542
0.15	0.41	-13.9709
0.17	0.41	-13.0047
0.19	0.41	-11.9999
0.21	0.41	-11.1351
0.23	0.41	-10.4649
0.25	0.41	-9.97673
0.27	0.41	-9.63313
0.29	0.41	-9.39585
0.31	0.41	-9.23652
0.33	0.41	-9.13878
0.35	0.41	-9.09598
0.37	0.41	-9.10746
0.39	0.41	-9.1749
0.41	0.41	-9.29944
0.43	0.41	-9.4799
0.45	0.41	-9.71177
0.47	0.41	-9.98702
0.49	0.41	-10.2944
0.51	0.41	-10.6202
0.53	0.41	-10.9489
0.55	0.41	-11.2639
0.57	0.41	-11.5481
0.59	0.41	-11.7839
0.61	0.41	-11.9526
0.63	0.41	-12.0336
0.65	0.41	-12.0032
0.67	0.41	-11.8336
0.69	0.41	-11.4932
0.71	0.41	-10.9484
0.73	0.41	-10.169
0.75	0.41	-9.13763
0.77	0.41	-7.8673
0.79	0.41	-6.42642
0.81	0.41	-4.97037
0.83	0.41	-3.76422
0.85	0.41	-3.16057
0.87	0.41	-3.48052
0.89	0.41	-4.77637
0.91	0.41	-6.55584
0.93	0.41	-7.67774
0.95	0.41	-6.73669
0.97	0.41	-3.30968
0.99	0.41	0
1	0.41	0

0	0.39	0
0.01	0.39	1.24515
0.03	0.39	-0.721947
0.05	0.39	-5.52672
0.07	0.39	-10.7331
0.09	0.39	-14.5434
0.11	0.39	-16.4532
0.13	0.39	-16.8258
0.15	0.39	-16.2931
0.17	0.39	-15.395
0.19	0.39	-14.4688
0.21	0.39	-13.6735
0.23	0.39	-13.0539
0.25	0.39	-12.5977
0.27	0.39	-12.2735
0.29	0.39	-12.0515
0.31	0.39	-11.9105
0.33	0.39	-11.8391
0.35	0.39	-11.8325
0.37	0.39	-11.8893
0.39	0.39	-12.0083
0.41	0.39	-12.1858
0.43	0.39	-12.4147
0.45	0.39	-12.6834
0.47	0.39	-12.9766
0.49	0.39	-13.2754
0.51	0.39	-13.5586
0.53	0.39	-13.8042
0.55	0.39	-13.9901
0.57	0.39	-14.0955
0.59	0.39	-14.1014
0.61	0.39	-13.9904
0.63	0.39	-13.7477
0.65	0.39	-13.3603
0.67	0.39	-12.8182
0.69	0.39	-12.1151
0.71	0.39	-11.2508
0.73	0.39	-10.2337
0.75	0.39	-9.08409
0.77	0.39	-7.84106
0.79	0.39	-6.57518
0.81	0.39	-5.41069
0.83	0.39	-4.54879
0.85	0.39	-4.25971
0.87	0.39	-4.78561
0.89	0.39	-6.11907
0.91	0.39	-7.73494
0.93	0.39	-8.5061
0.95	0.39	-7.12793
0.97	0.39	-3.37222
0.99	0.39	0
1	0.39	0

0	0.37	0
0.01	0.37	0.885282
0.03	0.37	-1.80847
0.05	0.37	-7.27709
0.07	0.37	-12.89
0.09	0.37	-16.868
0.11	0.37	-18.8213
0.13	0.37	-19.2173
0.15	0.37	-18.7356
0.17	0.37	-17.9173
0.19	0.37	-17.0819
0.21	0.37	-16.3727
0.23	0.37	-15.8268
0.25	0.37	-15.4329
0.27	0.37	-15.1648
0.29	0.37	-14.9988
0.31	0.37	-14.9184
0.33	0.37	-14.9143
0.35	0.37	-14.9811
0.37	0.37	-15.1143
0.39	0.37	-15.3073
0.41	0.37	-15.5497
0.43	0.37	-15.8262
0.45	0.37	-16.1166
0.47	0.37	-16.3962
0.49	0.37	-16.6373
0.51	0.37	-16.8105
0.53	0.37	-16.887
0.55	0.37	-16.8401
0.57	0.37	-16.6469
0.59	0.37	-16.29
0.61	0.37	-15.7581
0.63	0.37	-15.0475
0.65	0.37	-14.1628
0.67	0.37	-13.1193
0.69	0.37	-11.944
0.71	0.37	-10.6779
0.73	0.37	-9.37471
0.75	0.37	-8.09824
0.77	0.37	-6.91748
0.79	0.37	-5.90562
0.81	0.37	-5.15017
0.83	0.37	-4.77431
0.85	0.37	-4.94378
0.87	0.37	-5.79896
0.89	0.37	-7.26093
0.91	0.37	-8.77623
0.93	0.37	-9.24522
0.95	0.37	-7.47395
0.97	0.37	-3.42566
0.99	0.37	0
1	0.37	0

0	0.35	0
0.01	0.35	0.490968
0.03	0.35	-2.96842
0.05	0.35	-9.12049
0.07	0.35	-15.1465
0.09	0.35	-19.3002
0.11	0.35	-21.3148
0.13	0.35	-21.7603
0.15	0.35	-21.3588
0.17	0.35	-20.6493
0.19	0.35	-19.9342
0.21	0.35	-19.3424
0.23	0.35	-18.9054
0.25	0.35	-18.6127
0.27	0.35	-18.4422
0.29	0.35	-18.3743
0.31	0.35	-18.3949
0.33	0.35	-18.4944
0.35	0.35	-18.6647
0.37	0.35	-18.8961
0.39	0.35	-19.175
0.41	0.35	-19.4823
0.43	0.35	-19.7932
0.45	0.35	-20.0773
0.47	0.35	-20.2995
0.49	0.35	-20.4225
0.51	0.35	-20.4087
0.53	0.35	-20.2227
0.55	0.35	-19.8345
0.57	0.35	-19.2217
0.59	0.35	-18.3717
0.61	0.35	-17.2839
0.63	0.35	-15.9709
0.65	0.35	-14.4613
0.67	0.35	-12.8014
0.69	0.35	-11.057
0.71	0.35	-9.31433
0.73	0.35	-7.676
0.75	0.35	-6.2522
0.77	0.35	-5.14565
0.79	0.35	-4.43655
0.81	0.35	-4.17835
0.83	0.35	-4.41202
0.85	0.35	-5.18327
0.87	0.35	-6.50651
0.89	0.35	-8.21061
0.91	0.35	-9.70806
0.93	0.35	-9.93329
0.95	0.35	-7.8096
0.97	0.35	-3.48854
0.99	0.35	0
1	0.35	0

0	0.33	0
0.01	0.33	0.0587062
0.03	0.33	-4.20818
0.05	0.33	-11.0652
0.07	0.33	-17.5142
0.09	0.33	-21.8588
0.11	0.33	-23.9643
0.13	0.33	-24.5007
0.15	0.33	-24.2252
0.17	0.33	-23.6696
0.19	0.33	-23.1181
0.21	0.33	-22.686
0.23	0.33	-22.3998
0.25	0.33	-22.2499
0.27	0.33	-22.2174
0.29	0.33	-22.2852
0.31	0.33	-22.4399
0.33	0.33	-22.67
0.35	0.33	-22.9631
0.37	0.33	-23.3028
0.39	0.33	-23.6675
0.41	0.33	-24.0286
0.43	0.33	-24.3508
0.45	0.33	-24.5929
0.47	0.33	-24.7097
0.49	0.33	-24.6541
0.51	0.33	-24.3806
0.53	0.33	-23.8488
0.55	0.33	-23.0267
0.57	0.33	-21.8944
0.59	0.33	-20.4472
0.61	0.33	-18.6982
0.63	0.33	-16.681
0.65	0.33	-14.4515
0.67	0.33	-12.0904
0.69	0.33	-9.70446
0.71	0.33	-7.42554
0.73	0.33	-5.4047
0.75	0.33	-3.7985
0.77	0.33	-2.74638
0.79	0.33	-2.34328
0.81	0.33	-2.61964
0.83	0.33	-3.54224
0.85	0.33	-5.03255
0.87	0.33	-6.95816
0.89	0.33	-9.02747
0.91	0.33	-10.6
0.93	0.33	-10.6403
0.95	0.33	-8.19005
0.97	0.33	-3.58715
0.99	0.33	0
1	0.33	0

0	0.31	0
0.01	0.31	-0.415221
0.03	0.31	-5.53434
0.05	0.31	-13.1192
0.07	0.31	-20.0037
0.09	0.31	-24.5608
0.11	0.31	-26.7974
0.13	0.31	-27.4792
0.15	0.31	-27.3885
0.17	0.31	-27.0428
0.19	0.31	-26.7053
0.21	0.31	-26.4784
0.23	0.31	-26.3842
0.25	0.31	-26.4142
0.27	0.31	-26.5523
0.29	0.31	-26.7831
0.31	0.31	-27.0928
0.33	0.31	-27.4672
0.35	0.31	-27.8886
0.37	0.31	-28.3339
0.39	0.31	-28.7731
0.41	0.31	-29.1682
0.43	0.31	-29.4742
0.45	0.31	-29.6397
0.47	0.31	-29.6101
0.49	0.31	-29.33
0.51	0.31	-28.7474
0.53	0.31	-27.8178
0.55	0.31	-26.5087
0.57	0.31	-24.8042
0.59	0.31	-22.7084
0.61	0.31	-20.2496
0.63	0.31	-17.4827
0.65	0.31	-14.4918
0.67	0.31	-11.3919
0.69	0.31	-8.32882
0.71	0.31	-5.47737
0.73	0.31	-3.03311
0.75	0.31	-1.19635
0.77	0.31	-0.144882
0.79	0.31	0.00233302
0.81	0.31	-0.779428
0.83	0.31	-2.40244
0.85	0.31	-4.67374
0.87	0.31	-7.3025
0.89	0.31	-9.8456
0.91	0.31	-11.5776
0.93	0.31	-11.4752
0.95	0.31	-8.69264
0.97	0.31	-3.75486
0.99	0.31	0
1	0.31	0

0	0.29	0
0.01	0.29	-0.934614
0.03	0.29	-6.95349
0.05	0.29	-15.2898
0.07	0.29	-22.6234
0.09	0.29	-27.419
0.11	0.29	-29.8345
0.13	0.29	-30.724
0.15	0.29	-30.8819
0.17	0.29	-30.8035
0.19	0.29	-30.7283
0.21	0.29	-30.7458
0.23	0.29	-30.8752
0.25	0.29	-31.11
0.27	0.29	-31.4369
0.29	0.29	-31.8421
0.31	0.29	-32.3113
0.33	0.29	-32.8272
0.35	0.29	-33.3676
0.37	0.29	-33.9033
0.39	0.29	-34.3968
0.41	0.29	-34.8025
0.43	0.29	-35.0674
0.45	0.29	-35.1325
0.47	0.29	-34.936
0.49	0.29	-34.4165
0.51	0.29	-33.5174
0.53	0.29	-32.1915
0.55	0.29	-30.4064
0.57	0.29	-28.1492
0.59	0.29	-25.4318
0.61	0.29	-22.2948
0.63	0.29	-18.8117
0.65	0.29	-15.0909
0.67	0.29	-11.277
0.69	0.29	-7.55025
0.71	0.29	-4.12234
0.73	0.29	-1.22748
0.75	0.29	0.894673
0.77	0.29	2.02777
0.79	0.29	2.02005
0.81	0.29	0.832754
0.83	0.29	-1.41928
0.85	0.29	-4.45169
0.87	0.29	-7.81721
0.89	0.29	-10.8945
0.91	0.29	-12.8323
0.93	0.29	-12.5878
0.95	0.29	-9.41436
0.97	0.29	-4.02908
0.99	0.29	0
1	0.29	0

0	0.27	0
0.01	0.27	-1.5034
0.03	0.27	-8.47233
0.05	0.27	-17.5833
0.07	0.27	-25.3785
0.09	0.27	-30.4392
0.11	0.27	-33.0826
0.13	0.27	-34.2408
0.15	0.27	-34.7059
0.17	0.27	-34.9421
0.19	0.27	-35.1637
0.21	0.27	-35.4487
0.23	0.27	-35.8154
0.25	0.27	-36.2604
0.27	0.27	-36.7742
0.29	0.27	-37.3451
0.31	0.27	-37.9587
0.33	0.27	-38.5959
0.35	0.27	-39.2312
0.37	0.27	-39.831
0.39	0.27	-40.3535
0.41	0.27	-40.7482
0.43	0.27	-40.9578
0.45	0.27	-40.9196
0.47	0.27	-40.5682
0.49	0.27	-39.8395
0.51	0.27	-38.6744
0.53	0.27	-37.0243
0.55	0.27	-34.8556
0.57	0.27	-32.1561
0.59	0.27	-28.9403
0.61	0.27	-25.255
0.63	0.27	-21.1843
0.65	0.27	-16.8523
0.67	0.27	-12.425
0.69	0.27	-8.10827
0.71	0.27	-4.14286
0.73	0.27	-0.794709
0.75	0.27	1.6622
0.77	0.27	2.97383
0.79	0.27	2.94886
0.81	0.27	1.51656
0.83	0.27	-1.20988
0.85	0.27	-4.88586
0.87	0.27	-8.92355
0.89	0.27	-12.5085
0.91	0.27	-14.6226
0.93	0.27	-14.1631
0.95	0.27	-10.4627
0.97	0.27	-4.44504
0.99	0.27	0
1	0.27	0

0	0.25	0
0.01	0.25	-2.12601
0.03	0.25	-10.0983
0.05	0.25	-20.0054
0.07	0.25	-28.2697
0.09	0.25	-33.6167
0.11	0.25	-36.5299
0.13	0.25	-38.0055
0.15	0.25	-38.8181
0.17	0.25	-39.394
0.19	0.25	-39.9223
0.21	0.25	-40.4727
0.23	0.25	-41.065
0.25	0.25	-41.701
0.27	0.25	-42.376
0.29	0.25	-43.0815
0.31	0.25	-43.8042
0.33	0.25	-44.5252
0.35	0.25	-45.2179
0.37	0.25	-45.8481
0.39	0.25	-46.3729
0.41	0.25	-46.742
0.43	0.25	-46.8987
0.45	0.25	-46.7814
0.47	0.25	-46.3263
0.49	0.25	-45.4703
0.51	0.25	-44.1545
0.53	0.25	-42.3289
0.55	0.25	-39.957
0.57	0.25	-37.0219
0.59	0.25	-33.5332
0.61	0.25	-29.5335
0.63	0.25	-25.1055
0.65	0.25	-20.3764
0.67	0.25	-15.5208
0.69	0.25	-10.7589
0.71	0.25	-6.35106
0.73	0.25	-2.58735
0.75	0.25	0.229022
0.77	0.25	1.80806
0.79	0.25	1.91524
0.81	0.25	0.435521
0.83	0.25	-2.54301
0.85	0.25	-6.64663
0.87	0.25	-11.1727
0.89	0.25	-15.1147
0.91	0.25	-17.2582
0.93	0.25	-16.4012
0.95	0.25	-11.9378
0.97	0.25	-5.02578
0.99	0.25	0
1	0.25	0

0	0.23	0
0.01	0.23	-2.80843
0.03	0.23	-11.8413
0.05	0.23	-22.5615
0.07	0.23	-31.2925
0.09	0.23	-36.9338
0.11	0.23	-40.1403
0.13	0.23	-41.957
0.15	0.23	-43.1265
0.17	0.23	-44.0338
0.19	0.23	-44.8459
0.21	0.23	-45.6283
0.23	0.23	-46.4055
0.25	0.23	-47.1862
0.27	0.23	-47.9719
0.29	0.23	-48.7587
0.31	0.23	-49.5365
0.33	0.23	-50.2886
0.35	0.23	-50.9911
0.37	0.23	-51.6127
0.39	0.23	-52.1149
0.41	0.23	-52.453
0.43	0.23	-52.5765
0.45	0.23	-52.4312
0.47	0.23	-51.96
0.49	0.23	-51.1053
0.51	0.23	-49.8112
0.53	0.23	-48.0264
0.55	0.23	-45.7086
0.57	0.23	-42.8303
0.59	0.23	-39.3863
0.61	0.23	-35.4024
0.63	0.23	-30.945
0.65	0.23	-26.1283
0.67	0.23	-21.12
0.69	0.23	-16.1405
0.71	0.23	-11.4585
0.73	0.23	-7.37949
0.75	0.23	-4.23031
0.77	0.23	-2.33341
0.79	0.23	-1.96585
0.81	0.23	-3.29104
0.83	0.23	-6.25856
0.85	0.23	-10.4889
0.87	0.23	-15.1929
0.89	0.23	-19.1896
0.91	0.23	-21.0604
0.93	0.23	-19.4817
0.95	0.23	-13.9039
0.97	0.23	-5.76842
0.99	0.23	0
1	0.23	0

0	0.21	0
0.01	0.21	-3.56024
0.03	0.21	-13.7166
0.05	0.21	-25.2596
0.07	0.21	-34.4372
0.09	0.21	-40.357
0.11	0.21	-43.85
0.13	0.21	-45.9936
0.15	0.21	-47.488
0.17	0.21	-48.6779
0.19	0.21	-49.7138
0.21	0.21	-50.6617
0.23	0.21	-51.5537
0.25	0.21	-52.4072
0.27	0.21	-53.2311
0.29	0.21	-54.0272
0.31	0.21	-54.7906
0.33	0.21	-55.5097
0.35	0.21	-56.1668
0.37	0.21	-56.7378
0.39	0.21	-57.1939
0.41	0.21	-57.5013
0.43	0.21	-57.6223
0.45	0.21	-57.5158
0.47	0.21	-57.1375
0.49	0.21	-56.4399
0.51	0.21	-55.3732
0.53	0.21	-53.8857
0.55	0.21	-51.9277
0.57	0.21	-49.4556
0.59	0.21	-46.4403
0.61	0.21	-42.8781
0.63	0.21	-38.8029
0.65	0.21	-34.2984
0.67	0.21	-29.5067
0.69	0.21	-24.6321
0.71	0.21	-19.937
0.73	0.21	-15.7322
0.75	0.21	-12.3593
0.77	0.21	-10.1666
0.79	0.21	-9.46667
0.81	0.21	-10.4651
0.83	0.21	-13.1479
0.85	0.21	-17.1399
0.87	0.21	-21.5902
0.89	0.21	-25.1745
0.91	0.21	-26.2917
0.93	0.21	-23.5065
0.95	0.21	-16.3508
0.97	0.21	-6.62893
0.99	0.21	0
1	0.21	0

0	0.19	0
0.01	0.19	-4.39848
0.03	0.19	-15.7501
0.05	0.19	-28.113
0.07	0.19	-37.6885
0.09	0.19	-43.8345
0.11	0.19	-47.5638
0.13	0.19	-49.972
0.15	0.19	-51.7116
0.17	0.19	-53.0926
0.19	0.19	-54.2559
0.21	0.19	-55.273
0.23	0.19	-56.1855
0.25	0.19	-57.0201
0.27	0.19	-57.7936
0.29	0.19	-58.5144
0.31	0.19	-59.1842
0.33	0.19	-59.799
0.35	0.19	-60.3499
0.37	0.19	-60.8247
0.39	0.19	-61.2078
0.41	0.19	-61.482
0.43	0.19	-61.6275
0.45	0.19	-61.6221
0.47	0.19	-61.4396
0.49	0.19	-61.048
0.51	0.19	-60.4082
0.53	0.19	-59.4719
0.55	0.19	-58.1827
0.57	0.19	-56.4795
0.59	0.19	-54.304
0.61	0.19	-51.6127
0.63	0.19	-48.3926
0.65	0.19	-44.6782
0.67	0.19	-40.5659
0.69	0.19	-36.2229
0.71	0.19	-31.8874
0.73	0.19	-27.8593
0.75	0.19	-24.4827
0.77	0.19	-22.1181
0.79	0.19	-21.0989
0.81	0.19	-21.6553
0.83	0.19	-23.7941
0.85	0.19	-27.1404
0.87	0.19	-30.7996
0.89	0.19	-33.3465
0.91	0.19	-33.0518
0.93	0.19	-28.425
0.95	0.19	-19.1512
0.97	0.19	-7.51104
0.99	0.19	0
1	0.19	0

0	0.17	0
0.01	0.17	-5.35436
0.03	0.17	-17.9865
0.05	0.17	-31.144
0.07	0.17	-41.0245
0.09	0.17	-47.2918
0.11	0.17	-51.1512
0.13	0.17	-53.706
0.15	0.17	-55.5622
0.17	0.17	-57.0034
0.19	0.17	-58.1688
0.21	0.17	-59.1378
0.23	0.17	-59.962
0.25	0.17	-60.6764
0.27	0.17	-61.3046
0.29	0.17	-61.8615
0.31	0.17	-62.356
0.33	0.17	-62.7926
0.35	0.17	-63.1736
0.37	0.17	-63.5002
0.39	0.17	-63.7739
0.41	0.17	-63.9967
0.43	0.17	-64.1708
0.45	0.17	-64.2972
0.47	0.17	-64.3731
0.49	0.17	-64.3881
0.51	0.17	-64.3203
0.53	0.17	-64.132
0.55	0.17	-63.7672
0.57	0.17	-63.1522
0.59	0.17	-62.2011
0.61	0.17	-60.8271
0.63	0.17	-58.9601
0.65	0.17	-56.5681
0.67	0.17	-53.6792
0.69	0.17	-50.3981
0.71	0.17	-46.9129
0.73	0.17	-43.4898
0.75	0.17	-40.4539
0.77	0.17	-38.1577
0.79	0.17	-36.931
0.81	0.17	-37.0006
0.83	0.17	-38.3662
0.85	0.17	-40.6375
0.87	0.17	-42.89
0.89	0.17	-43.6498
0.91	0.17	-41.1489
0.93	0.17	-33.952
0.95	0.17	-22.027
0.97	0.17	-8.26976
0.99	0.17	0
1	0.17	0

0	0.15	0
0.01	0.15	-6.48456
0.03	0.15	-20.5015
0.05	0.15	-34.3888
0.07	0.15	-44.4118
0.09	0.15	-50.6226
0.11	0.15	-54.437
0.13	0.15	-56.9611
0.15	0.15	-58.7601
0.17	0.15	-60.1014
0.19	0.15	-61.1268
0.21	0.15	-61.9237
0.23	0.15	-62.5506
0.25	0.15	-63.0475
0.27	0.15	-63.4423
0.29	0.15	-63.7545
0.31	0.15	-63.9988
0.33	0.15	-64.188
0.35	0.15	-64.3352
0.37	0.15	-64.4559
0.39	0.15	-64.5686
0.41	0.15	-64.6959
0.43	0.15	-64.8633
0.45	0.15	-65.0975
0.47	0.15	-65.4229
0.49	0.15	-65.8569
0.51	0.15	-66.4035
0.53	0.15	-67.0467
0.55	0.15	-67.7443
0.57	0.15	-68.4242
0.59	0.15	-68.985
0.61	0.15	-69.3037
0.63	0.15	-69.2517
0.65	0.15	-68.7189
0.67	0.15	-67.642
0.69	0.15	-66.0318
0.71	0.15	-63.9911
0.73	0.15	-61.7167
0.75	0.15	-59.4822
0.77	0.15	-57.6014
0.79	0.15	-56.3691
0.81	0.15	-55.9738
0.83	0.15	-56.3741
0.85	0.15	-57.1446
0.87	0.15	-57.3437
0.89	0.15	-55.5159
0.91	0.15	-49.9764
0.93	0.15	-39.5113
0.95	0.15	-24.5536
0.97	0.15	-8.74207
0.99	0.15	0
1	0.15	0

0	0.13	0
0.01	0.13	-7.8894
0.03	0.13	-23.418
0.05	0.13	-37.8964
0.07	0.13	-47.7907
0.09	0.13	-53.667
0.11	0.13	-57.1795
0.13	0.13	-59.4356
0.15	0.13	-60.9681
0.17	0.13	-62.0347
0.19	0.13	-62.779
0.21	0.13	-63.2908
0.23	0.13	-63.6289
0.25	0.13	-63.8323
0.27	0.13	-63.9282
0.29	0.13	-63.9367
0.31	0.13	-63.8757
0.33	0.13	-63.7636
0.35	0.13	-63.6225
0.37	0.13	-63.4796
0.39	0.13	-63.3689
0.41	0.13	-63.331
0.43	0.13	-63.4135
0.45	0.13	-63.668
0.47	0.13	-64.1477
0.49	0.13	-64.9013
0.51	0.13	-65.9673
0.53	0.13	-67.3644
0.55	0.13	-69.0826
0.57	0.13	-71.0741
0.59	0.13	-73.2465
0.61	0.13	-75.4631
0.63	0.13	-77.5514
0.65	0.13	-79.3243
0.67	0.13	-80.6114
0.69	0.13	-81.2966
0.71	0.13	-81.3508
0.73	0.13	-80.8491
0.75	0.13	-79.963
0.77	0.13	-78.9225
0.79	0.13	-77.9491
0.81	0.13	-77.1597
0.83	0.13	-76.4439
0.85	0.13	-75.3286
0.87	0.13	-72.8794
0.89	0.13	-67.7411
0.91	0.13	-58.4653
0.93	0.13	-44.2656
0.95	0.13	-26.2421
0.97	0.13	-8.80736
0.99	0.13	0
1	0.13	0

0	0.11	0
0.01	0.11	-9.73946
0.03	0.11	-26.9228
0.05	0.11	-41.7151
0.07	0.11	-51.0389
0.09	0.11	-56.1676
0.11	0.11	-59.0266
0.13	0.11	-60.7222
0.15	0.11	-61.7584
0.17	0.11	-62.3805
0.19	0.11	-62.7242
0.21	0.11	-62.8695
0.23	0.11	-62.8641
0.25	0.11	-62.7373
0.27	0.11	-62.5084
0.29	0.11	-62.1929
0.31	0.11	-61.8072
0.33	0.11	-61.3715
0.35	0.11	-60.9126
0.37	0.11	-60.4656
0.39	0.11	-60.0748
0.41	0.11	-59.7946
0.43	0.11	-59.689
0.45	0.11	-59.8303
0.47	0.11	-60.2963
0.49	0.11	-61.167
0.51	0.11	-62.5178
0.53	0.11	-64.4115
0.55	0.11	-66.8874
0.57	0.11	-69.9478
0.59	0.11	-73.5444
0.61	0.11	-77.566
0.63	0.11	-81.8345
0.65	0.11	-86.1134
0.67	0.11	-90.1324
0.69	0.11	-93.6283
0.71	0.11	-96.3923
0.73	0.11	-98.309
0.75	0.11	-99.3711
0.77	0.11	-99.6554
0.79	0.11	-99.2578
0.81	0.11	-98.1929
0.83	0.11	-96.2726
0.85	0.11	-92.9924
0.87	0.11	-87.476
0.89	0.11	-78.5733
0.91	0.11	-65.2411
0.93	0.11	-47.3255
0.95	0.11	-26.727
0.97	0.11	-8.45592
0.99	0.11	0
1	0.11	0

0	0.09	0
0.01	0.09	-12.3048
0.03	0.09	-31.2628
0.05	0.09	-45.8333
0.07	0.09	-53.8862
0.09	0.09	-57.6819
0.11	0.09	-59.4364
0.13	0.09	-60.2395
0.15	0.09	-60.5544
0.17	0.09	-60.5941
0.19	0.09	-60.4632
0.21	0.09	-60.2124
0.23	0.09	-59.8635
0.25	0.09	-59.4248
0.27	0.09	-58.9003
0.29	0.09	-58.2946
0.31	0.09	-57.6175
0.33	0.09	-56.8863
0.35	0.09	-56.1275
0.37	0.09	-55.3783
0.39	0.09	-54.6872
0.41	0.09	-54.115
0.43	0.09	-53.7342
0.45	0.09	-53.6284
0.47	0.09	-53.8916
0.49	0.09	-54.6254
0.51	0.09	-55.9357
0.53	0.09	-57.9266
0.55	0.09	-60.6918
0.57	0.09	-64.3008
0.59	0.09	-68.7808
0.61	0.09	-74.0954
0.63	0.09	-80.1228
0.65	0.09	-86.643
0.67	0.09	-93.34
0.69	0.09	-99.8289
0.71	0.09	-105.704
0.73	0.09	-110.599
0.75	0.09	-114.233
0.77	0.09	-116.424
0.79	0.09	-117.054
0.81	0.09	-115.987
0.83	0.09	-112.96
0.85	0.09	-107.485
0.87	0.09	-98.8396
0.89	0.09	-86.2121
0.91	0.09	-69.1212
0.93	0.09	-48.1702
0.95	0.09	-26.0082
0.97	0.09	-7.82552
0.99	0.09	0
1	0.09	0

0	0.07	0
0.01	0.07	-15.9478
0.03	0.07	-36.6359
0.05	0.07	-49.985
0.07	0.07	-55.7117
0.09	0.07	-57.4057
0.11	0.07	-57.5374
0.13	0.07	-57.1278
0.15	0.07	-56.5518
0.17	0.07	-55.9432
0.19	0.07	-55.3385
0.21	0.07	-54.7333
0.23	0.07	-54.1081
0.25	0.07	-53.4406
0.27	0.07	-52.7128
0.29	0.07	-51.9142
0.31	0.07	-51.0438
0.33	0.07	-50.1114
0.35	0.07	-49.1384
0.37	0.07	-48.1584
0.39	0.07	-47.2174
0.41	0.07	-46.3742
0.43	0.07	-45.7002
0.45	0.07	-45.279
0.47	0.07	-45.2064
0.49	0.07	-45.5899
0.51	0.07	-46.5477
0.53	0.07	-48.2068
0.55	0.07	-50.6983
0.57	0.07	-54.1497
0.59	0.07	-58.6698
0.61	0.07	-64.3265
0.63	0.07	-71.1157
0.65	0.07	-78.9265
0.67	0.07	-87.5115
0.69	0.07	-96.4744
0.71	0.07	-105.29
0.73	0.07	-113.355
0.75	0.07	-120.062
0.77	0.07	-124.861
0.79	0.07	-127.288
0.81	0.07	-126.947
0.83	0.07	-123.446
0.85	0.07	-116.347
0.87	0.07	-105.173
0.89	0.07	-89.5797
0.91	0.07	-69.7508
0.93	0.07	-47.0288
0.95	0.07	-24.5455
0.97	0.07	-7.16934
0.99	0.07	0
1	0.07	0

0	0.05	0
0.01	0.05	-20.9077
0.03	0.05	-42.667
0.05	0.05	-53.0387
0.07	0.05	-55.0362
0.09	0.05	-53.804
0.11	0.05	-51.8872
0.13	0.05	-50.1026
0.15	0.05	-48.6304
0.17	0.05	-47.4502
0.19	0.05	-46.4869
0.21	0.05	-45.66
0.23	0.05	-44.8994
0.25	0.05	-44.1501
0.27	0.05	-43.3717
0.29	0.05	-42.5381
0.31	0.05	-41.6366
0.33	0.05	-40.6676
0.35	0.05	-39.6438
0.37	0.05	-38.5907
0.39	0.05	-37.5456
0.41	0.05	-36.5578
0.43	0.05	-35.6879
0.45	0.05	-35.008
0.47	0.05	-34.6011
0.49	0.05	-34.5618
0.51	0.05	-34.997
0.53	0.05	-36.0265
0.55	0.05	-37.7836
0.57	0.05	-40.4134
0.59	0.05	-44.0675
0.61	0.05	-48.8918
0.63	0.05	-55.0033
0.65	0.05	-62.4545
0.67	0.05	-71.1843
0.69	0.05	-80.9662
0.71	0.05	-91.3683
0.73	0.05	-101.748
0.75	0.05	-111.291
0.77	0.05	-119.098
0.79	0.05	-124.273
0.81	0.05	-126.008
0.83	0.05	-123.624
0.85	0.05	-116.606
0.87	0.05	-104.667
0.89	0.05	-87.9163
0.91	0.05	-67.1721
0.93	0.05	-44.3653
0.95	0.05	-22.7845
0.97	0.05	-6.65813
0.99	0.05	0
1	0.05	0

0	0.03	0
0.01	0.03	-26.1546
0.03	0.03	-46.3564
0.05	0.03	-51.1309
0.07	0.03	-48.2315
0.09	0.03	-43.8388
0.11	0.03	-40.0733
0.13	0.03	-37.2764
0.15	0.03	-35.2895
0.17	0.03	-33.8785
0.19	0.03	-32.8445
0.21	0.03	-32.0398
0.23	0.03	-31.3587
0.25	0.03	-30.7274
0.27	0.03	-30.0946
0.29	0.03	-29.4269
0.31	0.03	-28.7048
0.33	0.03	-27.9211
0.35	0.03	-27.0799
0.37	0.03	-26.1955
0.39	0.03	-25.2922
0.41	0.03	-24.4036
0.43	0.03	-23.5717
0.45	0.03	-22.8466
0.47	0.03	-22.2861
0.49	0.03	-21.9562
0.51	0.03	-21.9313
0.53	0.03	-22.2963
0.55	0.03	-23.1485
0.57	0.03	-24.5999
0.59	0.03	-26.7787
0.61	0.03	-29.8283
0.63	0.03	-33.9009
0.65	0.03	-39.1418
0.67	0.03	-45.6599
0.69	0.03	-53.4804
0.71	0.03	-62.4803
0.73	0.03	-72.3175
0.75	0.03	-82.3797
0.77	0.03	-91.7828
0.79	0.03	-99.4376
0.81	0.03	-104.175
0.83	0.03	-104.905
0.85	0.03	-100.778
0.87	0.03	-91.373
0.89	0.03	-76.9152
0.91	0.03	-58.5204
0.93	0.03	-38.3792
0.95	0.03	-19.651
0.97	0.03	-5.83424
0.99	0.03	0
1	0.03	0

0	0.01	0
0.01	0.01	-24.0354
0.03	0.01	-34.8705
0.05	0.01	-32.5334
0.07	0.01	-26.6766
0.09	0.01	-21.677
0.11	0.01	-18.2557
0.13	0.01	-16.0766
0.15	0.01	-14.7079
0.17	0.01	-13.8335
0.19	0.01	-13.2514
0.21	0.01	-12.8372
0.23	0.01	-12.5133
0.25	0.01	-12.2303
0.27	0.01	-11.9558
0.29	0.01	-11.6685
0.31	0.01	-11.3554
0.33	0.01	-11.0096
0.35	0.01	-10.6299
0.37	0.01	-10.2202
0.39	0.01	-9.78908
0.41	0.01	-9.34919
0.43	0.01	-8.91701
0.45	0.01	-8.51228
0.47	0.01	-8.15756
0.49	0.01	-7.87811
0.51	0.01	-7.70202
0.53	0.01	-7.66092
0.55	0.01	-7.79121
0.57	0.01	-8.1359
0.59	0.01	-8.7468
0.61	0.01	-9.68681
0.63	0.01	-11.0316
0.65	0.01	-12.8691
0.67	0.01	-15.2963
0.69	0.01	-18.4084
0.71	0.01	-22.2795
0.73	0.01	-26.9286
0.75	0.01	-32.2676
0.77	0.01	-38.0355
0.79	0.01	-43.737
0.81	0.01	-48.6222
0.83	0.01	-51.7498
0.85	0.01	-52.1526
0.87	0.01	-49.0955
0.89	0.01	-42.3807
0.91	0.01	-32.6211
0.93	0.01	-21.3421
0.95	0.01	-10.7349
0.97	0.01	-3.03184
0.99	0.01	0
1	0.01	0

0	0	0
0.01	0	0
0.03	0	0
0.05	0	0
0.07	0	0
0.09	0	0
0.11	0	0
0.13	0	0
0.15	0	0
0.17	0	0
0.19	0	0
0.21	0	0
0.23	0	0
0.25	0	0
0.27	0	0
0.29	0	0
0.31	0	0
0.33	0	0
0.35	0	0
0.37	0	0
0.39	0	0
0.41	0	0
0.43	0	0
0.45	0	0
0.47	0	0
0.49	0	0
0.51	0	0
0.53	0	0
0.55	0	0
0.57	0	0
0.59	0	0
0.61	0	0
0.63	0	0
0.65	0	0
0.67	0	0
0.69	0	0
0.71	0	0
0.73	0	0
0.75	0	0
0.77	0	0
0.79	0	0
0.81	0	0
0.83	0	0
0.85	0	0
0.87	0	0
0.89	0	0
0.91	0	0
0.93	0	0
0.95	0	0
0.97	0	0
0.99	0	0
1	0	0

