0	0	0
0	0.02	0
0	0.04	0
0	0.06	0
0	0.08	0
0	0.1	0
0	0.12	0
0	0.14	0
0	0.16	0
0	0.18	0
0	0.2	0
0	0.22	0
0	0.24	0
0	0.26	0
0	0.28	0
0	0.3	0
0	0.32	0
0	0.34	0
0	0.36	0
0	0.38	0
0	0.4	0
0	0.42	0
0	0.44	0
0	0.46	0
0	0.48	0
0	0.5	0
0	0.52	0
0	0.54	0
0	0.56	0
0	0.58	0
0	0.6	0
0	0.62	0
0	0.64	0
0	0.66	0
0	0.68	0
0	0.7	0
0	0.72	0
0	0.74	0
0	0.76	0
0	0.78	0
0	0.8	0
0	0.82	0
0	0.84	0
0	0.86	0
0	0.88	0
0	0.9	0
0	0.92	0
0	0.94	0
0	0.96	0
0	0.98	0
0	1	0

0.01	0	0
0.01	0.02	0.0037598
0.01	0.04	0.0205762
0.01	0.06	0.0478943
0.01	0.08	0.0823294
0.01	0.1	0.121125
0.01	0.12	0.162234
0.01	0.14	0.204161
0.01	0.16	0.245797
0.01	0.18	0.286312
0.01	0.2	0.325078
0.01	0.22	0.361619
0.01	0.24	0.395572
0.01	0.26	0.426672
0.01	0.28	0.454725
0.01	0.3	0.479601
0.01	0.32	0.501222
0.01	0.34	0.519554
0.01	0.36	0.534599
0.01	0.38	0.54639
0.01	0.4	0.554985
0.01	0.42	0.560465
0.01	0.44	0.562924
0.01	0.46	0.562474
0.01	0.48	0.559232
0.01	0.5	0.553325
0.01	0.52	0.544883
0.01	0.54	0.534036
0.01	0.56	0.520915
0.01	0.58	0.505649
0.01	0.6	0.488359
0.01	0.62	0.469165
0.01	0.64	0.448178
0.01	0.66	0.425507
0.01	0.68	0.401253
0.01	0.7	0.375518
0.01	0.72	0.348403
0.01	0.74	0.320019
0.01	0.76	0.290491
0.01	0.78	0.259971
0.01	0.8	0.228653
0.01	0.82	0.196792
0.01	0.84	0.164733
0.01	0.86	0.132938
0.01	0.88	0.102037
0.01	0.9	0.0728747
0.01	0.92	0.0465739
0.01	0.94	0.0245838
0.01	0.96	0.00864724
0.01	0.98	0.000432776
0.01	1	0

0.03	0	0
0.03	0.02	0.0167419
0.03	0.04	0.0618853
0.03	0.06	0.129774
0.03	0.08	0.214419
0.03	0.1	0.310416
0.03	0.12	0.413269
0.03	0.14	0.519378
0.03	0.16	0.625898
0.03	0.18	0.73059
0.03	0.2	0.831692
0.03	0.22	0.927826
0.03	0.24	1.01792
0.03	0.26	1.10114
0.03	0.28	1.17688
0.03	0.3	1.24468
0.03	0.32	1.30424
0.03	0.34	1.35538
0.03	0.36	1.39802
0.03	0.38	1.43217
0.03	0.4	1.45791
0.03	0.42	1.47538
0.03	0.44	1.48479
0.03	0.46	1.48636
0.03	0.48	1.48037
0.03	0.5	1.4671
0.03	0.52	1.44686
0.03	0.54	1.41998
0.03	0.56	1.38676
0.03	0.58	1.34754
0.03	0.6	1.30264
0.03	0.62	1.25237
0.03	0.64	1.19704
0.03	0.66	1.13696
0.03	0.68	1.07242
0.03	0.7	1.00374
0.03	0.72	0.931261
0.03	0.74	0.855332
0.03	0.76	0.776378
0.03	0.78	0.6949
0.03	0.8	0.611523
0.03	0.82	0.527039
0.03	0.84	0.442462
0.03	0.86	0.359097
0.03	0.88	0.278615
0.03	0.9	0.203125
0.03	0.92	0.135225
0.03	0.94	0.0779711
0.03	0.96	0.0346654
0.03	0.98	0.00823612
0.03	1	0

0.05	0	0
0.05	0.02	0.0268712
0.05	0.04	0.0940099
0.05	0.06	0.192238
0.05	0.08	0.313775
0.05	0.1	0.451789
0.05	0.12	0.60042
0.05	0.14	0.754759
0.05	0.16	0.910763
0.05	0.18	1.06514
0.05	0.2	1.21521
0.05	0.22	1.35884
0.05	0.24	1.49431
0.05	0.26	1.62028
0.05	0.28	1.7357
0.05	0.3	1.83978
0.05	0.32	1.93196
0.05	0.34	2.01187
0.05	0.36	2.07928
0.05	0.38	2.13411
0.05	0.4	2.1764
0.05	0.42	2.20629
0.05	0.44	2.22398
0.05	0.46	2.22977
0.05	0.48	2.22399
0.05	0.5	2.20703
0.05	0.52	2.17929
0.05	0.54	2.14123
0.05	0.56	2.0933
0.05	0.58	2.03596
0.05	0.6	1.96968
0.05	0.62	1.89493
0.05	0.64	1.8122
0.05	0.66	1.72196
0.05	0.68	1.62471
0.05	0.7	1.52097
0.05	0.72	1.4113
0.05	0.74	1.29632
0.05	0.76	1.17676
0.05	0.78	1.05346
0.05	0.8	0.927484
0.05	0.82	0.800103
0.05	0.84	0.672922
0.05	0.86	0.54793
0.05	0.88	0.427579
0.05	0.9	0.314846
0.05	0.92	0.213244
0.05	0.94	0.126759
0.05	0.96	0.0596466
0.05	0.98	0.0160891
0.05	1	0

0.07	0	0
0.07	0.02	0.0332795
0.07	0.04	0.115671
0.07	0.06	0.235358
0.07	0.08	0.3831
0.07	0.1	0.551116
0.07	0.12	0.732731
0.07	0.14	0.922251
0.07	0.16	1.11486
0.07	0.18	1.30654
0.07	0.2	1.49395
0.07	0.22	1.67435
0.07	0.24	1.84549
0.07	0.26	2.00557
0.07	0.28	2.15317
0.07	0.3	2.28716
0.07	0.32	2.40673
0.07	0.34	2.51126
0.07	0.36	2.60037
0.07	0.38	2.67384
0.07	0.4	2.73161
0.07	0.42	2.77375
0.07	0.44	2.80044
0.07	0.46	2.81196
0.07	0.48	2.80864
0.07	0.5	2.79091
0.07	0.52	2.75923
0.07	0.54	2.7141
0.07	0.56	2.65607
0.07	0.58	2.58569
0.07	0.6	2.50354
0.07	0.62	2.41022
0.07	0.64	2.30634
0.07	0.66	2.19253
0.07	0.68	2.06946
0.07	0.7	1.93784
0.07	0.72	1.79845
0.07	0.74	1.65216
0.07	0.76	1.49998
0.07	0.78	1.3431
0.07	0.8	1.18292
0.07	0.82	1.02117
0.07	0.84	0.859913
0.07	0.86	0.70167
0.07	0.88	0.549456
0.07	0.9	0.40684
0.07	0.92	0.277946
0.07	0.94	0.167423
0.07	0.96	0.0803753
0.07	0.98	0.0223891
0.07	1	0

0.09	0	0
0.09	0.02	0.0366693
0.09	0.04	0.128288
0.09	0.06	0.261689
0.09	0.08	0.426665
0.09	0.1	0.614787
0.09	0.12	0.818879
0.09	0.14	1.03278
0.09	0.16	1.2512
0.09	0.18	1.46965
0.09	0.2	1.68432
0.09	0.22	1.89205
0.09	0.24	2.09017
0.09	0.26	2.27651
0.09	0.28	2.44933
0.09	0.3	2.6072
0.09	0.32	2.74905
0.09	0.34	2.87405
0.09	0.36	2.98163
0.09	0.38	3.07141
0.09	0.4	3.14321
0.09	0.42	3.19698
0.09	0.44	3.23282
0.09	0.46	3.25096
0.09	0.48	3.2517
0.09	0.5	3.23545
0.09	0.52	3.20267
0.09	0.54	3.15388
0.09	0.56	3.08966
0.09	0.58	3.01062
0.09	0.6	2.9174
0.09	0.62	2.8107
0.09	0.64	2.69123
0.09	0.66	2.55974
0.09	0.68	2.41705
0.09	0.7	2.26405
0.09	0.72	2.1017
0.09	0.74	1.9311
0.09	0.76	1.75351
0.09	0.78	1.5704
0.09	0.8	1.3835
0.09	0.82	1.19488
0.09	0.84	1.00697
0.09	0.86	0.822704
0.09	0.88	0.645497
0.09	0.9	0.479342
0.09	0.92	0.328826
0.09	0.94	0.19916
0.09	0.96	0.0962596
0.09	0.98	0.0270138
0.09	1	0

0.11	0	0
0.11	0.02	0.037871
0.11	0.04	0.133834
0.11	0.06	0.274474
0.11	0.08	0.449174
0.11	0.1	0.649168
0.11	0.12	0.867005
0.11	0.14	1.09627
0.11	0.16	1.33142
0.11	0.18	1.56767
0.11	0.2	1.80093
0.11	0.22	2.02773
0.11	0.24	2.24513
0.11	0.26	2.45066
0.11	0.28	2.64232
0.11	0.3	2.81843
0.11	0.32	2.97769
0.11	0.34	3.11908
0.11	0.36	3.24182
0.11	0.38	3.34539
0.11	0.4	3.42944
0.11	0.42	3.49382
0.11	0.44	3.53851
0.11	0.46	3.56365
0.11	0.48	3.56947
0.11	0.5	3.55633
0.11	0.52	3.52465
0.11	0.54	3.47494
0.11	0.56	3.40776
0.11	0.58	3.32376
0.11	0.6	3.2236
0.11	0.62	3.10804
0.11	0.64	2.97787
0.11	0.66	2.83393
0.11	0.68	2.67716
0.11	0.7	2.50858
0.11	0.72	2.32933
0.11	0.74	2.14069
0.11	0.76	1.94414
0.11	0.78	1.74138
0.11	0.8	1.5344
0.11	0.82	1.32555
0.11	0.84	1.11755
0.11	0.86	0.91362
0.11	0.88	0.717491
0.11	0.9	0.533478
0.11	0.92	0.366542
0.11	0.94	0.222384
0.11	0.96	0.107625
0.11	0.98	0.0301861
0.11	1	0

0.13	0	0
0.13	0.02	0.0375535
0.13	0.04	0.134126
0.13	0.06	0.276815
0.13	0.08	0.455093
0.13	0.1	0.660161
0.13	0.12	0.884503
0.13	0.14	1.12162
0.13	0.16	1.36586
0.13	0.18	1.61231
0.13	0.2	1.85672
0.13	0.22	2.09543
0.13	0.24	2.32531
0.13	0.26	2.54372
0.13	0.28	2.74841
0.13	0.3	2.93755
0.13	0.32	3.10964
0.13	0.34	3.26345
0.13	0.36	3.39807
0.13	0.38	3.51279
0.13	0.4	3.60713
0.13	0.42	3.6808
0.13	0.44	3.73365
0.13	0.46	3.76572
0.13	0.48	3.77715
0.13	0.5	3.76821
0.13	0.52	3.73926
0.13	0.54	3.69076
0.13	0.56	3.62325
0.13	0.58	3.53735
0.13	0.6	3.43376
0.13	0.62	3.31322
0.13	0.64	3.17658
0.13	0.66	3.02477
0.13	0.68	2.85879
0.13	0.7	2.67979
0.13	0.72	2.48902
0.13	0.74	2.28793
0.13	0.76	2.07816
0.13	0.78	1.86161
0.13	0.8	1.64047
0.13	0.82	1.4173
0.13	0.84	1.19504
0.13	0.86	0.977135
0.13	0.88	0.767544
0.13	0.9	0.570835
0.13	0.92	0.392273
0.13	0.94	0.237955
0.13	0.96	0.115044
0.13	0.98	0.0321626
0.13	1	0

0.15	0	0
0.15	0.02	0.0362102
0.15	0.04	0.130648
0.15	0.06	0.271377
0.15	0.08	0.44834
0.15	0.1	0.65297
0.15	0.12	0.877876
0.15	0.14	1.11662
0.15	0.16	1.36358
0.15	0.18	1.61381
0.15	0.2	1.86302
0.15	0.22	2.10747
0.15	0.24	2.34391
0.15	0.26	2.56958
0.15	0.28	2.78212
0.15	0.3	2.97953
0.15	0.32	3.16015
0.15	0.34	3.32265
0.15	0.36	3.46593
0.15	0.38	3.58914
0.15	0.4	3.69167
0.15	0.42	3.77309
0.15	0.44	3.83314
0.15	0.46	3.87171
0.15	0.48	3.88885
0.15	0.5	3.88474
0.15	0.52	3.85965
0.15	0.54	3.81397
0.15	0.56	3.7482
0.15	0.58	3.6629
0.15	0.6	3.55876
0.15	0.62	3.43653
0.15	0.64	3.29707
0.15	0.66	3.14134
0.15	0.68	2.97041
0.15	0.7	2.78549
0.15	0.72	2.58796
0.15	0.74	2.37937
0.15	0.76	2.16148
0.15	0.78	1.93635
0.15	0.8	1.70632
0.15	0.82	1.47409
0.15	0.84	1.24279
0.15	0.86	1.01601
0.15	0.88	0.797891
0.15	0.9	0.59318
0.15	0.92	0.407369
0.15	0.94	0.246839
0.15	0.96	0.119103
0.15	0.98	0.0331632
0.15	1	0

0.17	0	0
0.17	0.02	0.034196
0.17	0.04	0.124549
0.17	0.06	0.260324
0.17	0.08	0.432185
0.17	0.1	0.632007
0.17	0.12	0.852685
0.17	0.14	1.08797
0.17	0.16	1.33237
0.17	0.18	1.58103
0.17	0.2	1.82967
0.17	0.22	2.07456
0.17	0.24	2.31244
0.17	0.26	2.54047
0.17	0.28	2.75622
0.17	0.3	2.9576
0.17	0.32	3.14285
0.17	0.34	3.31051
0.17	0.36	3.45937
0.17	0.38	3.58846
0.17	0.4	3.69704
0.17	0.42	3.78454
0.17	0.44	3.85059
0.17	0.46	3.89497
0.17	0.48	3.91761
0.17	0.5	3.91857
0.17	0.52	3.89804
0.17	0.54	3.85633
0.17	0.56	3.79386
0.17	0.58	3.71115
0.17	0.6	3.60883
0.17	0.62	3.48763
0.17	0.64	3.34842
0.17	0.66	3.19216
0.17	0.68	3.01995
0.17	0.7	2.83307
0.17	0.72	2.63293
0.17	0.74	2.42117
0.17	0.76	2.19967
0.17	0.78	1.97057
0.17	0.8	1.73632
0.17	0.82	1.49974
0.17	0.84	1.26406
0.17	0.86	1.03299
0.17	0.88	0.810774
0.17	0.9	0.602296
0.17	0.92	0.413182
0.17	0.94	0.249969
0.17	0.96	0.120328
0.17	0.98	0.033366
0.17	1	0

0.19	0	0
0.19	0.02	0.0317637
0.19	0.04	0.1167
0.19	0.06	0.24536
0.19	0.08	0.409275
0.19	0.1	0.60091
0.19	0.12	0.813571
0.19	0.14	1.04131
0.19	0.16	1.27885
0.19	0.18	1.52149
0.19	0.2	1.76508
0.19	0.22	2.00595
0.19	0.24	2.24086
0.19	0.26	2.467
0.19	0.28	2.68188
0.19	0.3	2.8834
0.19	0.32	3.06973
0.19	0.34	3.23932
0.19	0.36	3.39087
0.19	0.38	3.52332
0.19	0.4	3.6358
0.19	0.42	3.72766
0.19	0.44	3.7984
0.19	0.46	3.84768
0.19	0.48	3.87533
0.19	0.5	3.88131
0.19	0.52	3.8657
0.19	0.54	3.82871
0.19	0.56	3.77069
0.19	0.58	3.69209
0.19	0.6	3.59348
0.19	0.62	3.47556
0.19	0.64	3.33916
0.19	0.66	3.18523
0.19	0.68	3.01489
0.19	0.7	2.82941
0.19	0.72	2.63028
0.19	0.74	2.41916
0.19	0.76	2.19799
0.19	0.78	1.96898
0.19	0.8	1.73464
0.19	0.82	1.49787
0.19	0.84	1.26197
0.19	0.86	1.0307
0.19	0.88	0.808362
0.19	0.9	0.599902
0.19	0.92	0.410992
0.19	0.94	0.2482
0.19	0.96	0.119179
0.19	0.98	0.0329147
0.19	1	0

0.21	0	0
0.21	0.02	0.0290925
0.21	0.04	0.107746
0.21	0.06	0.227793
0.21	0.08	0.381698
0.21	0.1	0.562605
0.21	0.12	0.764324
0.21	0.14	0.981292
0.21	0.16	1.20852
0.21	0.18	1.44154
0.21	0.2	1.67637
0.21	0.22	1.90947
0.21	0.24	2.13769
0.21	0.26	2.35827
0.21	0.28	2.56876
0.21	0.3	2.76705
0.21	0.32	2.95127
0.21	0.34	3.11985
0.21	0.36	3.27142
0.21	0.38	3.40484
0.21	0.4	3.51917
0.21	0.42	3.61366
0.21	0.44	3.6877
0.21	0.46	3.74086
0.21	0.48	3.77286
0.21	0.5	3.78355
0.21	0.52	3.77293
0.21	0.54	3.7411
0.21	0.56	3.68832
0.21	0.58	3.61497
0.21	0.6	3.52155
0.21	0.62	3.4087
0.21	0.64	3.27721
0.21	0.66	3.128
0.21	0.68	2.96217
0.21	0.7	2.78101
0.21	0.72	2.58598
0.21	0.74	2.37879
0.21	0.76	2.1614
0.21	0.78	1.93603
0.21	0.8	1.70525
0.21	0.82	1.47196
0.21	0.84	1.2395
0.21	0.86	1.01165
0.21	0.88	0.792711
0.21	0.9	0.587609
0.21	0.92	0.401977
0.21	0.94	0.242296
0.21	0.96	0.116053
0.21	0.98	0.0319281
0.21	1	0

0.23	0	0
0.23	0.02	0.0263074
0.23	0.04	0.0981593
0.23	0.06	0.20861
0.23	0.08	0.351065
0.23	0.1	0.519395
0.23	0.12	0.707974
0.23	0.14	0.911681
0.23	0.16	1.12588
0.23	0.18	1.34638
0.23	0.2	1.56944
0.23	0.22	1.79168
0.23	0.24	2.0101
0.23	0.26	2.22203
0.23	0.28	2.42509
0.23	0.3	2.61721
0.23	0.32	2.79653
0.23	0.34	2.96147
0.23	0.36	3.11063
0.23	0.38	3.24283
0.23	0.4	3.35706
0.23	0.42	3.45249
0.23	0.44	3.52843
0.23	0.46	3.58438
0.23	0.48	3.61995
0.23	0.5	3.63489
0.23	0.52	3.6291
0.23	0.54	3.60261
0.23	0.56	3.55557
0.23	0.58	3.48828
0.23	0.6	3.40116
0.23	0.62	3.2948
0.23	0.64	3.16992
0.23	0.66	3.0274
0.23	0.68	2.86831
0.23	0.7	2.6939
0.23	0.72	2.50563
0.23	0.74	2.30519
0.23	0.76	2.09454
0.23	0.78	1.87591
0.23	0.8	1.65185
0.23	0.82	1.42527
0.23	0.84	1.19947
0.23	0.86	0.978214
0.23	0.88	0.765746
0.23	0.9	0.56691
0.23	0.92	0.387213
0.23	0.94	0.232944
0.23	0.96	0.111296
0.23	0.98	0.0305064
0.23	1	0

0.25	0	0
0.25	0.02	0.0234944
0.25	0.04	0.0882778
0.25	0.06	0.188536
0.25	0.08	0.318594
0.25	0.1	0.473057
0.25	0.12	0.646898
0.25	0.14	0.835477
0.25	0.16	1.03456
0.25	0.18	1.24027
0.25	0.2	1.44915
0.25	0.22	1.65802
0.25	0.24	1.86408
0.25	0.26	2.06477
0.25	0.28	2.25784
0.25	0.3	2.44126
0.25	0.32	2.61326
0.25	0.34	2.77224
0.25	0.36	2.91682
0.25	0.38	3.04579
0.25	0.4	3.15811
0.25	0.42	3.25289
0.25	0.44	3.32939
0.25	0.46	3.38701
0.25	0.48	3.42529
0.25	0.5	3.4439
0.25	0.52	3.44265
0.25	0.54	3.42146
0.25	0.56	3.38043
0.25	0.58	3.31974
0.25	0.6	3.23975
0.25	0.62	3.14097
0.25	0.64	3.02405
0.25	0.66	2.88982
0.25	0.68	2.7393
0.25	0.7	2.57368
0.25	0.72	2.39441
0.25	0.74	2.20313
0.25	0.76	2.00177
0.25	0.78	1.79254
0.25	0.8	1.57794
0.25	0.82	1.36085
0.25	0.84	1.14451
0.25	0.86	0.932592
0.25	0.88	0.729249
0.25	0.9	0.539175
0.25	0.92	0.367676
0.25	0.94	0.220755
0.25	0.96	0.105212
0.25	0.98	0.0287356
0.25	1	0

0.27	0	0
0.27	0.02	0.0207099
0.27	0.04	0.0783361
0.27	0.06	0.168095
0.27	0.08	0.285181
0.27	0.1	0.42493
0.27	0.12	0.582919
0.27	0.14	0.755018
0.27	0.16	0.937412
0.27	0.18	1.1266
0.27	0.2	1.3194
0.27	0.22	1.51292
0.27	0.24	1.70452
0.27	0.26	1.89186
0.27	0.28	2.07279
0.27	0.3	2.24541
0.27	0.32	2.40799
0.27	0.34	2.55901
0.27	0.36	2.69711
0.27	0.38	2.82107
0.27	0.4	2.92984
0.27	0.42	3.0225
0.27	0.44	3.09825
0.27	0.46	3.15646
0.27	0.48	3.19658
0.27	0.5	3.21822
0.27	0.52	3.22109
0.27	0.54	3.20505
0.27	0.56	3.1701
0.27	0.58	3.11634
0.27	0.6	3.04406
0.27	0.62	2.95368
0.27	0.64	2.84578
0.27	0.66	2.72112
0.27	0.68	2.58065
0.27	0.7	2.42553
0.27	0.72	2.25712
0.27	0.74	2.07703
0.27	0.76	1.88712
0.27	0.78	1.68955
0.27	0.8	1.48676
0.27	0.82	1.28154
0.27	0.84	1.07704
0.27	0.86	0.876816
0.27	0.88	0.684857
0.27	0.9	0.505655
0.27	0.92	0.344245
0.27	0.94	0.206276
0.27	0.96	0.0980693
0.27	0.98	0.0266906
0.27	1	0

0.29	0	0
0.29	0.02	0.0179896
0.29	0.04	0.0684911
0.29	0.06	0.147649
0.29	0.08	0.251471
0.29	0.1	0.375996
0.29	0.12	0.517405
0.29	0.14	0.672085
0.29	0.16	0.836666
0.29	0.18	1.00803
0.29	0.2	1.18332
0.29	0.22	1.35991
0.29	0.24	1.53542
0.29	0.26	1.70769
0.29	0.28	1.87473
0.29	0.3	2.03478
0.29	0.32	2.18621
0.29	0.34	2.32756
0.29	0.36	2.45752
0.29	0.38	2.57491
0.29	0.4	2.67867
0.29	0.42	2.76787
0.29	0.44	2.8417
0.29	0.46	2.89946
0.29	0.48	2.94057
0.29	0.5	2.96456
0.29	0.52	2.97109
0.29	0.54	2.95994
0.29	0.56	2.93101
0.29	0.58	2.88435
0.29	0.6	2.82016
0.29	0.62	2.73877
0.29	0.64	2.64069
0.29	0.66	2.52661
0.29	0.68	2.39741
0.29	0.7	2.25415
0.29	0.72	2.09815
0.29	0.74	1.93094
0.29	0.76	1.7543
0.29	0.78	1.5703
0.29	0.8	1.38129
0.29	0.82	1.18996
0.29	0.84	0.999312
0.29	0.86	0.81275
0.29	0.88	0.634062
0.29	0.9	0.467479
0.29	0.92	0.317713
0.29	0.94	0.189991
0.29	0.96	0.090104
0.29	0.98	0.0244371
0.29	1	0

0.31	0	0
0.31	0.02	0.0153533
0.31	0.04	0.0588409
0.31	0.06	0.127439
0.31	0.08	0.217906
0.31	0.1	0.326952
0.31	0.12	0.451349
0.31	0.14	0.588002
0.31	0.16	0.733994
0.31	0.18	0.886604
0.31	0.2	1.04331
0.31	0.22	1.2018
0.31	0.24	1.35995
0.31	0.26	1.51579
0.31	0.28	1.66755
0.31	0.3	1.81359
0.31	0.32	1.95242
0.31	0.34	2.08268
0.31	0.36	2.20311
0.31	0.38	2.31258
0.31	0.4	2.41006
0.31	0.42	2.49463
0.31	0.44	2.56546
0.31	0.46	2.62183
0.31	0.48	2.66311
0.31	0.5	2.6888
0.31	0.52	2.6985
0.31	0.54	2.6919
0.31	0.56	2.66886
0.31	0.58	2.62934
0.31	0.6	2.57346
0.31	0.62	2.50148
0.31	0.64	2.41383
0.31	0.66	2.31111
0.31	0.68	2.19411
0.31	0.7	2.06384
0.31	0.72	1.92151
0.31	0.74	1.76855
0.31	0.76	1.60667
0.31	0.78	1.43783
0.31	0.8	1.26425
0.31	0.82	1.08847
0.31	0.84	0.913352
0.31	0.86	0.742083
0.31	0.88	0.57821
0.31	0.9	0.425666
0.31	0.92	0.288786
0.31	0.94	0.172335
0.31	0.96	0.0815249
0.31	0.98	0.0220323
0.31	1	0

0.33	0	0
0.33	0.02	0.0128097
0.33	0.04	0.0494404
0.33	0.06	0.107612
0.33	0.08	0.184775
0.33	0.1	0.278274
0.33	0.12	0.385451
0.33	0.14	0.503725
0.33	0.16	0.630633
0.33	0.18	0.763859
0.33	0.2	0.901238
0.33	0.22	1.04077
0.33	0.24	1.18058
0.33	0.26	1.31897
0.33	0.28	1.45435
0.33	0.3	1.58526
0.33	0.32	1.71033
0.33	0.34	1.82832
0.33	0.36	1.93806
0.33	0.38	2.03849
0.33	0.4	2.12861
0.33	0.42	2.20752
0.33	0.44	2.27441
0.33	0.46	2.32853
0.33	0.48	2.36926
0.33	0.5	2.39602
0.33	0.52	2.40838
0.33	0.54	2.406
0.33	0.56	2.38864
0.33	0.58	2.35621
0.33	0.6	2.30876
0.33	0.62	2.24646
0.33	0.64	2.16966
0.33	0.66	2.07889
0.33	0.68	1.97485
0.33	0.7	1.85844
0.33	0.72	1.73078
0.33	0.74	1.59321
0.33	0.76	1.44731
0.33	0.78	1.2949
0.33	0.8	1.13809
0.33	0.82	0.979235
0.33	0.84	0.820996
0.33	0.86	0.666331
0.33	0.88	0.518508
0.33	0.9	0.381119
0.33	0.92	0.25809
0.33	0.94	0.153686
0.33	0.96	0.0725144
0.33	0.98	0.0195261
0.33	1	0

0.35	0	0
0.35	0.02	0.0103595
0.35	0.04	0.040313
0.35	0.06	0.0882464
0.35	0.08	0.15225
0.35	0.1	0.230264
0.35	0.12	0.320181
0.35	0.14	0.41992
0.35	0.16	0.527473
0.35	0.18	0.640926
0.35	0.2	0.75848
0.35	0.22	0.878448
0.35	0.24	0.999255
0.35	0.26	1.11943
0.35	0.28	1.23761
0.35	0.3	1.3525
0.35	0.32	1.46291
0.35	0.34	1.56771
0.35	0.36	1.66583
0.35	0.38	1.75628
0.35	0.4	1.83814
0.35	0.42	1.91053
0.35	0.44	1.97267
0.35	0.46	2.02381
0.35	0.48	2.0633
0.35	0.5	2.09057
0.35	0.52	2.10514
0.35	0.54	2.1066
0.35	0.56	2.0947
0.35	0.58	2.06926
0.35	0.6	2.03026
0.35	0.62	1.97781
0.35	0.64	1.91217
0.35	0.66	1.83378
0.35	0.68	1.74324
0.35	0.7	1.64138
0.35	0.72	1.52918
0.35	0.74	1.40788
0.35	0.76	1.27893
0.35	0.78	1.144
0.35	0.8	1.00502
0.35	0.82	0.864166
0.35	0.84	0.723877
0.35	0.86	0.586842
0.35	0.88	0.456021
0.35	0.9	0.334637
0.35	0.92	0.226174
0.35	0.94	0.134375
0.35	0.96	0.0632304
0.35	0.98	0.0169614
0.35	1	0

0.37	0	0
0.37	0.02	0.00799834
0.37	0.04	0.0314598
0.37	0.06	0.0693728
0.37	0.08	0.120418
0.37	0.1	0.183097
0.37	0.12	0.255832
0.37	0.14	0.337029
0.37	0.16	0.425124
0.37	0.18	0.51861
0.37	0.2	0.616051
0.37	0.22	0.716086
0.37	0.24	0.81743
0.37	0.26	0.91887
0.37	0.28	1.01925
0.37	0.3	1.1175
0.37	0.32	1.21255
0.37	0.34	1.30344
0.37	0.36	1.38921
0.37	0.38	1.46895
0.37	0.4	1.54182
0.37	0.42	1.60699
0.37	0.44	1.66369
0.37	0.46	1.71121
0.37	0.48	1.7489
0.37	0.5	1.77617
0.37	0.52	1.79251
0.37	0.54	1.79749
0.37	0.56	1.79079
0.37	0.58	1.7722
0.37	0.6	1.74162
0.37	0.62	1.69909
0.37	0.64	1.6448
0.37	0.66	1.5791
0.37	0.68	1.50249
0.37	0.7	1.41568
0.37	0.72	1.31955
0.37	0.74	1.21521
0.37	0.76	1.10395
0.37	0.78	0.987288
0.37	0.8	0.86697
0.37	0.82	0.744955
0.37	0.84	0.623429
0.37	0.86	0.504797
0.37	0.88	0.391681
0.37	0.9	0.286911
0.37	0.92	0.193511
0.37	0.94	0.114688
0.37	0.96	0.0538077
0.37	0.98	0.0143745
0.37	1	0

0.39	0	0
0.39	0.02	0.00571825
0.39	0.04	0.0228676
0.39	0.06	0.0509865
0.39	0.08	0.0893044
0.39	0.1	0.136857
0.39	0.12	0.19257
0.39	0.14	0.255324
0.39	0.16	0.323993
0.39	0.18	0.397468
0.39	0.2	0.474678
0.39	0.22	0.554587
0.39	0.24	0.636205
0.39	0.26	0.718577
0.39	0.28	0.800781
0.39	0.3	0.881928
0.39	0.32	0.961152
0.39	0.34	1.03761
0.39	0.36	1.11048
0.39	0.38	1.17895
0.39	0.4	1.24225
0.39	0.42	1.29962
0.39	0.44	1.35035
0.39	0.46	1.39373
0.39	0.48	1.42912
0.39	0.5	1.45595
0.39	0.52	1.47368
0.39	0.54	1.48186
0.39	0.56	1.48013
0.39	0.58	1.46823
0.39	0.6	1.446
0.39	0.62	1.41342
0.39	0.64	1.37058
0.39	0.66	1.31776
0.39	0.68	1.25536
0.39	0.7	1.18397
0.39	0.72	1.10436
0.39	0.74	1.01748
0.39	0.76	0.924473
0.39	0.78	0.826681
0.39	0.8	0.725637
0.39	0.82	0.62307
0.39	0.84	0.520897
0.39	0.86	0.421214
0.39	0.88	0.326287
0.39	0.9	0.238533
0.39	0.92	0.160504
0.39	0.94	0.0948633
0.39	0.96	0.044359
0.39	0.98	0.0117952
0.39	1	0

0.41	0	0
0.41	0.02	0.00350954
0.41	0.04	0.0145139
0.41	0.06	0.0330613
0.41	0.08	0.0588971
0.41	0.1	0.0915631
0.41	0.12	0.130472
0.41	0.14	0.174963
0.41	0.16	0.224335
0.41	0.18	0.277875
0.41	0.2	0.334869
0.41	0.22	0.39461
0.41	0.24	0.456398
0.41	0.26	0.519539
0.41	0.28	0.583346
0.41	0.3	0.647132
0.41	0.32	0.710207
0.41	0.34	0.771881
0.41	0.36	0.831461
0.41	0.38	0.888253
0.41	0.4	0.941564
0.41	0.42	0.99071
0.41	0.44	1.03502
0.41	0.46	1.07384
0.41	0.48	1.10655
0.41	0.5	1.13256
0.41	0.52	1.15135
0.41	0.54	1.16245
0.41	0.56	1.16547
0.41	0.58	1.16009
0.41	0.6	1.14611
0.41	0.62	1.12343
0.41	0.64	1.0921
0.41	0.66	1.05227
0.41	0.68	1.00426
0.41	0.7	0.948543
0.41	0.72	0.88575
0.41	0.74	0.816686
0.41	0.76	0.742326
0.41	0.78	0.663816
0.41	0.8	0.582471
0.41	0.82	0.499769
0.41	0.84	0.417342
0.41	0.86	0.336959
0.41	0.88	0.260513
0.41	0.9	0.189999
0.41	0.92	0.127487
0.41	0.94	0.0750992
0.41	0.96	0.0349763
0.41	0.98	0.0092478
0.41	1	0

0.43	0	0
0.43	0.02	0.00136189
0.43	0.04	0.00637232
0.43	0.06	0.0155596
0.43	0.08	0.0291594
0.43	0.1	0.0471983
0.43	0.12	0.0695576
0.43	0.14	0.0960201
0.43	0.16	0.126302
0.43	0.18	0.160076
0.43	0.2	0.196982
0.43	0.22	0.236632
0.43	0.24	0.278619
0.43	0.26	0.322509
0.43	0.28	0.367847
0.43	0.3	0.41415
0.43	0.32	0.460911
0.43	0.34	0.507596
0.43	0.36	0.553646
0.43	0.38	0.598481
0.43	0.4	0.641505
0.43	0.42	0.682108
0.43	0.44	0.719679
0.43	0.46	0.753611
0.43	0.48	0.783312
0.43	0.5	0.808215
0.43	0.52	0.827791
0.43	0.54	0.841559
0.43	0.56	0.849103
0.43	0.58	0.850079
0.43	0.6	0.844231
0.43	0.62	0.831405
0.43	0.64	0.811556
0.43	0.66	0.784764
0.43	0.68	0.75124
0.43	0.7	0.711335
0.43	0.72	0.665546
0.43	0.74	0.61452
0.43	0.76	0.559051
0.43	0.78	0.500083
0.43	0.8	0.438698
0.43	0.82	0.37611
0.43	0.84	0.31365
0.43	0.86	0.252749
0.43	0.88	0.194915
0.43	0.9	0.141713
0.43	0.92	0.0947302
0.43	0.94	0.055553
0.43	0.96	0.0257318
0.43	0.98	0.00675081
0.43	1	0

0.45	0	0
0.45	0.02	-0.000734753
0.45	0.04	-0.00158429
0.45	0.06	-0.00155996
0.45	0.08	4.52336e-005
0.45	0.1	0.00372547
0.45	0.12	0.0098153
0.45	0.14	0.018529
0.45	0.16	0.0299882
0.45	0.18	0.0442409
0.45	0.2	0.0612724
0.45	0.22	0.0810122
0.45	0.24	0.103337
0.45	0.26	0.128073
0.45	0.28	0.154993
0.45	0.3	0.183822
0.45	0.32	0.214231
0.45	0.34	0.245846
0.45	0.36	0.278246
0.45	0.38	0.310969
0.45	0.4	0.343518
0.45	0.42	0.375368
0.45	0.44	0.405973
0.45	0.46	0.434778
0.45	0.48	0.461227
0.45	0.5	0.484775
0.45	0.52	0.504903
0.45	0.54	0.521125
0.45	0.56	0.533007
0.45	0.58	0.540174
0.45	0.6	0.542326
0.45	0.62	0.539249
0.45	0.64	0.530828
0.45	0.66	0.517052
0.45	0.68	0.49803
0.45	0.7	0.473989
0.45	0.72	0.445285
0.45	0.74	0.4124
0.45	0.76	0.375942
0.45	0.78	0.33664
0.45	0.8	0.295334
0.45	0.82	0.252962
0.45	0.84	0.210545
0.45	0.86	0.169164
0.45	0.88	0.129937
0.45	0.9	0.0939941
0.45	0.92	0.0624435
0.45	0.94	0.0363453
0.45	0.96	0.0166794
0.45	0.98	0.00431766
0.45	1	0

0.47	0	0
0.47	0.02	-0.0027894
0.47	0.04	-0.00938077
0.47	0.06	-0.0183363
0.47	0.08	-0.0284904
0.47	0.1	-0.0388945
0.47	0.12	-0.048774
0.47	0.14	-0.0574954
0.47	0.16	-0.0645433
0.47	0.18	-0.0695042
0.47	0.2	-0.0720558
0.47	0.22	-0.0719609
0.47	0.24	-0.069063
0.47	0.26	-0.0632844
0.47	0.28	-0.0546241
0.47	0.3	-0.0431563
0.47	0.32	-0.0290279
0.47	0.34	-0.0124551
0.47	0.36	0.00628051
0.47	0.38	0.026838
0.47	0.4	0.0488239
0.47	0.42	0.0717997
0.47	0.44	0.095292
0.47	0.46	0.118802
0.47	0.48	0.141816
0.47	0.5	0.16382
0.47	0.52	0.184307
0.47	0.54	0.202794
0.47	0.56	0.218835
0.47	0.58	0.232028
0.47	0.6	0.242034
0.47	0.62	0.248584
0.47	0.64	0.25149
0.47	0.66	0.250657
0.47	0.68	0.246085
0.47	0.7	0.237879
0.47	0.72	0.226248
0.47	0.74	0.211505
0.47	0.76	0.194064
0.47	0.78	0.174434
0.47	0.8	0.153202
0.47	0.82	0.131024
0.47	0.84	0.108601
0.47	0.86	0.0866582
0.47	0.88	0.0659212
0.47	0.9	0.047084
0.47	0.92	0.030782
0.47	0.94	0.0175623
0.47	0.96	0.00785653
0.47	0.98	0.00195704
0.47	1	0

0.49	0	0
0.49	0.02	-0.00480948
0.49	0.04	-0.0170374
0.49	0.06	-0.0348006
0.49	0.08	-0.0564826
0.49	0.1	-0.0806905
0.49	0.12	-0.10622
0.49	0.14	-0.132032
0.49	0.16	-0.157227
0.49	0.18	-0.181037
0.49	0.2	-0.202815
0.49	0.22	-0.222024
0.49	0.24	-0.238237
0.49	0.26	-0.251131
0.49	0.28	-0.260482
0.49	0.3	-0.266167
0.49	0.32	-0.268154
0.49	0.34	-0.266504
0.49	0.36	-0.261357
0.49	0.38	-0.252932
0.49	0.4	-0.241518
0.49	0.42	-0.227462
0.49	0.44	-0.211161
0.49	0.46	-0.193054
0.49	0.48	-0.173605
0.49	0.5	-0.153295
0.49	0.52	-0.13261
0.49	0.54	-0.112026
0.49	0.56	-0.0919971
0.49	0.58	-0.0729449
0.49	0.6	-0.0552461
0.49	0.62	-0.0392215
0.49	0.64	-0.025127
0.49	0.66	-0.0131455
0.49	0.68	-0.00338146
0.49	0.7	0.00414297
0.49	0.72	0.00948841
0.49	0.74	0.0127958
0.49	0.76	0.0142806
0.49	0.78	0.0142228
0.49	0.8	0.0129537
0.49	0.82	0.0108387
0.49	0.84	0.00825574
0.49	0.86	0.00557192
0.49	0.88	0.00311645
0.49	0.9	0.00115284
0.49	0.92	-0.000149232
0.49	0.94	-0.000740444
0.49	0.96	-0.000714764
0.49	0.98	-0.000326627
0.49	1	0

0.51	0	0
0.51	0.02	-0.0068004
0.51	0.04	-0.024568
0.51	0.06	-0.0509725
0.51	0.08	-0.0839499
0.51	0.1	-0.12167
0.51	0.12	-0.16251
0.51	0.14	-0.205033
0.51	0.16	-0.247972
0.51	0.18	-0.290215
0.51	0.2	-0.330801
0.51	0.22	-0.368904
0.51	0.24	-0.403838
0.51	0.26	-0.435039
0.51	0.28	-0.462073
0.51	0.3	-0.484621
0.51	0.32	-0.502479
0.51	0.34	-0.515551
0.51	0.36	-0.52384
0.51	0.38	-0.527444
0.51	0.4	-0.526541
0.51	0.42	-0.521389
0.51	0.44	-0.512304
0.51	0.46	-0.499659
0.51	0.48	-0.483867
0.51	0.5	-0.46537
0.51	0.52	-0.444627
0.51	0.54	-0.422104
0.51	0.56	-0.398256
0.51	0.58	-0.373522
0.51	0.6	-0.348313
0.51	0.62	-0.322996
0.51	0.64	-0.297896
0.51	0.66	-0.273279
0.51	0.68	-0.249356
0.51	0.7	-0.226276
0.51	0.72	-0.204129
0.51	0.74	-0.182948
0.51	0.76	-0.162721
0.51	0.78	-0.143399
0.51	0.8	-0.12491
0.51	0.82	-0.107184
0.51	0.84	-0.0901685
0.51	0.86	-0.0738553
0.51	0.88	-0.0583089
0.51	0.9	-0.0436915
0.51	0.92	-0.0302892
0.51	0.94	-0.0185349
0.51	0.96	-0.00902581
0.51	0.98	-0.00253269
0.51	1	0

0.53	0	0
0.53	0.02	-0.00876515
0.53	0.04	-0.0319786
0.53	0.06	-0.0668565
0.53	0.08	-0.110888
0.53	0.1	-0.161811
0.53	0.12	-0.217593
0.53	0.14	-0.276412
0.53	0.16	-0.336644
0.53	0.18	-0.396849
0.53	0.2	-0.455762
0.53	0.22	-0.512285
0.53	0.24	-0.565477
0.53	0.26	-0.614551
0.53	0.28	-0.658864
0.53	0.3	-0.697913
0.53	0.32	-0.731324
0.53	0.34	-0.758849
0.53	0.36	-0.780357
0.53	0.38	-0.795822
0.53	0.4	-0.805317
0.53	0.42	-0.809002
0.53	0.44	-0.807114
0.53	0.46	-0.799956
0.53	0.48	-0.787885
0.53	0.5	-0.7713
0.53	0.52	-0.75063
0.53	0.54	-0.726323
0.53	0.56	-0.698835
0.53	0.58	-0.668616
0.53	0.6	-0.636105
0.53	0.62	-0.601717
0.53	0.64	-0.565839
0.53	0.66	-0.528822
0.53	0.68	-0.49098
0.53	0.7	-0.45259
0.53	0.72	-0.413892
0.53	0.74	-0.375096
0.53	0.76	-0.336394
0.53	0.78	-0.297969
0.53	0.8	-0.260014
0.53	0.82	-0.222749
0.53	0.84	-0.186451
0.53	0.86	-0.151469
0.53	0.88	-0.118256
0.53	0.9	-0.0873946
0.53	0.92	-0.0596147
0.53	0.94	-0.0358166
0.53	0.96	-0.0170795
0.53	0.98	-0.00466378
0.53	1	0

0.55	0	0
0.55	0.02	-0.010704
0.55	0.04	-0.0392662
0.55	0.06	-0.0824398
0.55	0.08	-0.137266
0.55	0.1	-0.201055
0.55	0.12	-0.271374
0.55	0.14	-0.346029
0.55	0.16	-0.423051
0.55	0.18	-0.500687
0.55	0.2	-0.577383
0.55	0.22	-0.65178
0.55	0.24	-0.722701
0.55	0.26	-0.789141
0.55	0.28	-0.850261
0.55	0.3	-0.905379
0.55	0.32	-0.95396
0.55	0.34	-0.995608
0.55	0.36	-1.03006
0.55	0.38	-1.05717
0.55	0.4	-1.0769
0.55	0.42	-1.08931
0.55	0.44	-1.09457
0.55	0.46	-1.0929
0.55	0.48	-1.0846
0.55	0.5	-1.07002
0.55	0.52	-1.04955
0.55	0.54	-1.02363
0.55	0.56	-0.992696
0.55	0.58	-0.957215
0.55	0.6	-0.917648
0.55	0.62	-0.874454
0.55	0.64	-0.82808
0.55	0.66	-0.778958
0.55	0.68	-0.727505
0.55	0.7	-0.674123
0.55	0.72	-0.619203
0.55	0.74	-0.563131
0.55	0.76	-0.506303
0.55	0.78	-0.449133
0.55	0.8	-0.392077
0.55	0.82	-0.33565
0.55	0.84	-0.28045
0.55	0.86	-0.227182
0.55	0.88	-0.176684
0.55	0.9	-0.129946
0.55	0.92	-0.0881337
0.55	0.94	-0.0526002
0.55	0.96	-0.0248884
0.55	0.98	-0.00672529
0.55	1	0

0.57	0	0
0.57	0.02	-0.0126144
0.57	0.04	-0.0464177
0.57	0.06	-0.0976896
0.57	0.08	-0.16302
0.57	0.1	-0.2393
0.57	0.12	-0.323703
0.57	0.14	-0.413676
0.57	0.16	-0.506924
0.57	0.18	-0.601392
0.57	0.2	-0.695258
0.57	0.22	-0.786915
0.57	0.24	-0.874961
0.57	0.26	-0.958188
0.57	0.28	-1.03557
0.57	0.3	-1.10626
0.57	0.32	-1.16957
0.57	0.34	-1.22495
0.57	0.36	-1.27202
0.57	0.38	-1.31051
0.57	0.4	-1.34027
0.57	0.42	-1.36128
0.57	0.44	-1.37361
0.57	0.46	-1.37741
0.57	0.48	-1.37292
0.57	0.5	-1.36044
0.57	0.52	-1.34032
0.57	0.54	-1.31296
0.57	0.56	-1.27881
0.57	0.58	-1.23833
0.57	0.6	-1.192
0.57	0.62	-1.14032
0.57	0.64	-1.08379
0.57	0.66	-1.02293
0.57	0.68	-0.958242
0.57	0.7	-0.890265
0.57	0.72	-0.819532
0.57	0.74	-0.746605
0.57	0.76	-0.67208
0.57	0.78	-0.596602
0.57	0.8	-0.520888
0.57	0.82	-0.445742
0.57	0.84	-0.37208
0.57	0.86	-0.300958
0.57	0.88	-0.233589
0.57	0.9	-0.171366
0.57	0.92	-0.115877
0.57	0.94	-0.0689153
0.57	0.96	-0.0324724
0.57	0.98	-0.00872477
0.57	1	0

0.59	0	0
0.59	0.02	-0.0144905
0.59	0.04	-0.0534094
0.59	0.06	-0.112552
0.59	0.08	-0.188056
0.59	0.1	-0.276397
0.59	0.12	-0.37437
0.59	0.14	-0.479077
0.59	0.16	-0.587911
0.59	0.18	-0.698537
0.59	0.2	-0.808879
0.59	0.22	-0.9171
0.59	0.24	-1.02159
0.59	0.26	-1.12095
0.59	0.28	-1.21399
0.59	0.3	-1.29968
0.59	0.32	-1.3772
0.59	0.34	-1.44588
0.59	0.36	-1.50518
0.59	0.38	-1.55474
0.59	0.4	-1.59431
0.59	0.42	-1.62376
0.59	0.44	-1.64306
0.59	0.46	-1.65231
0.59	0.48	-1.65167
0.59	0.5	-1.64139
0.59	0.52	-1.62178
0.59	0.54	-1.59321
0.59	0.56	-1.55611
0.59	0.58	-1.51093
0.59	0.6	-1.45818
0.59	0.62	-1.3984
0.59	0.64	-1.33213
0.59	0.66	-1.25996
0.59	0.68	-1.18251
0.59	0.7	-1.10042
0.59	0.72	-1.01437
0.59	0.74	-0.925097
0.59	0.76	-0.83339
0.59	0.78	-0.740125
0.59	0.8	-0.646269
0.59	0.82	-0.552914
0.59	0.84	-0.461289
0.59	0.86	-0.372789
0.59	0.88	-0.288997
0.59	0.9	-0.211697
0.59	0.92	-0.142892
0.59	0.94	-0.0848015
0.59	0.96	-0.0398566
0.59	0.98	-0.0106713
0.59	1	0

0.61	0	0
0.61	0.02	-0.0163234
0.61	0.04	-0.0602058
0.61	0.06	-0.126948
0.61	0.08	-0.21224
0.61	0.1	-0.312146
0.61	0.12	-0.423098
0.61	0.14	-0.541871
0.61	0.16	-0.665566
0.61	0.18	-0.791586
0.61	0.2	-0.917621
0.61	0.22	-1.04162
0.61	0.24	-1.16179
0.61	0.26	-1.27655
0.61	0.28	-1.38454
0.61	0.3	-1.48461
0.61	0.32	-1.57577
0.61	0.34	-1.65723
0.61	0.36	-1.72835
0.61	0.38	-1.78863
0.61	0.4	-1.83773
0.61	0.42	-1.87543
0.61	0.44	-1.90161
0.61	0.46	-1.91628
0.61	0.48	-1.91955
0.61	0.5	-1.91159
0.61	0.52	-1.89267
0.61	0.54	-1.86314
0.61	0.56	-1.8234
0.61	0.58	-1.77389
0.61	0.6	-1.71514
0.61	0.62	-1.64771
0.61	0.64	-1.5722
0.61	0.66	-1.48925
0.61	0.68	-1.39959
0.61	0.7	-1.30396
0.61	0.72	-1.20318
0.61	0.74	-1.09816
0.61	0.76	-0.989885
0.61	0.78	-0.879437
0.61	0.8	-0.76804
0.61	0.82	-0.657058
0.61	0.84	-0.548026
0.61	0.86	-0.442672
0.61	0.88	-0.342937
0.61	0.9	-0.250987
0.61	0.92	-0.169229
0.61	0.94	-0.100303
0.61	0.96	-0.0470687
0.61	0.98	-0.0125748
0.61	1	0

0.63	0	0
0.63	0.02	-0.0181004
0.63	0.04	-0.0667596
0.63	0.06	-0.140778
0.63	0.08	-0.235399
0.63	0.1	-0.346292
0.63	0.12	-0.469541
0.63	0.14	-0.601614
0.63	0.16	-0.739341
0.63	0.18	-0.879887
0.63	0.2	-1.02073
0.63	0.22	-1.15963
0.63	0.24	-1.29461
0.63	0.26	-1.42393
0.63	0.28	-1.5461
0.63	0.3	-1.65982
0.63	0.32	-1.76398
0.63	0.34	-1.85766
0.63	0.36	-1.94011
0.63	0.38	-2.01072
0.63	0.4	-2.06906
0.63	0.42	-2.11479
0.63	0.44	-2.14773
0.63	0.46	-2.1678
0.63	0.48	-2.17502
0.63	0.5	-2.16953
0.63	0.52	-2.15154
0.63	0.54	-2.12135
0.63	0.56	-2.07933
0.63	0.58	-2.02593
0.63	0.6	-1.96167
0.63	0.62	-1.88713
0.63	0.64	-1.80295
0.63	0.66	-1.70986
0.63	0.68	-1.60864
0.63	0.7	-1.50015
0.63	0.72	-1.38535
0.63	0.74	-1.26529
0.63	0.76	-1.14115
0.63	0.78	-1.01423
0.63	0.8	-0.885974
0.63	0.82	-0.758027
0.63	0.84	-0.632215
0.63	0.86	-0.510585
0.63	0.88	-0.395426
0.63	0.9	-0.289276
0.63	0.92	-0.194936
0.63	0.94	-0.11546
0.63	0.96	-0.0541359
0.63	0.98	-0.0144454
0.63	1	0

0.65	0	0
0.65	0.02	-0.0198056
0.65	0.04	-0.0730106
0.65	0.06	-0.153914
0.65	0.08	-0.257321
0.65	0.1	-0.378523
0.65	0.12	-0.513276
0.65	0.14	-0.657766
0.65	0.16	-0.808579
0.65	0.18	-0.962665
0.65	0.2	-1.11731
0.65	0.22	-1.27011
0.65	0.24	-1.41892
0.65	0.26	-1.56188
0.65	0.28	-1.69736
0.65	0.3	-1.82391
0.65	0.32	-1.94034
0.65	0.34	-2.0456
0.65	0.36	-2.13883
0.65	0.38	-2.21934
0.65	0.4	-2.28656
0.65	0.42	-2.3401
0.65	0.44	-2.37966
0.65	0.46	-2.4051
0.65	0.48	-2.41636
0.65	0.5	-2.4135
0.65	0.52	-2.39669
0.65	0.54	-2.36619
0.65	0.56	-2.32233
0.65	0.58	-2.26554
0.65	0.6	-2.19634
0.65	0.62	-2.11532
0.65	0.64	-2.02317
0.65	0.66	-1.92066
0.65	0.68	-1.80865
0.65	0.7	-1.6881
0.65	0.72	-1.5601
0.65	0.74	-1.42584
0.65	0.76	-1.28666
0.65	0.78	-1.14407
0.65	0.8	-0.999757
0.65	0.82	-0.855602
0.65	0.84	-0.713716
0.65	0.86	-0.576455
0.65	0.88	-0.446442
0.65	0.9	-0.326577
0.65	0.92	-0.220044
0.65	0.94	-0.130307
0.65	0.96	-0.0610814
0.65	0.98	-0.0162924
0.65	1	0

0.67	0	0
0.67	0.02	-0.021419
0.67	0.04	-0.0788856
0.67	0.06	-0.166202
0.67	0.08	-0.277749
0.67	0.1	-0.408465
0.67	0.12	-0.553803
0.67	0.14	-0.709696
0.67	0.16	-0.872512
0.67	0.18	-1.03901
0.67	0.2	-1.20633
0.67	0.22	-1.37189
0.67	0.24	-1.53344
0.67	0.26	-1.68899
0.67	0.28	-1.83677
0.67	0.3	-1.97526
0.67	0.32	-2.10313
0.67	0.34	-2.21925
0.67	0.36	-2.32265
0.67	0.38	-2.41253
0.67	0.4	-2.48826
0.67	0.42	-2.54932
0.67	0.44	-2.59535
0.67	0.46	-2.62612
0.67	0.48	-2.64149
0.67	0.5	-2.64146
0.67	0.52	-2.62613
0.67	0.54	-2.59571
0.67	0.56	-2.5505
0.67	0.58	-2.49091
0.67	0.6	-2.41744
0.67	0.62	-2.33069
0.67	0.64	-2.23137
0.67	0.66	-2.12029
0.67	0.68	-1.99839
0.67	0.7	-1.86672
0.67	0.72	-1.72646
0.67	0.74	-1.57895
0.67	0.76	-1.4257
0.67	0.78	-1.2684
0.67	0.8	-1.10894
0.67	0.82	-0.94944
0.67	0.84	-0.792288
0.67	0.86	-0.640128
0.67	0.88	-0.495901
0.67	0.9	-0.362855
0.67	0.92	-0.244552
0.67	0.94	-0.144858
0.67	0.96	-0.0679208
0.67	0.98	-0.0181231
0.67	1	0

0.69	0	0
0.69	0.02	-0.022917
0.69	0.04	-0.0842975
0.69	0.06	-0.177459
0.69	0.08	-0.296385
0.69	0.1	-0.435684
0.69	0.12	-0.590542
0.69	0.14	-0.75667
0.69	0.16	-0.930253
0.69	0.18	-1.1079
0.69	0.2	-1.28658
0.69	0.22	-1.46364
0.69	0.24	-1.63669
0.69	0.26	-1.80363
0.69	0.28	-1.9626
0.69	0.3	-2.112
0.69	0.32	-2.25038
0.69	0.34	-2.37652
0.69	0.36	-2.48938
0.69	0.38	-2.58806
0.69	0.4	-2.67183
0.69	0.42	-2.7401
0.69	0.44	-2.79241
0.69	0.46	-2.82845
0.69	0.48	-2.84801
0.69	0.5	-2.85102
0.69	0.52	-2.8375
0.69	0.54	-2.80762
0.69	0.56	-2.76162
0.69	0.58	-2.69989
0.69	0.6	-2.6229
0.69	0.62	-2.53126
0.69	0.64	-2.4257
0.69	0.66	-2.30705
0.69	0.68	-2.1763
0.69	0.7	-2.03458
0.69	0.72	-1.88317
0.69	0.74	-1.72354
0.69	0.76	-1.55733
0.69	0.78	-1.38641
0.69	0.8	-1.21286
0.69	0.82	-1.03903
0.69	0.84	-0.867544
0.69	0.86	-0.701327
0.69	0.88	-0.543622
0.69	0.9	-0.398008
0.69	0.92	-0.268412
0.69	0.94	-0.1591
0.69	0.96	-0.0746572
0.69	0.98	-0.0199418
0.69	1	0

0.71	0	0
0.71	0.02	-0.0242717
0.71	0.04	-0.089145
0.71	0.06	-0.187476
0.71	0.08	-0.312881
0.71	0.1	-0.459679
0.71	0.12	-0.622828
0.71	0.14	-0.797855
0.71	0.16	-0.980795
0.71	0.18	-1.16813
0.71	0.2	-1.35674
0.71	0.22	-1.54384
0.71	0.24	-1.72698
0.71	0.26	-1.90397
0.71	0.28	-2.07288
0.71	0.3	-2.232
0.71	0.32	-2.37983
0.71	0.34	-2.51506
0.71	0.36	-2.63656
0.71	0.38	-2.74336
0.71	0.4	-2.83464
0.71	0.42	-2.90972
0.71	0.44	-2.96808
0.71	0.46	-3.00931
0.71	0.48	-3.03312
0.71	0.5	-3.03937
0.71	0.52	-3.02803
0.71	0.54	-2.99917
0.71	0.56	-2.95301
0.71	0.58	-2.88988
0.71	0.6	-2.81024
0.71	0.62	-2.71468
0.71	0.64	-2.60392
0.71	0.66	-2.47882
0.71	0.68	-2.34042
0.71	0.7	-2.1899
0.71	0.72	-2.02862
0.71	0.74	-1.85816
0.71	0.76	-1.68029
0.71	0.78	-1.49702
0.71	0.8	-1.31061
0.71	0.82	-1.12363
0.71	0.84	-0.9389
0.71	0.86	-0.759615
0.71	0.88	-0.589294
0.71	0.9	-0.431833
0.71	0.92	-0.291509
0.71	0.94	-0.17298
0.71	0.96	-0.0812751
0.71	0.98	-0.0217482
0.71	1	0

0.73	0	0
0.73	0.02	-0.025451
0.73	0.04	-0.0933113
0.73	0.06	-0.196011
0.73	0.08	-0.326844
0.73	0.1	-0.479886
0.73	0.12	-0.649912
0.73	0.14	-0.832312
0.73	0.16	-1.02301
0.73	0.18	-1.2184
0.73	0.2	-1.41528
0.73	0.22	-1.61081
0.73	0.24	-1.80246
0.73	0.26	-1.98798
0.73	0.28	-2.16538
0.73	0.3	-2.3329
0.73	0.32	-2.48896
0.73	0.34	-2.63218
0.73	0.36	-2.76138
0.73	0.38	-2.8755
0.73	0.4	-2.97365
0.73	0.42	-3.05508
0.73	0.44	-3.11918
0.73	0.46	-3.16545
0.73	0.48	-3.19356
0.73	0.5	-3.20325
0.73	0.52	-3.19444
0.73	0.54	-3.16714
0.73	0.56	-3.1215
0.73	0.58	-3.0578
0.73	0.6	-2.97647
0.73	0.62	-2.87806
0.73	0.64	-2.76329
0.73	0.66	-2.63303
0.73	0.68	-2.48834
0.73	0.7	-2.33044
0.73	0.72	-2.16077
0.73	0.74	-1.98097
0.73	0.76	-1.79293
0.73	0.78	-1.59879
0.73	0.8	-1.40097
0.73	0.82	-1.2022
0.73	0.84	-1.00552
0.73	0.86	-0.814338
0.73	0.88	-0.632437
0.73	0.9	-0.464001
0.73	0.92	-0.313639
0.73	0.94	-0.186392
0.73	0.96	-0.0877334
0.73	0.98	-0.0235351
0.73	1	0

0.75	0	0
0.75	0.02	-0.0264177
0.75	0.04	-0.0966632
0.75	0.06	-0.202791
0.75	0.08	-0.337829
0.75	0.1	-0.49567
0.75	0.12	-0.670961
0.75	0.14	-0.859001
0.75	0.16	-1.05565
0.75	0.18	-1.25725
0.75	0.2	-1.46055
0.75	0.22	-1.66267
0.75	0.24	-1.86104
0.75	0.26	-2.05338
0.75	0.28	-2.23765
0.75	0.3	-2.41203
0.75	0.32	-2.57493
0.75	0.34	-2.72489
0.75	0.36	-2.86068
0.75	0.38	-2.98118
0.75	0.4	-3.08543
0.75	0.42	-3.17262
0.75	0.44	-3.24205
0.75	0.46	-3.29317
0.75	0.48	-3.32555
0.75	0.5	-3.33886
0.75	0.52	-3.33295
0.75	0.54	-3.30775
0.75	0.56	-3.26335
0.75	0.58	-3.19997
0.75	0.6	-3.11799
0.75	0.62	-3.01793
0.75	0.64	-2.90048
0.75	0.66	-2.76651
0.75	0.68	-2.61707
0.75	0.7	-2.45341
0.75	0.72	-2.27702
0.75	0.74	-2.0896
0.75	0.76	-1.89313
0.75	0.78	-1.68984
0.75	0.8	-1.4823
0.75	0.82	-1.27336
0.75	0.84	-1.06625
0.75	0.86	-0.864581
0.75	0.88	-0.672352
0.75	0.9	-0.494014
0.75	0.92	-0.33448
0.75	0.94	-0.199157
0.75	0.96	-0.0939571
0.75	0.98	-0.0252864
0.75	1	0

0.77	0	0
0.77	0.02	-0.0271296
0.77	0.04	-0.0990496
0.77	0.06	-0.207508
0.77	0.08	-0.34534
0.77	0.1	-0.506327
0.77	0.12	-0.685051
0.77	0.14	-0.876776
0.77	0.16	-1.07734
0.77	0.18	-1.28307
0.77	0.2	-1.49071
0.77	0.22	-1.69737
0.77	0.24	-1.90045
0.77	0.26	-2.09767
0.77	0.28	-2.28696
0.77	0.3	-2.46648
0.77	0.32	-2.6346
0.77	0.34	-2.78985
0.77	0.36	-2.93093
0.77	0.38	-3.0567
0.77	0.4	-3.16612
0.77	0.42	-3.25834
0.77	0.44	-3.33258
0.77	0.46	-3.38823
0.77	0.48	-3.42477
0.77	0.5	-3.44183
0.77	0.52	-3.43914
0.77	0.54	-3.41659
0.77	0.56	-3.37418
0.77	0.58	-3.31207
0.77	0.6	-3.23058
0.77	0.62	-3.13018
0.77	0.64	-3.01152
0.77	0.66	-2.87544
0.77	0.68	-2.72298
0.77	0.7	-2.5554
0.77	0.72	-2.3742
0.77	0.74	-2.18113
0.77	0.76	-1.97822
0.77	0.78	-1.76778
0.77	0.8	-1.55248
0.77	0.82	-1.33528
0.77	0.84	-1.11957
0.77	0.86	-0.909099
0.77	0.88	-0.708074
0.77	0.9	-0.521166
0.77	0.92	-0.353563
0.77	0.94	-0.211005
0.77	0.96	-0.0998253
0.77	0.98	-0.0269736
0.77	1	0

0.79	0	0
0.79	0.02	-0.027538
0.79	0.04	-0.100299
0.79	0.06	-0.209816
0.79	0.08	-0.348826
0.79	0.1	-0.511081
0.79	0.12	-0.691173
0.79	0.14	-0.884392
0.79	0.16	-1.0866
0.79	0.18	-1.29415
0.79	0.2	-1.50381
0.79	0.22	-1.71269
0.79	0.24	-1.91823
0.79	0.26	-2.11814
0.79	0.28	-2.31035
0.79	0.3	-2.49303
0.79	0.32	-2.66453
0.79	0.34	-2.82337
0.79	0.36	-2.96823
0.79	0.38	-3.09792
0.79	0.4	-3.2114
0.79	0.42	-3.30772
0.79	0.44	-3.3861
0.79	0.46	-3.44582
0.79	0.48	-3.48633
0.79	0.5	-3.50715
0.79	0.52	-3.50797
0.79	0.54	-3.48857
0.79	0.56	-3.4489
0.79	0.58	-3.38905
0.79	0.6	-3.30925
0.79	0.62	-3.20991
0.79	0.64	-3.09164
0.79	0.66	-2.95523
0.79	0.68	-2.80168
0.79	0.7	-2.63224
0.79	0.72	-2.44841
0.79	0.74	-2.25193
0.79	0.76	-2.04488
0.79	0.78	-1.82961
0.79	0.8	-1.60884
0.79	0.82	-1.38564
0.79	0.84	-1.16348
0.79	0.86	-0.946255
0.79	0.88	-0.738307
0.79	0.9	-0.544495
0.79	0.92	-0.370231
0.79	0.94	-0.221545
0.79	0.96	-0.105159
0.79	0.98	-0.0285513
0.79	1	0

0.81	0	0
0.81	0.02	-0.0275865
0.81	0.04	-0.100215
0.81	0.06	-0.209327
0.81	0.08	-0.347676
0.81	0.1	-0.509086
0.81	0.12	-0.688237
0.81	0.14	-0.880505
0.81	0.16	-1.08183
0.81	0.18	-1.28862
0.81	0.2	-1.49771
0.81	0.22	-1.70625
0.81	0.24	-1.91171
0.81	0.26	-2.11183
0.81	0.28	-2.30459
0.81	0.3	-2.48816
0.81	0.32	-2.66092
0.81	0.34	-2.82139
0.81	0.36	-2.96825
0.81	0.38	-3.10029
0.81	0.4	-3.21645
0.81	0.42	-3.31576
0.81	0.44	-3.39738
0.81	0.46	-3.46055
0.81	0.48	-3.50465
0.81	0.5	-3.52915
0.81	0.52	-3.53365
0.81	0.54	-3.51787
0.81	0.56	-3.48167
0.81	0.58	-3.42506
0.81	0.6	-3.3482
0.81	0.62	-3.25143
0.81	0.64	-3.13528
0.81	0.66	-3.00047
0.81	0.68	-2.84797
0.81	0.7	-2.67897
0.81	0.72	-2.49494
0.81	0.74	-2.29761
0.81	0.76	-2.08904
0.81	0.78	-1.87162
0.81	0.8	-1.64806
0.81	0.82	-1.42151
0.81	0.84	-1.19548
0.81	0.86	-0.973951
0.81	0.88	-0.761372
0.81	0.9	-0.562728
0.81	0.92	-0.383597
0.81	0.94	-0.230238
0.81	0.96	-0.109701
0.81	0.98	-0.0299525
0.81	1	0

0.83	0	0
0.83	0.02	-0.0272092
0.83	0.04	-0.0985772
0.83	0.06	-0.20561
0.83	0.08	-0.341224
0.83	0.1	-0.499427
0.83	0.12	-0.675075
0.83	0.14	-0.86369
0.83	0.16	-1.06134
0.83	0.18	-1.26452
0.83	0.2	-1.47016
0.83	0.22	-1.67548
0.83	0.24	-1.87802
0.83	0.26	-2.07558
0.83	0.28	-2.2662
0.83	0.3	-2.44809
0.83	0.32	-2.61967
0.83	0.34	-2.7795
0.83	0.36	-2.92627
0.83	0.38	-3.05879
0.83	0.4	-3.17599
0.83	0.42	-3.27689
0.83	0.44	-3.36062
0.83	0.46	-3.42639
0.83	0.48	-3.47352
0.83	0.5	-3.50144
0.83	0.52	-3.50966
0.83	0.54	-3.49785
0.83	0.56	-3.46579
0.83	0.58	-3.41339
0.83	0.6	-3.34075
0.83	0.62	-3.2481
0.83	0.64	-3.13591
0.83	0.66	-3.00481
0.83	0.68	-2.8557
0.83	0.7	-2.68969
0.83	0.72	-2.5082
0.83	0.74	-2.3129
0.83	0.76	-2.10583
0.83	0.78	-1.88932
0.83	0.8	-1.6661
0.83	0.82	-1.4393
0.83	0.84	-1.21245
0.83	0.86	-0.989561
0.83	0.88	-0.775136
0.83	0.9	-0.574224
0.83	0.92	-0.392498
0.83	0.94	-0.236361
0.83	0.96	-0.113098
0.83	0.98	-0.0310804
0.83	1	0

0.85	0	0
0.85	0.02	-0.0263277
0.85	0.04	-0.0951297
0.85	0.06	-0.198187
0.85	0.08	-0.328748
0.85	0.1	-0.481133
0.85	0.12	-0.650458
0.85	0.14	-0.832454
0.85	0.16	-1.02334
0.85	0.18	-1.21978
0.85	0.2	-1.41878
0.85	0.22	-1.61768
0.85	0.24	-1.81412
0.85	0.26	-2.006
0.85	0.28	-2.19142
0.85	0.3	-2.3687
0.85	0.32	-2.53631
0.85	0.34	-2.69287
0.85	0.36	-2.83712
0.85	0.38	-2.96791
0.85	0.4	-3.08418
0.85	0.42	-3.18496
0.85	0.44	-3.26938
0.85	0.46	-3.33663
0.85	0.48	-3.38599
0.85	0.5	-3.41684
0.85	0.52	-3.42866
0.85	0.54	-3.42103
0.85	0.56	-3.39366
0.85	0.58	-3.34639
0.85	0.6	-3.27922
0.85	0.62	-3.19231
0.85	0.64	-3.086
0.85	0.66	-2.96087
0.85	0.68	-2.81768
0.85	0.7	-2.65748
0.85	0.72	-2.48158
0.85	0.74	-2.29157
0.85	0.76	-2.0894
0.85	0.78	-1.87735
0.85	0.8	-1.65808
0.85	0.82	-1.43466
0.85	0.84	-1.21059
0.85	0.86	-0.989862
0.85	0.88	-0.776956
0.85	0.9	-0.576922
0.85	0.92	-0.395445
0.85	0.94	-0.238965
0.85	0.96	-0.114873
0.85	0.98	-0.0317987
0.85	1	0

0.87	0	0
0.87	0.02	-0.0248471
0.87	0.04	-0.0895838
0.87	0.06	-0.186537
0.87	0.08	-0.309487
0.87	0.1	-0.4532
0.87	0.12	-0.61313
0.87	0.14	-0.785266
0.87	0.16	-0.966035
0.87	0.18	-1.15225
0.87	0.2	-1.34108
0.87	0.22	-1.53001
0.87	0.24	-1.7168
0.87	0.26	-1.89947
0.87	0.28	-2.07626
0.87	0.3	-2.24559
0.87	0.32	-2.40604
0.87	0.34	-2.5563
0.87	0.36	-2.69521
0.87	0.38	-2.82167
0.87	0.4	-2.93466
0.87	0.42	-3.03326
0.87	0.44	-3.1166
0.87	0.46	-3.18388
0.87	0.48	-3.23436
0.87	0.5	-3.2674
0.87	0.52	-3.28244
0.87	0.54	-3.279
0.87	0.56	-3.25673
0.87	0.58	-3.2154
0.87	0.6	-3.15492
0.87	0.62	-3.07534
0.87	0.64	-2.97694
0.87	0.66	-2.86014
0.87	0.68	-2.72563
0.87	0.7	-2.57431
0.87	0.72	-2.40738
0.87	0.74	-2.22632
0.87	0.76	-2.03294
0.87	0.78	-1.82939
0.87	0.8	-1.61824
0.87	0.82	-1.40244
0.87	0.84	-1.18539
0.87	0.86	-0.970986
0.87	0.88	-0.763632
0.87	0.9	-0.568296
0.87	0.92	-0.390578
0.87	0.94	-0.236836
0.87	0.96	-0.114393
0.87	0.98	-0.0319184
0.87	1	0

0.89	0	0
0.89	0.02	-0.0226532
0.89	0.04	-0.0816194
0.89	0.06	-0.170118
0.89	0.08	-0.282683
0.89	0.1	-0.414643
0.89	0.12	-0.561859
0.89	0.14	-0.720613
0.89	0.16	-0.887568
0.89	0.18	-1.05974
0.89	0.2	-1.23449
0.89	0.22	-1.40946
0.89	0.24	-1.58262
0.89	0.26	-1.75214
0.89	0.28	-1.91641
0.89	0.3	-2.07401
0.89	0.32	-2.22365
0.89	0.34	-2.36416
0.89	0.36	-2.49446
0.89	0.38	-2.61356
0.89	0.4	-2.72051
0.89	0.42	-2.81445
0.89	0.44	-2.89454
0.89	0.46	-2.96002
0.89	0.48	-3.01016
0.89	0.5	-3.04432
0.89	0.52	-3.06191
0.89	0.54	-3.06242
0.89	0.56	-3.04545
0.89	0.58	-3.01071
0.89	0.6	-2.95802
0.89	0.62	-2.88737
0.89	0.64	-2.7989
0.89	0.66	-2.69294
0.89	0.68	-2.57002
0.89	0.7	-2.43094
0.89	0.72	-2.27672
0.89	0.74	-2.10868
0.89	0.76	-1.92847
0.89	0.78	-1.73807
0.89	0.8	-1.53986
0.89	0.82	-1.3366
0.89	0.84	-1.13154
0.89	0.86	-0.92839
0.89	0.88	-0.731388
0.89	0.9	-0.545334
0.89	0.92	-0.375648
0.89	0.94	-0.228463
0.89	0.96	-0.110841
0.89	0.98	-0.0311796
0.89	1	0

0.91	0	0
0.91	0.02	-0.0196115
0.91	0.04	-0.0709102
0.91	0.06	-0.148428
0.91	0.08	-0.247664
0.91	0.1	-0.364595
0.91	0.12	-0.495525
0.91	0.14	-0.637064
0.91	0.16	-0.786146
0.91	0.18	-0.940037
0.91	0.2	-1.09633
0.91	0.22	-1.25292
0.91	0.24	-1.40797
0.91	0.26	-1.55988
0.91	0.28	-1.70726
0.91	0.3	-1.84886
0.91	0.32	-1.98356
0.91	0.34	-2.11035
0.91	0.36	-2.2283
0.91	0.38	-2.33652
0.91	0.4	-2.43419
0.91	0.42	-2.52052
0.91	0.44	-2.59475
0.91	0.46	-2.65617
0.91	0.48	-2.7041
0.91	0.5	-2.73791
0.91	0.52	-2.75703
0.91	0.54	-2.76093
0.91	0.56	-2.7492
0.91	0.58	-2.72148
0.91	0.6	-2.67755
0.91	0.62	-2.61732
0.91	0.64	-2.54081
0.91	0.66	-2.44825
0.91	0.68	-2.34005
0.91	0.7	-2.21681
0.91	0.72	-2.0794
0.91	0.74	-1.92894
0.91	0.76	-1.76685
0.91	0.78	-1.59488
0.91	0.8	-1.41516
0.91	0.82	-1.2302
0.91	0.84	-1.04295
0.91	0.86	-0.85686
0.91	0.88	-0.675896
0.91	0.9	-0.504581
0.91	0.92	-0.348039
0.91	0.94	-0.212049
0.91	0.96	-0.103194
0.91	0.98	-0.0292313
0.91	1	0

0.93	0	0
0.93	0.02	-0.0155846
0.93	0.04	-0.0572039
0.93	0.06	-0.121148
0.93	0.08	-0.204019
0.93	0.1	-0.302472
0.93	0.12	-0.413267
0.93	0.14	-0.53338
0.93	0.16	-0.660073
0.93	0.18	-0.790931
0.93	0.2	-0.923859
0.93	0.22	-1.05705
0.93	0.24	-1.18897
0.93	0.26	-1.31828
0.93	0.28	-1.44383
0.93	0.3	-1.5646
0.93	0.32	-1.6797
0.93	0.34	-1.78828
0.93	0.36	-1.8896
0.93	0.38	-1.98291
0.93	0.4	-2.06753
0.93	0.42	-2.14279
0.93	0.44	-2.20804
0.93	0.46	-2.26265
0.93	0.48	-2.30601
0.93	0.5	-2.33757
0.93	0.52	-2.35676
0.93	0.54	-2.36312
0.93	0.56	-2.35621
0.93	0.58	-2.33568
0.93	0.6	-2.30127
0.93	0.62	-2.2528
0.93	0.64	-2.19025
0.93	0.66	-2.11371
0.93	0.68	-2.02346
0.93	0.7	-1.91995
0.93	0.72	-1.80383
0.93	0.74	-1.67599
0.93	0.76	-1.5376
0.93	0.78	-1.39011
0.93	0.8	-1.23529
0.93	0.82	-1.0753
0.93	0.84	-0.912715
0.93	0.86	-0.750555
0.93	0.88	-0.59237
0.93	0.9	-0.44226
0.93	0.92	-0.30491
0.93	0.94	-0.185607
0.93	0.96	-0.0902642
0.93	0.98	-0.0256179
0.93	1	0

0.95	0	0
0.95	0.02	-0.0105082
0.95	0.04	-0.0405458
0.95	0.06	-0.088461
0.95	0.08	-0.151935
0.95	0.1	-0.228262
0.95	0.12	-0.314688
0.95	0.14	-0.408634
0.95	0.16	-0.507806
0.95	0.18	-0.610223
0.95	0.2	-0.714206
0.95	0.22	-0.818342
0.95	0.24	-0.921446
0.95	0.26	-1.02252
0.95	0.28	-1.12069
0.95	0.3	-1.21523
0.95	0.32	-1.30546
0.95	0.34	-1.39078
0.95	0.36	-1.47061
0.95	0.38	-1.54441
0.95	0.4	-1.61166
0.95	0.42	-1.67183
0.95	0.44	-1.72441
0.95	0.46	-1.76891
0.95	0.48	-1.80482
0.95	0.5	-1.83169
0.95	0.52	-1.84904
0.95	0.54	-1.85646
0.95	0.56	-1.85357
0.95	0.58	-1.84004
0.95	0.6	-1.8156
0.95	0.62	-1.78007
0.95	0.64	-1.73335
0.95	0.66	-1.67546
0.95	0.68	-1.60654
0.95	0.7	-1.52687
0.95	0.72	-1.43691
0.95	0.74	-1.33729
0.95	0.76	-1.22886
0.95	0.78	-1.11271
0.95	0.8	-0.990196
0.95	0.82	-0.863001
0.95	0.84	-0.733153
0.95	0.86	-0.603095
0.95	0.88	-0.475743
0.95	0.9	-0.354544
0.95	0.92	-0.243522
0.95	0.94	-0.147277
0.95	0.96	-0.0708976
0.95	0.98	-0.0198222
0.95	1	0

0.97	0	0
0.97	0.02	-0.00466192
0.97	0.04	-0.0218419
0.97	0.06	-0.0517046
0.97	0.08	-0.0927651
0.97	0.1	-0.14294
0.97	0.12	-0.200105
0.97	0.14	-0.262337
0.97	0.16	-0.327986
0.97	0.18	-0.39568
0.97	0.2	-0.464295
0.97	0.22	-0.532912
0.97	0.24	-0.600778
0.97	0.26	-0.667271
0.97	0.28	-0.731867
0.97	0.3	-0.794112
0.97	0.32	-0.853605
0.97	0.34	-0.909975
0.97	0.36	-0.962872
0.97	0.38	-1.01196
0.97	0.4	-1.05689
0.97	0.42	-1.09735
0.97	0.44	-1.13299
0.97	0.46	-1.16347
0.97	0.48	-1.18846
0.97	0.5	-1.20763
0.97	0.52	-1.22065
0.97	0.54	-1.22723
0.97	0.56	-1.22708
0.97	0.58	-1.21994
0.97	0.6	-1.20561
0.97	0.62	-1.18391
0.97	0.64	-1.15474
0.97	0.66	-1.11806
0.97	0.68	-1.07392
0.97	0.7	-1.02245
0.97	0.72	-0.963901
0.97	0.74	-0.898639
0.97	0.76	-0.827175
0.97	0.78	-0.750184
0.97	0.8	-0.668526
0.97	0.82	-0.583277
0.97	0.84	-0.495771
0.97	0.86	-0.407645
0.97	0.88	-0.320904
0.97	0.9	-0.237995
0.97	0.92	-0.161885
0.97	0.94	-0.0960988
0.97	0.96	-0.0446359
0.97	0.98	-0.0115505
0.97	1	0

0.99	0	0
0.99	0.02	0.000461191
0.99	0.04	-0.00419348
0.99	0.06	-0.0146127
0.99	0.08	-0.0299284
0.99	0.1	-0.049007
0.99	0.12	-0.0708148
0.99	0.14	-0.0944971
0.99	0.16	-0.119374
0.99	0.18	-0.14491
0.99	0.2	-0.17069
0.99	0.22	-0.196387
0.99	0.24	-0.221743
0.99	0.26	-0.24655
0.99	0.28	-0.270639
0.99	0.3	-0.293863
0.99	0.32	-0.316092
0.99	0.34	-0.337204
0.99	0.36	-0.357082
0.99	0.38	-0.37561
0.99	0.4	-0.392669
0.99	0.42	-0.408138
0.99	0.44	-0.421892
0.99	0.46	-0.433803
0.99	0.48	-0.443742
0.99	0.5	-0.451576
0.99	0.52	-0.457176
0.99	0.54	-0.460415
0.99	0.56	-0.461175
0.99	0.58	-0.459343
0.99	0.6	-0.454822
0.99	0.62	-0.44753
0.99	0.64	-0.437404
0.99	0.66	-0.424409
0.99	0.68	-0.408536
0.99	0.7	-0.389812
0.99	0.72	-0.368301
0.99	0.74	-0.344117
0.99	0.76	-0.317422
0.99	0.78	-0.288443
0.99	0.8	-0.257473
0.99	0.82	-0.224891
0.99	0.84	-0.191177
0.99	0.86	-0.156936
0.99	0.88	-0.12293
0.99	0.9	-0.0901356
0.99	0.92	-0.0598104
0.99	0.94	-0.0335858
0.99	0.96	-0.0135279
0.99	0.98	-0.00193961
0.99	1	0

1	0	0
1	0.02	0
1	0.04	0
1	0.06	0
1	0.08	0
1	0.1	0
1	0.12	0
1	0.14	0
1	0.16	0
1	0.18	0
1	0.2	0
1	0.22	0
1	0.24	0
1	0.26	0
1	0.28	0
1	0.3	0
1	0.32	0
1	0.34	0
1	0.36	0
1	0.38	0
1	0.4	0
1	0.42	0
1	0.44	0
1	0.46	0
1	0.48	0
1	0.5	0
1	0.52	0
1	0.54	0
1	0.56	0
1	0.58	0
1	0.6	0
1	0.62	0
1	0.64	0
1	0.66	0
1	0.68	0
1	0.7	0
1	0.72	0
1	0.74	0
1	0.76	0
1	0.78	0
1	0.8	0
1	0.82	0
1	0.84	0
1	0.86	0
1	0.88	0
1	0.9	0
1	0.92	0
1	0.94	0
1	0.96	0
1	0.98	0
1	1	0

