0	0	0
0	0.02	0
0	0.04	0
0	0.06	0
0	0.08	0
0	0.1	0
0	0.12	0
0	0.14	0
0	0.16	0
0	0.18	0
0	0.2	0
0	0.22	0
0	0.24	0
0	0.26	0
0	0.28	0
0	0.3	0
0	0.32	0
0	0.34	0
0	0.36	0
0	0.38	0
0	0.4	0
0	0.42	0
0	0.44	0
0	0.46	0
0	0.48	0
0	0.5	0
0	0.52	0
0	0.54	0
0	0.56	0
0	0.58	0
0	0.6	0
0	0.62	0
0	0.64	0
0	0.66	0
0	0.68	0
0	0.7	0
0	0.72	0
0	0.74	0
0	0.76	0
0	0.78	0
0	0.8	0
0	0.82	0
0	0.84	0
0	0.86	0
0	0.88	0
0	0.9	0
0	0.92	0
0	0.94	0
0	0.96	0
0	0.98	0
0	1	0

0.01	0	0
0.01	0.02	0.114147
0.01	0.04	0.384579
0.01	0.06	0.733445
0.01	0.08	1.11231
0.01	0.1	1.49424
0.01	0.12	1.86452
0.01	0.14	2.2151
0.01	0.16	2.54149
0.01	0.18	2.8412
0.01	0.2	3.1129
0.01	0.22	3.35592
0.01	0.24	3.57002
0.01	0.26	3.75523
0.01	0.28	3.91183
0.01	0.3	4.04023
0.01	0.32	4.141
0.01	0.34	4.21482
0.01	0.36	4.26254
0.01	0.38	4.28508
0.01	0.4	4.2835
0.01	0.42	4.25895
0.01	0.44	4.21269
0.01	0.46	4.14606
0.01	0.48	4.0605
0.01	0.5	3.9575
0.01	0.52	3.83863
0.01	0.54	3.7055
0.01	0.56	3.55973
0.01	0.58	3.403
0.01	0.6	3.23695
0.01	0.62	3.06319
0.01	0.64	2.8833
0.01	0.66	2.69877
0.01	0.68	2.51097
0.01	0.7	2.32114
0.01	0.72	2.13035
0.01	0.74	1.93946
0.01	0.76	1.74914
0.01	0.78	1.55982
0.01	0.8	1.3718
0.01	0.82	1.1853
0.01	0.84	1.00066
0.01	0.86	0.818626
0.01	0.88	0.64078
0.01	0.9	0.470135
0.01	0.92	0.311873
0.01	0.94	0.174147
0.01	0.96	0.068502
0.01	0.98	0.00833644
0.01	1	0

0.03	0	0
0.03	0.02	0.260722
0.03	0.04	0.826158
0.03	0.06	1.56697
0.03	0.08	2.39716
0.03	0.1	3.2604
0.03	0.12	4.12058
0.03	0.14	4.95471
0.03	0.16	5.74811
0.03	0.18	6.49134
0.03	0.2	7.17828
0.03	0.22	7.80495
0.03	0.24	8.36879
0.03	0.26	8.86824
0.03	0.28	9.30249
0.03	0.3	9.67128
0.03	0.32	9.97484
0.03	0.34	10.2138
0.03	0.36	10.3893
0.03	0.38	10.5025
0.03	0.4	10.5554
0.03	0.42	10.5499
0.03	0.44	10.4884
0.03	0.46	10.3735
0.03	0.48	10.2082
0.03	0.5	9.99565
0.03	0.52	9.73922
0.03	0.54	9.44253
0.03	0.56	9.10933
0.03	0.58	8.74352
0.03	0.6	8.34904
0.03	0.62	7.92987
0.03	0.64	7.48995
0.03	0.66	7.03308
0.03	0.68	6.56287
0.03	0.7	6.08267
0.03	0.72	5.59549
0.03	0.74	5.10395
0.03	0.76	4.61025
0.03	0.78	4.11624
0.03	0.8	3.62356
0.03	0.82	3.13389
0.03	0.84	2.6494
0.03	0.86	2.17345
0.03	0.88	1.71142
0.03	0.9	1.2718
0.03	0.92	0.867283
0.03	0.94	0.515538
0.03	0.96	0.238799
0.03	0.98	0.0608849
0.03	1	0

0.05	0	0
0.05	0.02	0.312187
0.05	0.04	1.00424
0.05	0.06	1.92945
0.05	0.08	2.98939
0.05	0.1	4.1158
0.05	0.12	5.26131
0.05	0.14	6.39318
0.05	0.16	7.48873
0.05	0.18	8.53211
0.05	0.2	9.51217
0.05	0.22	10.4209
0.05	0.24	11.2527
0.05	0.26	12.0032
0.05	0.28	12.6697
0.05	0.3	13.2503
0.05	0.32	13.7437
0.05	0.34	14.1495
0.05	0.36	14.4679
0.05	0.38	14.6996
0.05	0.4	14.846
0.05	0.42	14.9088
0.05	0.44	14.8903
0.05	0.46	14.7933
0.05	0.48	14.6211
0.05	0.5	14.3773
0.05	0.52	14.0659
0.05	0.54	13.6916
0.05	0.56	13.2591
0.05	0.58	12.7734
0.05	0.6	12.2399
0.05	0.62	11.6641
0.05	0.64	11.0516
0.05	0.66	10.4077
0.05	0.68	9.73788
0.05	0.7	9.04721
0.05	0.72	8.34041
0.05	0.74	7.6218
0.05	0.76	6.89528
0.05	0.78	6.16438
0.05	0.8	5.43251
0.05	0.82	4.70332
0.05	0.84	3.98126
0.05	0.86	3.27249
0.05	0.88	2.58584
0.05	0.9	1.93403
0.05	0.92	1.33471
0.05	0.94	0.811142
0.05	0.96	0.391888
0.05	0.98	0.109552
0.05	1	0

0.07	0	0
0.07	0.02	0.303284
0.07	0.04	1.0064
0.07	0.06	1.97193
0.07	0.08	3.10346
0.07	0.1	4.33114
0.07	0.12	5.60388
0.07	0.14	6.88413
0.07	0.16	8.14426
0.07	0.18	9.36373
0.07	0.2	10.5272
0.07	0.22	11.6229
0.07	0.24	12.6419
0.07	0.26	13.5773
0.07	0.28	14.4237
0.07	0.3	15.177
0.07	0.32	15.8342
0.07	0.34	16.3931
0.07	0.36	16.8525
0.07	0.38	17.2118
0.07	0.4	17.471
0.07	0.42	17.6309
0.07	0.44	17.693
0.07	0.46	17.6594
0.07	0.48	17.5326
0.07	0.5	17.3159
0.07	0.52	17.0131
0.07	0.54	16.6287
0.07	0.56	16.1675
0.07	0.58	15.635
0.07	0.6	15.037
0.07	0.62	14.3796
0.07	0.64	13.6692
0.07	0.66	12.9124
0.07	0.68	12.1156
0.07	0.7	11.2853
0.07	0.72	10.4276
0.07	0.74	9.54846
0.07	0.76	8.65331
0.07	0.78	7.74749
0.07	0.8	6.83631
0.07	0.82	5.9255
0.07	0.84	5.02188
0.07	0.86	4.1342
0.07	0.88	3.27425
0.07	0.9	2.45792
0.07	0.92	1.70637
0.07	0.94	1.04681
0.07	0.96	0.513122
0.07	0.98	0.146726
0.07	1	0

0.09	0	0
0.09	0.02	0.26357
0.09	0.04	0.907369
0.09	0.06	1.8197
0.09	0.08	2.91595
0.09	0.1	4.13143
0.09	0.12	5.41633
0.09	0.14	6.73218
0.09	0.16	8.04913
0.09	0.18	9.34385
0.09	0.2	10.598
0.09	0.22	11.7969
0.09	0.24	12.9289
0.09	0.26	13.9845
0.09	0.28	14.956
0.09	0.3	15.8371
0.09	0.32	16.6228
0.09	0.34	17.3092
0.09	0.36	17.8933
0.09	0.38	18.3728
0.09	0.4	18.7464
0.09	0.42	19.0135
0.09	0.44	19.1741
0.09	0.46	19.229
0.09	0.48	19.1797
0.09	0.5	19.0285
0.09	0.52	18.7782
0.09	0.54	18.4324
0.09	0.56	17.9953
0.09	0.58	17.472
0.09	0.6	16.868
0.09	0.62	16.1893
0.09	0.64	15.4426
0.09	0.66	14.6348
0.09	0.68	13.7729
0.09	0.7	12.8643
0.09	0.72	11.916
0.09	0.74	10.9352
0.09	0.76	9.92893
0.09	0.78	8.90401
0.09	0.8	7.86763
0.09	0.82	6.82753
0.09	0.84	5.79273
0.09	0.86	4.77435
0.09	0.88	3.78662
0.09	0.9	2.84803
0.09	0.92	1.9825
0.09	0.94	1.22058
0.09	0.96	0.600888
0.09	0.98	0.172527
0.09	1	0

0.11	0	0
0.11	0.02	0.212035
0.11	0.04	0.760951
0.11	0.06	1.56708
0.11	0.08	2.56313
0.11	0.1	3.69372
0.11	0.12	4.91366
0.11	0.14	6.1862
0.11	0.16	7.48141
0.11	0.18	8.77484
0.11	0.2	10.0464
0.11	0.22	11.2796
0.11	0.24	12.4605
0.11	0.26	13.5778
0.11	0.28	14.6217
0.11	0.3	15.5842
0.11	0.32	16.4587
0.11	0.34	17.2394
0.11	0.36	17.9218
0.11	0.38	18.5023
0.11	0.4	18.9778
0.11	0.42	19.3464
0.11	0.44	19.6067
0.11	0.46	19.7579
0.11	0.48	19.8002
0.11	0.5	19.7344
0.11	0.52	19.562
0.11	0.54	19.2854
0.11	0.56	18.9077
0.11	0.58	18.4328
0.11	0.6	17.8655
0.11	0.62	17.2111
0.11	0.64	16.4758
0.11	0.66	15.6663
0.11	0.68	14.7897
0.11	0.7	13.8537
0.11	0.72	12.8658
0.11	0.74	11.8342
0.11	0.76	10.7668
0.11	0.78	9.67191
0.11	0.8	8.55834
0.11	0.82	7.43562
0.11	0.84	6.31472
0.11	0.86	5.20884
0.11	0.88	4.13435
0.11	0.9	3.11193
0.11	0.92	2.16789
0.11	0.94	1.3356
0.11	0.96	0.65756
0.11	0.98	0.188434
0.11	1	0

0.13	0	0
0.13	0.02	0.159744
0.13	0.04	0.602378
0.13	0.06	1.27965
0.13	0.08	2.14326
0.13	0.1	3.14914
0.13	0.12	4.25857
0.13	0.14	5.43821
0.13	0.16	6.65951
0.13	0.18	7.89816
0.13	0.2	9.13347
0.13	0.22	10.3478
0.13	0.24	11.5261
0.13	0.26	12.6555
0.13	0.28	13.7251
0.13	0.3	14.7255
0.13	0.32	15.6487
0.13	0.34	16.4878
0.13	0.36	17.2371
0.13	0.38	17.8917
0.13	0.4	18.4473
0.13	0.42	18.9007
0.13	0.44	19.2491
0.13	0.46	19.4905
0.13	0.48	19.6236
0.13	0.5	19.6477
0.13	0.52	19.5629
0.13	0.54	19.3702
0.13	0.56	19.0712
0.13	0.58	18.6685
0.13	0.6	18.1655
0.13	0.62	17.5666
0.13	0.64	16.8769
0.13	0.66	16.1025
0.13	0.68	15.25
0.13	0.7	14.3267
0.13	0.72	13.3407
0.13	0.74	12.3001
0.13	0.76	11.2137
0.13	0.78	10.0909
0.13	0.8	8.94176
0.13	0.82	7.77723
0.13	0.84	6.61002
0.13	0.86	5.45511
0.13	0.88	4.33076
0.13	0.9	3.25955
0.13	0.92	2.26976
0.13	0.94	1.39701
0.13	0.96	0.686466
0.13	0.98	0.195891
0.13	1	0

0.15	0	0
0.15	0.02	0.112651
0.15	0.04	0.452877
0.15	0.06	0.999501
0.15	0.08	1.72216
0.15	0.1	2.58827
0.15	0.12	3.5663
0.15	0.14	4.62711
0.15	0.16	5.74443
0.15	0.18	6.89494
0.15	0.2	8.05813
0.15	0.22	9.21606
0.15	0.24	10.3531
0.15	0.26	11.4558
0.15	0.28	12.5123
0.15	0.3	13.5126
0.15	0.32	14.4479
0.15	0.34	15.3106
0.15	0.36	16.0942
0.15	0.38	16.7928
0.15	0.4	17.4017
0.15	0.42	17.9164
0.15	0.44	18.3333
0.15	0.46	18.6492
0.15	0.48	18.8616
0.15	0.5	18.9685
0.15	0.52	18.9687
0.15	0.54	18.8617
0.15	0.56	18.6475
0.15	0.58	18.3274
0.15	0.6	17.9032
0.15	0.62	17.378
0.15	0.64	16.7557
0.15	0.66	16.0412
0.15	0.68	15.2403
0.15	0.7	14.3597
0.15	0.72	13.407
0.15	0.74	12.3905
0.15	0.76	11.3193
0.15	0.78	10.2032
0.15	0.8	9.05333
0.15	0.82	7.88179
0.15	0.84	6.70267
0.15	0.86	5.53248
0.15	0.88	4.39103
0.15	0.9	3.3025
0.15	0.92	2.29671
0.15	0.94	1.41076
0.15	0.96	0.691078
0.15	0.98	0.19615
0.15	1	0

0.17	0	0
0.17	0.02	0.0735386
0.17	0.04	0.323843
0.17	0.06	0.750986
0.17	0.08	1.33986
0.17	0.1	2.06836
0.17	0.12	2.91187
0.17	0.14	3.84564
0.17	0.16	4.84606
0.17	0.18	5.89132
0.17	0.2	6.96162
0.17	0.22	8.0393
0.17	0.24	9.10874
0.17	0.26	10.1563
0.17	0.28	11.1699
0.17	0.3	12.1394
0.17	0.32	13.0557
0.17	0.34	13.9109
0.17	0.36	14.6983
0.17	0.38	15.4117
0.17	0.4	16.0458
0.17	0.42	16.5958
0.17	0.44	17.0573
0.17	0.46	17.4266
0.17	0.48	17.7001
0.17	0.5	17.875
0.17	0.52	17.9488
0.17	0.54	17.9197
0.17	0.56	17.7864
0.17	0.58	17.5488
0.17	0.6	17.2072
0.17	0.62	16.7632
0.17	0.64	16.2192
0.17	0.66	15.5789
0.17	0.68	14.847
0.17	0.7	14.0292
0.17	0.72	13.1324
0.17	0.74	12.1645
0.17	0.76	11.1346
0.17	0.78	10.0527
0.17	0.8	8.9303
0.17	0.82	7.78055
0.17	0.84	6.61853
0.17	0.86	5.46194
0.17	0.88	4.33186
0.17	0.9	3.25368
0.17	0.92	2.25823
0.17	0.94	1.38319
0.17	0.96	0.674876
0.17	0.98	0.190346
0.17	1	0

0.19	0	0
0.19	0.02	0.0432448
0.19	0.04	0.220065
0.19	0.06	0.545776
0.19	0.08	1.01719
0.19	0.1	1.62091
0.19	0.12	2.33841
0.19	0.14	3.14906
0.19	0.16	4.03195
0.19	0.18	4.96694
0.19	0.2	5.93532
0.19	0.22	6.92006
0.19	0.24	7.90595
0.19	0.26	8.87962
0.19	0.28	9.82936
0.19	0.3	10.745
0.19	0.32	11.6178
0.19	0.34	12.44
0.19	0.36	13.205
0.19	0.38	13.9067
0.19	0.4	14.5399
0.19	0.42	15.0996
0.19	0.44	15.5814
0.19	0.46	15.9809
0.19	0.48	16.2944
0.19	0.5	16.5182
0.19	0.52	16.649
0.19	0.54	16.684
0.19	0.56	16.6209
0.19	0.58	16.4581
0.19	0.6	16.1947
0.19	0.62	15.8309
0.19	0.64	15.3677
0.19	0.66	14.8073
0.19	0.68	14.1532
0.19	0.7	13.4099
0.19	0.72	12.5834
0.19	0.74	11.6809
0.19	0.76	10.711
0.19	0.78	9.68373
0.19	0.8	8.61083
0.19	0.82	7.50583
0.19	0.84	6.38457
0.19	0.86	5.26565
0.19	0.88	4.17103
0.19	0.9	3.12685
0.19	0.92	2.16433
0.19	0.94	1.32088
0.19	0.96	0.641351
0.19	0.98	0.179568
0.19	1	0

0.21	0	0
0.21	0.02	0.0214502
0.21	0.04	0.142077
0.21	0.06	0.386969
0.21	0.08	0.761427
0.21	0.1	1.25875
0.21	0.12	1.86536
0.21	0.14	2.56418
0.21	0.16	3.33677
0.21	0.18	4.16474
0.21	0.2	5.03056
0.21	0.22	5.9181
0.21	0.24	6.81287
0.21	0.26	7.70207
0.21	0.28	8.57455
0.21	0.3	9.4207
0.21	0.32	10.2322
0.21	0.34	11.002
0.21	0.36	11.7238
0.21	0.38	12.3921
0.21	0.4	13.0018
0.21	0.42	13.5485
0.21	0.44	14.0278
0.21	0.46	14.4354
0.21	0.48	14.7673
0.21	0.5	15.0197
0.21	0.52	15.1888
0.21	0.54	15.271
0.21	0.56	15.2633
0.21	0.58	15.1631
0.21	0.6	14.9683
0.21	0.62	14.6779
0.21	0.64	14.2915
0.21	0.66	13.81
0.21	0.68	13.2356
0.21	0.7	12.5716
0.21	0.72	11.8229
0.21	0.74	10.9959
0.21	0.76	10.0984
0.21	0.78	9.14014
0.21	0.8	8.13278
0.21	0.82	7.09005
0.21	0.84	6.02817
0.21	0.86	4.96626
0.21	0.88	3.92678
0.21	0.9	2.93614
0.21	0.92	2.0253
0.21	0.94	1.23049
0.21	0.96	0.593988
0.21	0.98	0.164883
0.21	1	0

0.23	0	0
0.23	0.02	0.00718931
0.23	0.04	0.087861
0.23	0.06	0.272248
0.23	0.08	0.571006
0.23	0.1	0.982104
0.23	0.12	1.49571
0.23	0.14	2.09761
0.23	0.16	2.77151
0.23	0.18	3.50064
0.23	0.2	4.26873
0.23	0.22	5.06068
0.23	0.24	5.86286
0.23	0.26	6.66329
0.23	0.28	7.45159
0.23	0.3	8.21891
0.23	0.32	8.95771
0.23	0.34	9.66159
0.23	0.36	10.325
0.23	0.38	10.9433
0.23	0.4	11.5119
0.23	0.42	12.0268
0.23	0.44	12.4842
0.23	0.46	12.8803
0.23	0.48	13.2111
0.23	0.5	13.4728
0.23	0.52	13.6615
0.23	0.54	13.7734
0.23	0.56	13.8049
0.23	0.58	13.7526
0.23	0.6	13.6138
0.23	0.62	13.3862
0.23	0.64	13.0685
0.23	0.66	12.6604
0.23	0.68	12.1626
0.23	0.7	11.5775
0.23	0.72	10.9088
0.23	0.74	10.1617
0.23	0.76	9.34358
0.23	0.78	8.46343
0.23	0.8	7.5326
0.23	0.82	6.56473
0.23	0.84	5.57617
0.23	0.86	4.58616
0.23	0.88	3.61727
0.23	0.9	2.69564
0.23	0.92	1.85134
0.23	0.94	1.11864
0.23	0.96	0.536214
0.23	0.98	0.14733
0.23	1	0

0.25	0	0
0.25	0.02	-0.000805859
0.25	0.04	0.0540358
0.25	0.06	0.196218
0.25	0.08	0.43908
0.25	0.1	0.783444
0.25	0.12	1.22206
0.25	0.14	1.74288
0.25	0.16	2.33139
0.25	0.18	2.97228
0.25	0.2	3.65053
0.25	0.22	4.35211
0.25	0.24	5.06439
0.25	0.26	5.77631
0.25	0.28	6.47841
0.25	0.3	7.16273
0.25	0.32	7.8226
0.25	0.34	8.45252
0.25	0.36	9.04782
0.25	0.38	9.60454
0.25	0.4	10.1191
0.25	0.42	10.5882
0.25	0.44	11.0087
0.25	0.46	11.3771
0.25	0.48	11.6903
0.25	0.5	11.9445
0.25	0.52	12.136
0.25	0.54	12.2611
0.25	0.56	12.3159
0.25	0.58	12.2967
0.25	0.6	12.2002
0.25	0.62	12.0232
0.25	0.64	11.7638
0.25	0.66	11.4205
0.25	0.68	10.9931
0.25	0.7	10.4827
0.25	0.72	9.89202
0.25	0.74	9.22543
0.25	0.76	8.48925
0.25	0.78	7.69192
0.25	0.8	6.84426
0.25	0.82	5.95961
0.25	0.84	5.05411
0.25	0.86	4.14684
0.25	0.88	3.26
0.25	0.9	2.41897
0.25	0.92	1.65233
0.25	0.94	0.991666
0.25	0.96	0.471303
0.25	0.98	0.127895
0.25	1	0

0.27	0	0
0.27	0.02	-0.00387961
0.27	0.04	0.0366844
0.27	0.06	0.15207
0.27	0.08	0.356159
0.27	0.1	0.651097
0.27	0.12	1.03119
0.27	0.14	1.48592
0.27	0.16	2.00221
0.27	0.18	2.56605
0.27	0.2	3.16359
0.27	0.22	3.78193
0.27	0.24	4.40948
0.27	0.26	5.03619
0.27	0.28	5.65357
0.27	0.3	6.2546
0.27	0.32	6.83359
0.27	0.34	7.38592
0.27	0.36	7.90787
0.27	0.38	8.39635
0.27	0.4	8.84869
0.27	0.42	9.2624
0.27	0.44	9.63505
0.27	0.46	9.96407
0.27	0.48	10.2467
0.27	0.5	10.4798
0.27	0.52	10.6602
0.27	0.54	10.7842
0.27	0.56	10.8481
0.27	0.58	10.8481
0.27	0.6	10.7804
0.27	0.62	10.6418
0.27	0.64	10.4293
0.27	0.66	10.141
0.27	0.68	9.7757
0.27	0.7	9.33364
0.27	0.72	8.81653
0.27	0.74	8.22784
0.27	0.76	7.57305
0.27	0.78	6.85989
0.27	0.8	6.09855
0.27	0.82	5.3019
0.27	0.84	4.48562
0.27	0.86	3.66828
0.27	0.88	2.87132
0.27	0.9	2.1189
0.27	0.92	1.43751
0.27	0.94	0.855508
0.27	0.96	0.402296
0.27	0.98	0.107487
0.27	1	0

0.29	0	0
0.29	0.02	-0.00331039
0.29	0.04	0.031887
0.29	0.06	0.132696
0.29	0.08	0.311917
0.29	0.1	0.571806
0.29	0.12	0.907386
0.29	0.14	1.30914
0.29	0.16	1.76511
0.29	0.18	2.26244
0.29	0.2	2.78843
0.29	0.22	3.33128
0.29	0.24	3.8805
0.29	0.26	4.42706
0.29	0.28	4.96348
0.29	0.3	5.4837
0.29	0.32	5.98296
0.29	0.34	6.45758
0.29	0.36	6.90473
0.29	0.38	7.32219
0.29	0.4	7.70817
0.29	0.42	8.06104
0.29	0.44	8.37917
0.29	0.46	8.6608
0.29	0.48	8.90386
0.29	0.5	9.10595
0.29	0.52	9.2643
0.29	0.54	9.37575
0.29	0.56	9.43684
0.29	0.58	9.44392
0.29	0.6	9.3933
0.29	0.62	9.28142
0.29	0.64	9.10509
0.29	0.66	8.86174
0.29	0.68	8.54967
0.29	0.7	8.16836
0.29	0.72	7.71873
0.29	0.74	7.20347
0.29	0.76	6.62727
0.29	0.78	5.99713
0.29	0.8	5.32258
0.29	0.82	4.61584
0.29	0.84	3.89191
0.29	0.86	3.16856
0.29	0.88	2.4661
0.29	0.9	1.807
0.29	0.92	1.21526
0.29	0.94	0.715512
0.29	0.96	0.331916
0.29	0.98	0.0869109
0.29	1	0

0.31	0	0
0.31	0.02	-0.00023114
0.31	0.04	0.0360412
0.31	0.06	0.131373
0.31	0.08	0.296335
0.31	0.1	0.53239
0.31	0.12	0.83463
0.31	0.14	1.19413
0.31	0.16	1.5998
0.31	0.18	2.03983
0.31	0.2	2.50263
0.31	0.22	2.97752
0.31	0.24	3.4551
0.31	0.26	3.9274
0.31	0.28	4.38793
0.31	0.3	4.83158
0.31	0.32	5.25448
0.31	0.34	5.65381
0.31	0.36	6.02757
0.31	0.38	6.37437
0.31	0.4	6.69322
0.31	0.42	6.98329
0.31	0.44	7.24378
0.31	0.46	7.47367
0.31	0.48	7.67168
0.31	0.5	7.83612
0.31	0.52	7.96485
0.31	0.54	8.05529
0.31	0.56	8.10445
0.31	0.58	8.10902
0.31	0.6	8.0655
0.31	0.62	7.97039
0.31	0.64	7.82039
0.31	0.66	7.61267
0.31	0.68	7.34515
0.31	0.7	7.01679
0.31	0.72	6.62794
0.31	0.74	6.1806
0.31	0.76	5.67881
0.31	0.78	5.12885
0.31	0.8	4.53955
0.31	0.82	3.92237
0.31	0.84	3.29147
0.31	0.86	2.66352
0.31	0.88	2.05738
0.31	0.9	1.49348
0.31	0.92	0.992923
0.31	0.94	0.576342
0.31	0.96	0.262512
0.31	0.98	0.066849
0.31	1	0

0.33	0	0
0.33	0.02	0.00440477
0.33	0.04	0.0460208
0.33	0.06	0.142135
0.33	0.08	0.300347
0.33	0.1	0.520701
0.33	0.12	0.797909
0.33	0.14	1.12333
0.33	0.16	1.4866
0.33	0.18	1.87685
0.33	0.2	2.2836
0.33	0.22	2.6973
0.33	0.24	3.10964
0.33	0.26	3.51372
0.33	0.28	3.90401
0.33	0.3	4.27632
0.33	0.32	4.62759
0.33	0.34	4.95578
0.33	0.36	5.25964
0.33	0.38	5.53848
0.33	0.4	5.79203
0.33	0.42	6.02018
0.33	0.44	6.22283
0.33	0.46	6.39973
0.33	0.48	6.55031
0.33	0.5	6.67361
0.33	0.52	6.76818
0.33	0.54	6.83209
0.33	0.56	6.86293
0.33	0.58	6.85786
0.33	0.6	6.81375
0.33	0.62	6.72735
0.33	0.64	6.59547
0.33	0.66	6.41524
0.33	0.68	6.18442
0.33	0.7	5.90166
0.33	0.72	5.5669
0.33	0.74	5.18165
0.33	0.76	4.74936
0.33	0.78	4.27569
0.33	0.8	3.76873
0.33	0.82	3.23911
0.33	0.84	2.69996
0.33	0.86	2.16665
0.33	0.88	1.65631
0.33	0.9	1.18702
0.33	0.92	0.776723
0.33	0.94	0.441911
0.33	0.96	0.196029
0.33	0.98	0.0478554
0.33	1	0

0.35	0	0
0.35	0.02	0.00982654
0.35	0.04	0.0592235
0.35	0.06	0.159913
0.35	0.08	0.316116
0.35	0.1	0.526089
0.35	0.12	0.783874
0.35	0.14	1.08094
0.35	0.16	1.40754
0.35	0.18	1.75374
0.35	0.2	2.11016
0.35	0.22	2.46837
0.35	0.24	2.82121
0.35	0.26	3.16281
0.35	0.28	3.48859
0.35	0.3	3.7952
0.35	0.32	4.08034
0.35	0.34	4.34264
0.35	0.36	4.58145
0.35	0.38	4.7967
0.35	0.4	4.98869
0.35	0.42	5.15791
0.35	0.44	5.30489
0.35	0.46	5.43001
0.35	0.48	5.53338
0.35	0.5	5.61473
0.35	0.52	5.67329
0.35	0.54	5.70781
0.35	0.56	5.7165
0.35	0.58	5.69711
0.35	0.6	5.64702
0.35	0.62	5.56334
0.35	0.64	5.44318
0.35	0.66	5.28383
0.35	0.68	5.08304
0.35	0.7	4.83938
0.35	0.72	4.55255
0.35	0.74	4.22371
0.35	0.76	3.85584
0.35	0.78	3.45403
0.35	0.8	3.02562
0.35	0.82	2.58036
0.35	0.84	2.13021
0.35	0.86	1.68906
0.35	0.88	1.27206
0.35	0.9	0.894724
0.35	0.92	0.571717
0.35	0.94	0.31536
0.35	0.96	0.134003
0.35	0.98	0.0303547
0.35	1	0

0.37	0	0
0.37	0.02	0.0154296
0.37	0.04	0.0735479
0.37	0.06	0.180531
0.37	0.08	0.337086
0.37	0.1	0.539516
0.37	0.12	0.781067
0.37	0.14	1.05324
0.37	0.16	1.34688
0.37	0.18	1.653
0.37	0.2	1.96333
0.37	0.22	2.27062
0.37	0.24	2.56883
0.37	0.26	2.85312
0.37	0.28	3.11985
0.37	0.3	3.36642
0.37	0.32	3.59121
0.37	0.34	3.79341
0.37	0.36	3.97287
0.37	0.38	4.12997
0.37	0.4	4.26547
0.37	0.42	4.38032
0.37	0.44	4.47552
0.37	0.46	4.55201
0.37	0.48	4.61047
0.37	0.5	4.65123
0.37	0.52	4.6742
0.37	0.54	4.67876
0.37	0.56	4.6638
0.37	0.58	4.62768
0.37	0.6	4.56835
0.37	0.62	4.48344
0.37	0.64	4.37046
0.37	0.66	4.227
0.37	0.68	4.05099
0.37	0.7	3.84107
0.37	0.72	3.59683
0.37	0.74	3.31923
0.37	0.76	3.01089
0.37	0.78	2.67634
0.37	0.8	2.32223
0.37	0.82	1.95733
0.37	0.84	1.59234
0.37	0.86	1.2395
0.37	0.88	0.911834
0.37	0.9	0.622171
0.37	0.92	0.381825
0.37	0.94	0.199083
0.37	0.96	0.0775729
0.37	0.98	0.0146496
0.37	1	0

0.39	0	0
0.39	0.02	0.0207491
0.39	0.04	0.0873295
0.39	0.06	0.200617
0.39	0.08	0.357882
0.39	0.1	0.553481
0.39	0.12	0.779869
0.39	0.14	1.0286
0.39	0.16	1.29115
0.39	0.18	1.55952
0.39	0.2	1.82659
0.39	0.22	2.08634
0.39	0.24	2.33385
0.39	0.26	2.56532
0.39	0.28	2.77797
0.39	0.3	2.96992
0.39	0.32	3.14012
0.39	0.34	3.28821
0.39	0.36	3.41442
0.39	0.38	3.51945
0.39	0.4	3.60435
0.39	0.42	3.67041
0.39	0.44	3.71899
0.39	0.46	3.75142
0.39	0.48	3.76884
0.39	0.5	3.77214
0.39	0.52	3.76177
0.39	0.54	3.73775
0.39	0.56	3.69959
0.39	0.58	3.64631
0.39	0.6	3.57647
0.39	0.62	3.48826
0.39	0.64	3.3797
0.39	0.66	3.24878
0.39	0.68	3.09376
0.39	0.7	2.91343
0.39	0.72	2.70745
0.39	0.74	2.47665
0.39	0.76	2.22336
0.39	0.78	1.95163
0.39	0.8	1.66737
0.39	0.82	1.37835
0.39	0.84	1.09391
0.39	0.86	0.824545
0.39	0.88	0.581042
0.39	0.9	0.373481
0.39	0.92	0.209895
0.39	0.94	0.0947753
0.39	0.96	0.0275166
0.39	0.98	0.0009336
0.39	1	0

0.41	0	0
0.41	0.02	0.0254303
0.41	0.04	0.0992608
0.41	0.06	0.217474
0.41	0.08	0.374138
0.41	0.1	0.561821
0.41	0.12	0.772303
0.41	0.14	0.997294
0.41	0.16	1.229
0.41	0.18	1.46047
0.41	0.2	1.68584
0.41	0.22	1.9003
0.41	0.24	2.10011
0.41	0.26	2.28247
0.41	0.28	2.44542
0.41	0.3	2.58775
0.41	0.32	2.70886
0.41	0.34	2.80876
0.41	0.36	2.88792
0.41	0.38	2.94723
0.41	0.4	2.98792
0.41	0.42	3.01143
0.41	0.44	3.01935
0.41	0.46	3.01329
0.41	0.48	2.99474
0.41	0.5	2.96499
0.41	0.52	2.92499
0.41	0.54	2.87532
0.41	0.56	2.81608
0.41	0.58	2.7469
0.41	0.6	2.66697
0.41	0.62	2.57509
0.41	0.64	2.46983
0.41	0.66	2.34967
0.41	0.68	2.21326
0.41	0.7	2.05966
0.41	0.72	1.88865
0.41	0.74	1.70104
0.41	0.76	1.49891
0.41	0.78	1.28585
0.41	0.8	1.06704
0.41	0.82	0.849183
0.41	0.84	0.640217
0.41	0.86	0.448782
0.41	0.88	0.283409
0.41	0.9	0.151453
0.41	0.92	0.0578109
0.41	0.94	0.00351102
0.41	0.96	-0.0157049
0.41	0.98	-0.0106929
0.41	1	0

0.43	0	0
0.43	0.02	0.0292003
0.43	0.04	0.10831
0.43	0.06	0.228939
0.43	0.08	0.382316
0.43	0.1	0.559492
0.43	0.12	0.751789
0.43	0.14	0.951244
0.43	0.16	1.15093
0.43	0.18	1.34508
0.43	0.2	1.52912
0.43	0.22	1.69953
0.43	0.24	1.85374
0.43	0.26	1.98993
0.43	0.28	2.10693
0.43	0.3	2.2041
0.43	0.32	2.28125
0.43	0.34	2.33862
0.43	0.36	2.37681
0.43	0.38	2.39678
0.43	0.4	2.39979
0.43	0.42	2.38733
0.43	0.44	2.36106
0.43	0.46	2.32275
0.43	0.48	2.27409
0.43	0.5	2.21668
0.43	0.52	2.15188
0.43	0.54	2.08072
0.43	0.56	2.00383
0.43	0.58	1.92142
0.43	0.6	1.8333
0.43	0.62	1.73886
0.43	0.64	1.63725
0.43	0.66	1.52747
0.43	0.68	1.40862
0.43	0.7	1.28009
0.43	0.72	1.14183
0.43	0.74	0.994666
0.43	0.76	0.840467
0.43	0.78	0.682365
0.43	0.8	0.524785
0.43	0.82	0.373335
0.43	0.84	0.234487
0.43	0.86	0.115015
0.43	0.88	0.0211836
0.43	0.9	-0.0422806
0.43	0.92	-0.0733901
0.43	0.94	-0.0741699
0.43	0.96	-0.0518969
0.43	0.98	-0.0202053
0.43	1	0

0.45	0	0
0.45	0.02	0.0318428
0.45	0.04	0.113648
0.45	0.06	0.233255
0.45	0.08	0.379522
0.45	0.1	0.542347
0.45	0.12	0.712888
0.45	0.14	0.883747
0.45	0.16	1.04904
0.45	0.18	1.20432
0.45	0.2	1.34638
0.45	0.22	1.47305
0.45	0.24	1.58292
0.45	0.26	1.67514
0.45	0.28	1.74927
0.45	0.3	1.80518
0.45	0.32	1.843
0.45	0.34	1.8631
0.45	0.36	1.86613
0.45	0.38	1.85297
0.45	0.4	1.82481
0.45	0.42	1.78304
0.45	0.44	1.7293
0.45	0.46	1.66535
0.45	0.48	1.59299
0.45	0.5	1.51401
0.45	0.52	1.43004
0.45	0.54	1.34248
0.45	0.56	1.25244
0.45	0.58	1.16063
0.45	0.6	1.06741
0.45	0.62	0.972781
0.45	0.64	0.876441
0.45	0.66	0.777935
0.45	0.68	0.676805
0.45	0.7	0.572791
0.45	0.72	0.466068
0.45	0.74	0.357461
0.45	0.76	0.24865
0.45	0.78	0.14229
0.45	0.8	0.0420243
0.45	0.82	-0.0476666
0.45	0.84	-0.121808
0.45	0.86	-0.175496
0.45	0.88	-0.204673
0.45	0.9	-0.207091
0.45	0.92	-0.183384
0.45	0.94	-0.138171
0.45	0.96	-0.0810796
0.45	0.98	-0.0276372
0.45	1	0

0.47	0	0
0.47	0.02	0.0331798
0.47	0.04	0.114591
0.47	0.06	0.228974
0.47	0.08	0.363364
0.47	0.1	0.506955
0.47	0.12	0.651099
0.47	0.14	0.789244
0.47	0.16	0.916764
0.47	0.18	1.03066
0.47	0.2	1.12922
0.47	0.22	1.21162
0.47	0.24	1.27764
0.47	0.26	1.32737
0.47	0.28	1.36104
0.47	0.3	1.37898
0.47	0.32	1.38155
0.47	0.34	1.36918
0.47	0.36	1.34244
0.47	0.38	1.30206
0.47	0.4	1.24902
0.47	0.42	1.18453
0.47	0.44	1.11005
0.47	0.46	1.02724
0.47	0.48	0.937892
0.47	0.5	0.843847
0.47	0.52	0.746918
0.47	0.54	0.64878
0.47	0.56	0.550891
0.47	0.58	0.454424
0.47	0.6	0.360226
0.47	0.62	0.268827
0.47	0.64	0.18047
0.47	0.66	0.0952075
0.47	0.68	0.0130252
0.47	0.7	-0.0659915
0.47	0.72	-0.141473
0.47	0.74	-0.212581
0.47	0.76	-0.277861
0.47	0.78	-0.335156
0.47	0.8	-0.38164
0.47	0.82	-0.413988
0.47	0.84	-0.428737
0.47	0.86	-0.42282
0.47	0.88	-0.394295
0.47	0.9	-0.343192
0.47	0.92	-0.272437
0.47	0.94	-0.18875
0.47	0.96	-0.103439
0.47	0.98	-0.0330649
0.47	1	0

0.49	0	0
0.49	0.02	0.0330568
0.49	0.04	0.110556
0.49	0.06	0.214877
0.49	0.08	0.331848
0.49	0.1	0.450471
0.49	0.12	0.562702
0.49	0.14	0.663153
0.49	0.16	0.748683
0.49	0.18	0.817902
0.49	0.2	0.870655
0.49	0.22	0.907536
0.49	0.24	0.929487
0.49	0.26	0.937507
0.49	0.28	0.932481
0.49	0.3	0.915104
0.49	0.32	0.885898
0.49	0.34	0.845278
0.49	0.36	0.79365
0.49	0.38	0.731515
0.49	0.4	0.65955
0.49	0.42	0.578673
0.49	0.44	0.490069
0.49	0.46	0.395177
0.49	0.48	0.295655
0.49	0.5	0.193308
0.49	0.52	0.0900081
0.49	0.54	-0.0124038
0.49	0.56	-0.112206
0.49	0.58	-0.207873
0.49	0.6	-0.298136
0.49	0.62	-0.382
0.49	0.64	-0.458739
0.49	0.66	-0.527837
0.49	0.68	-0.588902
0.49	0.7	-0.64154
0.49	0.72	-0.685215
0.49	0.74	-0.719116
0.49	0.76	-0.742047
0.49	0.78	-0.752394
0.49	0.8	-0.748179
0.49	0.82	-0.727263
0.49	0.84	-0.687682
0.49	0.86	-0.62816
0.49	0.88	-0.548736
0.49	0.9	-0.451492
0.49	0.92	-0.341289
0.49	0.94	-0.226444
0.49	0.96	-0.119286
0.49	0.98	-0.0365939
0.49	1	0

0.51	0	0
0.51	0.02	0.0313354
0.51	0.04	0.101041
0.51	0.06	0.189932
0.51	0.08	0.283312
0.51	0.1	0.370555
0.51	0.12	0.444669
0.51	0.14	0.501764
0.51	0.16	0.540422
0.51	0.18	0.561009
0.51	0.2	0.565015
0.51	0.22	0.554468
0.51	0.24	0.531478
0.51	0.26	0.497919
0.51	0.28	0.455266
0.51	0.3	0.404543
0.51	0.32	0.346371
0.51	0.34	0.281084
0.51	0.36	0.208866
0.51	0.38	0.129899
0.51	0.4	0.04449
0.51	0.42	-0.0468265
0.51	0.44	-0.143232
0.51	0.46	-0.243599
0.51	0.48	-0.346514
0.51	0.5	-0.450321
0.51	0.52	-0.553199
0.51	0.54	-0.653248
0.51	0.56	-0.748589
0.51	0.58	-0.837444
0.51	0.6	-0.918214
0.51	0.62	-0.989522
0.51	0.64	-1.05023
0.51	0.66	-1.09944
0.51	0.68	-1.1364
0.51	0.7	-1.16047
0.51	0.72	-1.171
0.51	0.74	-1.16726
0.51	0.76	-1.14837
0.51	0.78	-1.11329
0.51	0.8	-1.06096
0.51	0.82	-0.99041
0.51	0.84	-0.901179
0.51	0.86	-0.793697
0.51	0.88	-0.669837
0.51	0.9	-0.533484
0.51	0.92	-0.391067
0.51	0.94	-0.252007
0.51	0.96	-0.129022
0.51	0.98	-0.0383487
0.51	1	0

0.53	0	0
0.53	0.02	0.0278897
0.53	0.04	0.0856108
0.53	0.06	0.153278
0.53	0.08	0.216409
0.53	0.1	0.265352
0.53	0.12	0.294636
0.53	0.14	0.302211
0.53	0.16	0.288612
0.53	0.18	0.2561
0.53	0.2	0.207879
0.53	0.22	0.147427
0.53	0.24	0.0780067
0.53	0.26	0.00233652
0.53	0.28	-0.0775613
0.53	0.3	-0.160379
0.53	0.32	-0.245439
0.53	0.34	-0.332535
0.53	0.36	-0.421755
0.53	0.38	-0.513288
0.53	0.4	-0.607255
0.53	0.42	-0.703576
0.53	0.44	-0.801874
0.53	0.46	-0.901426
0.53	0.48	-1.00115
0.53	0.5	-1.09965
0.53	0.52	-1.19526
0.53	0.54	-1.28614
0.53	0.56	-1.37036
0.53	0.58	-1.44599
0.53	0.6	-1.51121
0.53	0.62	-1.56437
0.53	0.64	-1.60401
0.53	0.66	-1.6289
0.53	0.68	-1.63806
0.53	0.7	-1.63064
0.53	0.72	-1.60598
0.53	0.74	-1.56347
0.53	0.76	-1.50263
0.53	0.78	-1.42306
0.53	0.8	-1.3246
0.53	0.82	-1.20752
0.53	0.84	-1.0728
0.53	0.86	-0.922485
0.53	0.88	-0.76013
0.53	0.9	-0.591163
0.53	0.92	-0.423227
0.53	0.94	-0.26637
0.53	0.96	-0.133118
0.53	0.98	-0.0384663
0.53	1	0

0.55	0	0
0.55	0.02	0.0226085
0.55	0.04	0.0639056
0.55	0.06	0.104239
0.55	0.08	0.130127
0.55	0.1	0.133518
0.55	0.12	0.110936
0.55	0.14	0.0625057
0.55	0.16	-0.00907364
0.55	0.18	-0.099528
0.55	0.2	-0.203893
0.55	0.22	-0.317232
0.55	0.24	-0.435153
0.55	0.26	-0.554125
0.55	0.28	-0.671609
0.55	0.3	-0.786045
0.55	0.32	-0.896725
0.55	0.34	-1.0036
0.55	0.36	-1.10705
0.55	0.38	-1.20766
0.55	0.4	-1.30603
0.55	0.42	-1.40258
0.55	0.44	-1.49743
0.55	0.46	-1.59034
0.55	0.48	-1.68065
0.55	0.5	-1.7673
0.55	0.52	-1.84891
0.55	0.54	-1.92379
0.55	0.56	-1.99008
0.55	0.58	-2.04582
0.55	0.6	-2.08909
0.55	0.62	-2.11804
0.55	0.64	-2.13103
0.55	0.66	-2.12663
0.55	0.68	-2.10365
0.55	0.7	-2.06119
0.55	0.72	-1.99862
0.55	0.74	-1.91558
0.55	0.76	-1.812
0.55	0.78	-1.6882
0.55	0.8	-1.54498
0.55	0.82	-1.38381
0.55	0.84	-1.20709
0.55	0.86	-1.0184
0.55	0.88	-0.822793
0.55	0.9	-0.626993
0.55	0.92	-0.439521
0.55	0.94	-0.270628
0.55	0.96	-0.13211
0.55	0.98	-0.037094
0.55	1	0

0.57	0	0
0.57	0.02	0.0154006
0.57	0.04	0.0356599
0.57	0.06	0.0423602
0.57	0.08	0.0238389
0.57	0.1	-0.0257149
0.57	0.12	-0.10732
0.57	0.14	-0.218371
0.57	0.16	-0.353823
0.57	0.18	-0.507302
0.57	0.2	-0.672056
0.57	0.22	-0.841704
0.57	0.24	-1.01075
0.57	0.26	-1.17487
0.57	0.28	-1.33105
0.57	0.3	-1.47747
0.57	0.32	-1.6134
0.57	0.34	-1.73895
0.57	0.36	-1.85479
0.57	0.38	-1.96193
0.57	0.4	-2.06143
0.57	0.42	-2.15425
0.57	0.44	-2.24105
0.57	0.46	-2.32212
0.57	0.48	-2.3973
0.57	0.5	-2.46598
0.57	0.52	-2.52712
0.57	0.54	-2.57931
0.57	0.56	-2.62087
0.57	0.58	-2.64996
0.57	0.6	-2.66464
0.57	0.62	-2.66304
0.57	0.64	-2.64341
0.57	0.66	-2.60422
0.57	0.68	-2.54425
0.57	0.7	-2.46261
0.57	0.72	-2.3588
0.57	0.74	-2.23279
0.57	0.76	-2.08502
0.57	0.78	-1.91657
0.57	0.8	-1.72922
0.57	0.82	-1.52566
0.57	0.84	-1.30964
0.57	0.86	-1.08618
0.57	0.88	-0.861673
0.57	0.9	-0.643923
0.57	0.92	-0.442022
0.57	0.94	-0.266045
0.57	0.96	-0.126603
0.57	0.98	-0.0343928
0.57	1	0

0.59	0	0
0.59	0.02	0.00620446
0.59	0.04	0.000731349
0.59	0.06	-0.0325411
0.59	0.08	-0.102613
0.59	0.1	-0.212427
0.59	0.12	-0.360114
0.59	0.14	-0.540324
0.59	0.16	-0.745528
0.59	0.18	-0.967202
0.59	0.2	-1.19681
0.59	0.22	-1.42656
0.59	0.24	-1.64987
0.59	0.26	-1.86166
0.59	0.28	-2.05842
0.59	0.3	-2.2381
0.59	0.32	-2.39992
0.59	0.34	-2.54409
0.59	0.36	-2.67159
0.59	0.38	-2.78377
0.59	0.4	-2.88218
0.59	0.42	-2.96831
0.59	0.44	-3.04339
0.59	0.46	-3.10826
0.59	0.48	-3.16333
0.59	0.5	-3.20849
0.59	0.52	-3.24315
0.59	0.54	-3.2663
0.59	0.56	-3.27656
0.59	0.58	-3.27228
0.59	0.6	-3.25169
0.59	0.62	-3.21299
0.59	0.64	-3.15448
0.59	0.66	-3.07467
0.59	0.68	-2.9724
0.59	0.7	-2.84691
0.59	0.72	-2.69796
0.59	0.74	-2.52591
0.59	0.76	-2.3318
0.59	0.78	-2.11752
0.59	0.8	-1.88586
0.59	0.82	-1.64071
0.59	0.84	-1.38714
0.59	0.86	-1.13149
0.59	0.88	-0.881368
0.59	0.9	-0.645458
0.59	0.92	-0.433174
0.59	0.94	-0.254104
0.59	0.96	-0.117295
0.59	0.98	-0.0305446
0.59	1	0

0.61	0	0
0.61	0.02	-0.00499952
0.61	0.04	-0.0408598
0.61	0.06	-0.1203
0.61	0.08	-0.248814
0.61	0.1	-0.425883
0.61	0.12	-0.646371
0.61	0.14	-0.901973
0.61	0.16	-1.18259
0.61	0.18	-1.47756
0.61	0.2	-1.77658
0.61	0.22	-2.07049
0.61	0.24	-2.35167
0.61	0.26	-2.61431
0.61	0.28	-2.85438
0.61	0.3	-3.06957
0.61	0.32	-3.25898
0.61	0.34	-3.42291
0.61	0.36	-3.56253
0.61	0.38	-3.67954
0.61	0.4	-3.7759
0.61	0.42	-3.85359
0.61	0.44	-3.91441
0.61	0.46	-3.95979
0.61	0.48	-3.99072
0.61	0.5	-4.00765
0.61	0.52	-4.01055
0.61	0.54	-3.99887
0.61	0.56	-3.97164
0.61	0.58	-3.92757
0.61	0.6	-3.86515
0.61	0.62	-3.78281
0.61	0.64	-3.67904
0.61	0.66	-3.55251
0.61	0.68	-3.40227
0.61	0.7	-3.22782
0.61	0.72	-3.02927
0.61	0.74	-2.80748
0.61	0.76	-2.56418
0.61	0.78	-2.30207
0.61	0.8	-2.02501
0.61	0.82	-1.73805
0.61	0.84	-1.44755
0.61	0.86	-1.16109
0.61	0.88	-0.887372
0.61	0.9	-0.63579
0.61	0.92	-0.4159
0.61	0.94	-0.236577
0.61	0.96	-0.105022
0.61	0.98	-0.0257664
0.61	1	0

0.63	0	0
0.63	0.02	-0.0181744
0.63	0.04	-0.0888868
0.63	0.06	-0.220327
0.63	0.08	-0.413667
0.63	0.1	-0.664387
0.63	0.12	-0.963776
0.63	0.14	-1.30044
0.63	0.16	-1.66171
0.63	0.18	-2.03478
0.63	0.2	-2.40771
0.63	0.22	-2.77
0.63	0.24	-3.11307
0.63	0.26	-3.43034
0.63	0.28	-3.71727
0.63	0.3	-3.9712
0.63	0.32	-4.19109
0.63	0.34	-4.3772
0.63	0.36	-4.5308
0.63	0.38	-4.65384
0.63	0.4	-4.74862
0.63	0.42	-4.81758
0.63	0.44	-4.86301
0.63	0.46	-4.88693
0.63	0.48	-4.89092
0.63	0.5	-4.87605
0.63	0.52	-4.84288
0.63	0.54	-4.79141
0.63	0.56	-4.72121
0.63	0.58	-4.63144
0.63	0.6	-4.52102
0.63	0.62	-4.38872
0.63	0.64	-4.23337
0.63	0.66	-4.05396
0.63	0.68	-3.84987
0.63	0.7	-3.62099
0.63	0.72	-3.36792
0.63	0.74	-3.09209
0.63	0.76	-2.79596
0.63	0.78	-2.48317
0.63	0.8	-2.1586
0.63	0.82	-1.82848
0.63	0.84	-1.50038
0.63	0.86	-1.1831
0.63	0.88	-0.886284
0.63	0.9	-0.619975
0.63	0.92	-0.393745
0.63	0.94	-0.215626
0.63	0.96	-0.0908132
0.63	0.98	-0.0203293
0.63	1	0

0.65	0	0
0.65	0.02	-0.0332109
0.65	0.04	-0.142869
0.65	0.06	-0.331524
0.65	0.08	-0.595268
0.65	0.1	-0.925129
0.65	0.12	-1.3086
0.65	0.14	-1.73116
0.65	0.16	-2.17759
0.65	0.18	-2.63311
0.65	0.2	-3.08417
0.65	0.22	-3.51909
0.65	0.24	-3.9283
0.65	0.26	-4.30451
0.65	0.28	-4.64262
0.65	0.3	-4.93955
0.65	0.32	-5.19398
0.65	0.34	-5.40603
0.65	0.36	-5.57696
0.65	0.38	-5.70883
0.65	0.4	-5.80418
0.65	0.42	-5.86578
0.65	0.44	-5.89637
0.65	0.46	-5.8985
0.65	0.48	-5.87431
0.65	0.5	-5.82552
0.65	0.52	-5.7533
0.65	0.54	-5.65829
0.65	0.56	-5.54066
0.65	0.58	-5.40016
0.65	0.6	-5.23623
0.65	0.62	-5.04816
0.65	0.64	-4.83524
0.65	0.66	-4.59693
0.65	0.68	-4.33309
0.65	0.7	-4.04412
0.65	0.72	-3.7312
0.65	0.74	-3.39647
0.65	0.76	-3.0432
0.65	0.78	-2.67595
0.65	0.8	-2.30067
0.65	0.82	-1.92475
0.65	0.84	-1.55695
0.65	0.86	-1.20718
0.65	0.88	-0.886048
0.65	0.9	-0.604147
0.65	0.92	-0.371047
0.65	0.94	-0.193929
0.65	0.96	-0.0759634
0.65	0.98	-0.0145832
0.65	1	0

0.67	0	0
0.67	0.02	-0.0499117
0.67	0.04	-0.202025
0.67	0.06	-0.452204
0.67	0.08	-0.7908
0.67	0.1	-1.20405
0.67	0.12	-1.67554
0.67	0.14	-2.18766
0.67	0.16	-2.7228
0.67	0.18	-3.26431
0.67	0.2	-3.79725
0.67	0.22	-4.30879
0.67	0.24	-4.78849
0.67	0.26	-5.22832
0.67	0.28	-5.62258
0.67	0.3	-5.96766
0.67	0.32	-6.26186
0.67	0.34	-6.50501
0.67	0.36	-6.69818
0.67	0.38	-6.8434
0.67	0.4	-6.94328
0.67	0.42	-7.0008
0.67	0.44	-7.01905
0.67	0.46	-7.00099
0.67	0.48	-6.94931
0.67	0.5	-6.86631
0.67	0.52	-6.7538
0.67	0.54	-6.6131
0.67	0.56	-6.44505
0.67	0.58	-6.25005
0.67	0.6	-6.0282
0.67	0.62	-5.77942
0.67	0.64	-5.50361
0.67	0.66	-5.20084
0.67	0.68	-4.87157
0.67	0.7	-4.51687
0.67	0.72	-4.1386
0.67	0.74	-3.73969
0.67	0.76	-3.32428
0.67	0.78	-2.8979
0.67	0.8	-2.46757
0.67	0.82	-2.04183
0.67	0.84	-1.63061
0.67	0.86	-1.24489
0.67	0.88	-0.896202
0.67	0.9	-0.595741
0.67	0.92	-0.353131
0.67	0.94	-0.174821
0.67	0.96	-0.062115
0.67	0.98	-0.00898539
0.67	1	0

0.69	0	0
0.69	0.02	-0.0679767
0.69	0.04	-0.265236
0.69	0.06	-0.580026
0.69	0.08	-0.996439
0.69	0.1	-1.49571
0.69	0.12	-2.05755
0.69	0.14	-2.6614
0.69	0.16	-3.28745
0.69	0.18	-3.91744
0.69	0.2	-4.53516
0.69	0.22	-5.12682
0.69	0.24	-5.68115
0.69	0.26	-6.18939
0.69	0.28	-6.64518
0.69	0.3	-7.04432
0.69	0.32	-7.38454
0.69	0.34	-7.66524
0.69	0.36	-7.88712
0.69	0.38	-8.05196
0.69	0.4	-8.16229
0.69	0.42	-8.22112
0.69	0.44	-8.2317
0.69	0.46	-8.19733
0.69	0.48	-8.1211
0.69	0.5	-8.00585
0.69	0.52	-7.854
0.69	0.54	-7.66754
0.69	0.56	-7.44799
0.69	0.58	-7.1965
0.69	0.6	-6.91391
0.69	0.62	-6.60085
0.69	0.64	-6.25795
0.69	0.66	-5.88604
0.69	0.68	-5.4863
0.69	0.7	-5.06056
0.69	0.72	-4.6115
0.69	0.74	-4.1429
0.69	0.76	-3.65984
0.69	0.78	-3.16884
0.69	0.8	-2.67801
0.69	0.82	-2.19701
0.69	0.84	-1.7369
0.69	0.86	-1.30976
0.69	0.88	-0.928067
0.69	0.9	-0.603681
0.69	0.92	-0.346467
0.69	0.94	-0.162419
0.69	0.96	-0.0513379
0.69	0.98	-0.00412994
0.69	1	0

0.71	0	0
0.71	0.02	-0.0869925
0.71	0.04	-0.331013
0.71	0.06	-0.711948
0.71	0.08	-1.20729
0.71	0.1	-1.79324
0.71	0.12	-2.44577
0.71	0.14	-3.14163
0.71	0.16	-3.8591
0.71	0.18	-4.57856
0.71	0.2	-5.28278
0.71	0.22	-5.95715
0.71	0.24	-6.58966
0.71	0.26	-7.17085
0.71	0.28	-7.69365
0.71	0.3	-8.15316
0.71	0.32	-8.54644
0.71	0.34	-8.87222
0.71	0.36	-9.13067
0.71	0.38	-9.32312
0.71	0.4	-9.45177
0.71	0.42	-9.51947
0.71	0.44	-9.52946
0.71	0.46	-9.48514
0.71	0.48	-9.38992
0.71	0.5	-9.24703
0.71	0.52	-9.05942
0.71	0.54	-8.82969
0.71	0.56	-8.56007
0.71	0.58	-8.25244
0.71	0.6	-7.90841
0.71	0.62	-7.52944
0.71	0.64	-7.11698
0.71	0.66	-6.67265
0.71	0.68	-6.19851
0.71	0.7	-5.69725
0.71	0.72	-5.17243
0.71	0.74	-4.62876
0.71	0.76	-4.07229
0.71	0.78	-3.51057
0.71	0.8	-2.95279
0.71	0.82	-2.40971
0.71	0.84	-1.89351
0.71	0.86	-1.41738
0.71	0.88	-0.994793
0.71	0.9	-0.638464
0.71	0.92	-0.358776
0.71	0.94	-0.161716
0.71	0.96	-0.046193
0.71	0.98	-0.000774536
0.71	1	0

0.73	0	0
0.73	0.02	-0.106426
0.73	0.04	-0.397486
0.73	0.06	-0.844214
0.73	0.08	-1.41739
0.73	0.1	-2.0883
0.73	0.12	-2.82949
0.73	0.14	-3.61536
0.73	0.16	-4.42265
0.73	0.18	-5.23068
0.73	0.2	-6.02145
0.73	0.22	-6.77973
0.73	0.24	-7.49288
0.73	0.26	-8.15079
0.73	0.28	-8.74565
0.73	0.3	-9.27179
0.73	0.32	-9.72546
0.73	0.34	-10.1046
0.73	0.36	-10.4086
0.73	0.38	-10.638
0.73	0.4	-10.7947
0.73	0.42	-10.881
0.73	0.44	-10.8998
0.73	0.46	-10.8546
0.73	0.48	-10.7487
0.73	0.5	-10.5858
0.73	0.52	-10.369
0.73	0.54	-10.1016
0.73	0.56	-9.7864
0.73	0.58	-9.42593
0.73	0.6	-9.02261
0.73	0.62	-8.57872
0.73	0.64	-8.09656
0.73	0.66	-7.57866
0.73	0.68	-7.02798
0.73	0.7	-6.44812
0.73	0.72	-5.84362
0.73	0.74	-5.22014
0.73	0.76	-4.58471
0.73	0.78	-3.94593
0.73	0.8	-3.31403
0.73	0.82	-2.70087
0.73	0.84	-2.11975
0.73	0.86	-1.58497
0.73	0.88	-1.11114
0.73	0.9	-0.712035
0.73	0.92	-0.398978
0.73	0.94	-0.178582
0.73	0.96	-0.0497565
0.73	0.98	0.000143068
0.73	1	0

0.75	0	0
0.75	0.02	-0.125623
0.75	0.04	-0.462411
0.75	0.06	-0.97237
0.75	0.08	-1.61971
0.75	0.1	-2.37115
0.75	0.12	-3.19621
0.75	0.14	-4.06741
0.75	0.16	-4.96034
0.75	0.18	-5.85361
0.75	0.2	-6.72879
0.75	0.22	-7.5702
0.75	0.24	-8.36474
0.75	0.26	-9.10171
0.75	0.28	-9.7726
0.75	0.3	-10.3709
0.75	0.32	-10.892
0.75	0.34	-11.3328
0.75	0.36	-11.6918
0.75	0.38	-11.9687
0.75	0.4	-12.1645
0.75	0.42	-12.2808
0.75	0.44	-12.3202
0.75	0.46	-12.2857
0.75	0.48	-12.1805
0.75	0.5	-12.0082
0.75	0.52	-11.7723
0.75	0.54	-11.4763
0.75	0.56	-11.1235
0.75	0.58	-10.717
0.75	0.6	-10.26
0.75	0.62	-9.75548
0.75	0.64	-9.20665
0.75	0.66	-8.6169
0.75	0.68	-7.9901
0.75	0.7	-7.33081
0.75	0.72	-6.6445
0.75	0.74	-5.93781
0.75	0.76	-5.21876
0.75	0.78	-4.49694
0.75	0.8	-3.78359
0.75	0.82	-3.09164
0.75	0.84	-2.43547
0.75	0.86	-1.83057
0.75	0.88	-1.29281
0.75	0.9	-0.837336
0.75	0.92	-0.476918
0.75	0.94	-0.219628
0.75	0.96	-0.0655729
0.75	0.98	-0.00249246
0.75	1	0

0.77	0	0
0.77	0.02	-0.143822
0.77	0.04	-0.523202
0.77	0.06	-1.09133
0.77	0.08	-1.80628
0.77	0.1	-2.63074
0.77	0.12	-3.53178
0.77	0.14	-4.48052
0.77	0.16	-5.45188
0.77	0.18	-6.42417
0.77	0.2	-7.37879
0.77	0.22	-8.29989
0.77	0.24	-9.1741
0.77	0.26	-9.99025
0.77	0.28	-10.7392
0.77	0.3	-11.4136
0.77	0.32	-12.0079
0.77	0.34	-12.5179
0.77	0.36	-12.9411
0.77	0.38	-13.2761
0.77	0.4	-13.5228
0.77	0.42	-13.682
0.77	0.44	-13.7554
0.77	0.46	-13.7454
0.77	0.48	-13.6548
0.77	0.5	-13.487
0.77	0.52	-13.2454
0.77	0.54	-12.9335
0.77	0.56	-12.5549
0.77	0.58	-12.1133
0.77	0.6	-11.6122
0.77	0.62	-11.0555
0.77	0.64	-10.4469
0.77	0.66	-9.79079
0.77	0.68	-9.09178
0.77	0.7	-8.35536
0.77	0.72	-7.58788
0.77	0.74	-6.79691
0.77	0.76	-5.99137
0.77	0.78	-5.18179
0.77	0.8	-4.38034
0.77	0.82	-3.60095
0.77	0.84	-2.85906
0.77	0.86	-2.17138
0.77	0.88	-1.55519
0.77	0.9	-1.02735
0.77	0.92	-0.602727
0.77	0.94	-0.291838
0.77	0.96	-0.0974983
0.77	0.98	-0.00994066
0.77	1	0

0.79	0	0
0.79	0.02	-0.160164
0.79	0.04	-0.576984
0.79	0.06	-1.19549
0.79	0.08	-1.96835
0.79	0.1	-2.85498
0.79	0.12	-3.82064
0.79	0.14	-4.83568
0.79	0.16	-5.87478
0.79	0.18	-6.91637
0.79	0.2	-7.94201
0.79	0.22	-8.93597
0.79	0.24	-9.88482
0.79	0.26	-10.7771
0.79	0.28	-11.6032
0.79	0.3	-12.355
0.79	0.32	-13.0259
0.79	0.34	-13.6109
0.79	0.36	-14.106
0.79	0.38	-14.5088
0.79	0.4	-14.8178
0.79	0.42	-15.0329
0.79	0.44	-15.1545
0.79	0.46	-15.1844
0.79	0.48	-15.1245
0.79	0.5	-14.9775
0.79	0.52	-14.7466
0.79	0.54	-14.4351
0.79	0.56	-14.0466
0.79	0.58	-13.5849
0.79	0.6	-13.054
0.79	0.62	-12.4579
0.79	0.64	-11.8012
0.79	0.66	-11.0887
0.79	0.68	-10.3258
0.79	0.7	-9.51872
0.79	0.72	-8.67461
0.79	0.74	-7.80177
0.79	0.76	-6.90992
0.79	0.78	-6.01036
0.79	0.8	-5.11609
0.79	0.82	-4.24189
0.79	0.84	-3.40423
0.79	0.86	-2.62103
0.79	0.88	-1.91114
0.79	0.9	-1.29349
0.79	0.92	-0.785698
0.79	0.94	-0.401895
0.79	0.96	-0.149386
0.79	0.98	-0.0235269
0.79	1	0

0.81	0	0
0.81	0.02	-0.173718
0.81	0.04	-0.620666
0.81	0.06	-1.27883
0.81	0.08	-2.09659
0.81	0.1	-3.03097
0.81	0.12	-4.04623
0.81	0.14	-5.11251
0.81	0.16	-6.20478
0.81	0.18	-7.30195
0.81	0.2	-8.38611
0.81	0.22	-9.44193
0.81	0.24	-10.4562
0.81	0.26	-11.4174
0.81	0.28	-12.3155
0.81	0.3	-13.142
0.81	0.32	-13.8894
0.81	0.34	-14.5516
0.81	0.36	-15.1235
0.81	0.38	-15.6014
0.81	0.4	-15.9825
0.81	0.42	-16.2653
0.81	0.44	-16.4491
0.81	0.46	-16.5342
0.81	0.48	-16.5218
0.81	0.5	-16.4138
0.81	0.52	-16.2123
0.81	0.54	-15.9205
0.81	0.56	-15.5414
0.81	0.58	-15.0787
0.81	0.6	-14.5364
0.81	0.62	-13.9187
0.81	0.64	-13.2304
0.81	0.66	-12.4768
0.81	0.68	-11.6636
0.81	0.7	-10.7976
0.81	0.72	-9.8865
0.81	0.74	-8.93907
0.81	0.76	-7.96561
0.81	0.78	-6.97797
0.81	0.8	-5.98978
0.81	0.82	-5.01649
0.81	0.84	-4.07544
0.81	0.86	-3.1857
0.81	0.88	-2.3678
0.81	0.9	-1.64306
0.81	0.92	-1.03251
0.81	0.94	-0.555084
0.81	0.96	-0.22456
0.81	0.98	-0.0445023
0.81	1	0

0.83	0	0
0.83	0.02	-0.183507
0.83	0.04	-0.651023
0.83	0.06	-1.33515
0.83	0.08	-2.18135
0.83	0.1	-3.14542
0.83	0.12	-4.1914
0.83	0.14	-5.28985
0.83	0.16	-6.41647
0.83	0.18	-7.55104
0.83	0.2	-8.67651
0.83	0.22	-9.77827
0.83	0.24	-10.8436
0.83	0.26	-11.8612
0.83	0.28	-12.8212
0.83	0.3	-13.7144
0.83	0.32	-14.533
0.83	0.34	-15.2697
0.83	0.36	-15.9187
0.83	0.38	-16.4748
0.83	0.4	-16.9339
0.83	0.42	-17.2932
0.83	0.44	-17.5505
0.83	0.46	-17.7049
0.83	0.48	-17.7561
0.83	0.5	-17.7049
0.83	0.52	-17.5526
0.83	0.54	-17.3012
0.83	0.56	-16.9532
0.83	0.58	-16.5118
0.83	0.6	-15.9806
0.83	0.62	-15.3635
0.83	0.64	-14.6654
0.83	0.66	-13.8913
0.83	0.68	-13.0473
0.83	0.7	-12.1402
0.83	0.72	-11.1779
0.83	0.74	-10.1694
0.83	0.76	-9.12526
0.83	0.78	-8.0575
0.83	0.8	-6.98005
0.83	0.82	-5.90877
0.83	0.84	-4.86161
0.83	0.86	-3.85867
0.83	0.88	-2.92207
0.83	0.9	-2.07573
0.83	0.92	-1.34465
0.83	0.94	-0.753661
0.83	0.96	-0.325004
0.83	0.98	-0.0738199
0.83	1	0

0.85	0	0
0.85	0.02	-0.188529
0.85	0.04	-0.664774
0.85	0.06	-1.35816
0.85	0.08	-2.21297
0.85	0.1	-3.18501
0.85	0.12	-4.23895
0.85	0.14	-5.34633
0.85	0.16	-6.48402
0.85	0.18	-7.63301
0.85	0.2	-8.77741
0.85	0.22	-9.90364
0.85	0.24	-10.9998
0.85	0.26	-12.0552
0.85	0.28	-13.0602
0.85	0.3	-14.0056
0.85	0.32	-14.8832
0.85	0.34	-15.6854
0.85	0.36	-16.4051
0.85	0.38	-17.0362
0.85	0.4	-17.5736
0.85	0.42	-18.0127
0.85	0.44	-18.3503
0.85	0.46	-18.5837
0.85	0.48	-18.7115
0.85	0.5	-18.7328
0.85	0.52	-18.6478
0.85	0.54	-18.4573
0.85	0.56	-18.1629
0.85	0.58	-17.7667
0.85	0.6	-17.2715
0.85	0.62	-16.6808
0.85	0.64	-15.9987
0.85	0.66	-15.2301
0.85	0.68	-14.3807
0.85	0.7	-13.4568
0.85	0.72	-12.4663
0.85	0.74	-11.4179
0.85	0.76	-10.3218
0.85	0.78	-9.19006
0.85	0.8	-8.03629
0.85	0.82	-6.87638
0.85	0.84	-5.72851
0.85	0.86	-4.61345
0.85	0.88	-3.55473
0.85	0.9	-2.5788
0.85	0.92	-1.7149
0.85	0.94	-0.994558
0.85	0.96	-0.450187
0.85	0.98	-0.111797
0.85	1	0

0.87	0	0
0.87	0.02	-0.187757
0.87	0.04	-0.658632
0.87	0.06	-1.34166
0.87	0.08	-2.18202
0.87	0.1	-3.13681
0.87	0.12	-4.17217
0.87	0.14	-5.26112
0.87	0.16	-6.38204
0.87	0.18	-7.51743
0.87	0.2	-8.65283
0.87	0.22	-9.77602
0.87	0.24	-10.8763
0.87	0.26	-11.9438
0.87	0.28	-12.9695
0.87	0.3	-13.9448
0.87	0.32	-14.8613
0.87	0.34	-15.7112
0.87	0.36	-16.487
0.87	0.38	-17.1817
0.87	0.4	-17.7892
0.87	0.42	-18.3038
0.87	0.44	-18.7208
0.87	0.46	-19.0364
0.87	0.48	-19.2474
0.87	0.5	-19.3517
0.87	0.52	-19.348
0.87	0.54	-19.2357
0.87	0.56	-19.015
0.87	0.58	-18.6869
0.87	0.6	-18.2531
0.87	0.62	-17.7161
0.87	0.64	-17.079
0.87	0.66	-16.3458
0.87	0.68	-15.5214
0.87	0.7	-14.6116
0.87	0.72	-13.6232
0.87	0.74	-12.5644
0.87	0.76	-11.4447
0.87	0.78	-10.2751
0.87	0.8	-9.0689
0.87	0.82	-7.84118
0.87	0.84	-6.60984
0.87	0.86	-5.39576
0.87	0.88	-4.2234
0.87	0.9	-3.12131
0.87	0.92	-2.1228
0.87	0.94	-1.2663
0.87	0.96	-0.595407
0.87	0.98	-0.157612
0.87	1	0

0.89	0	0
0.89	0.02	-0.180118
0.89	0.04	-0.629321
0.89	0.06	-1.27972
0.89	0.08	-2.07961
0.89	0.1	-2.98874
0.89	0.12	-3.97541
0.89	0.14	-5.01453
0.89	0.16	-6.08628
0.89	0.18	-7.17492
0.89	0.2	-8.26773
0.89	0.22	-9.35409
0.89	0.24	-10.4247
0.89	0.26	-11.4712
0.89	0.28	-12.4854
0.89	0.3	-13.4594
0.89	0.32	-14.3854
0.89	0.34	-15.2557
0.89	0.36	-16.0626
0.89	0.38	-16.799
0.89	0.4	-17.458
0.89	0.42	-18.0331
0.89	0.44	-18.5185
0.89	0.46	-18.9093
0.89	0.48	-19.2011
0.89	0.5	-19.3902
0.89	0.52	-19.4739
0.89	0.54	-19.4503
0.89	0.56	-19.3181
0.89	0.58	-19.0769
0.89	0.6	-18.727
0.89	0.62	-18.2696
0.89	0.64	-17.7066
0.89	0.66	-17.0406
0.89	0.68	-16.2754
0.89	0.7	-15.4155
0.89	0.72	-14.4667
0.89	0.74	-13.4356
0.89	0.76	-12.3306
0.89	0.78	-11.1614
0.89	0.8	-9.93985
0.89	0.82	-8.6798
0.89	0.84	-7.39806
0.89	0.86	-6.11483
0.89	0.88	-4.85459
0.89	0.9	-3.64719
0.89	0.92	-2.52911
0.89	0.94	-1.54502
0.89	0.96	-0.74949
0.89	0.98	-0.208536
0.89	1	0

0.91	0	0
0.91	0.02	-0.164426
0.91	0.04	-0.573576
0.91	0.06	-1.16676
0.91	0.08	-1.89772
0.91	0.1	-2.72997
0.91	0.12	-3.63451
0.91	0.14	-4.58851
0.91	0.16	-5.57422
0.91	0.18	-6.57791
0.91	0.2	-7.58884
0.91	0.22	-8.59826
0.91	0.24	-9.59867
0.91	0.26	-10.5832
0.91	0.28	-11.545
0.91	0.3	-12.4774
0.91	0.32	-13.3735
0.91	0.34	-14.2261
0.91	0.36	-15.028
0.91	0.38	-15.7722
0.91	0.4	-16.4515
0.91	0.42	-17.0593
0.91	0.44	-17.5892
0.91	0.46	-18.0354
0.91	0.48	-18.3926
0.91	0.5	-18.6561
0.91	0.52	-18.822
0.91	0.54	-18.887
0.91	0.56	-18.8484
0.91	0.58	-18.7046
0.91	0.6	-18.4544
0.91	0.62	-18.0975
0.91	0.64	-17.6343
0.91	0.66	-17.0662
0.91	0.68	-16.3951
0.91	0.7	-15.6241
0.91	0.72	-14.7574
0.91	0.74	-13.7999
0.91	0.76	-12.7581
0.91	0.78	-11.64
0.91	0.8	-10.4551
0.91	0.82	-9.21555
0.91	0.84	-7.93601
0.91	0.86	-6.63498
0.91	0.88	-5.33571
0.91	0.9	-4.06786
0.91	0.92	-2.86945
0.91	0.94	-1.78953
0.91	0.96	-0.891657
0.91	0.98	-0.258737
0.91	1	0

0.93	0	0
0.93	0.02	-0.139322
0.93	0.04	-0.488305
0.93	0.06	-0.998049
0.93	0.08	-1.62972
0.93	0.1	-2.35138
0.93	0.12	-3.13718
0.93	0.14	-3.96689
0.93	0.16	-4.8252
0.93	0.18	-5.70071
0.93	0.2	-6.58491
0.93	0.22	-7.47117
0.93	0.24	-8.35392
0.93	0.26	-9.22804
0.93	0.28	-10.0884
0.93	0.3	-10.9297
0.93	0.32	-11.7462
0.93	0.34	-12.5319
0.93	0.36	-13.2805
0.93	0.38	-13.9855
0.93	0.4	-14.6404
0.93	0.42	-15.2387
0.93	0.44	-15.7741
0.93	0.46	-16.2405
0.93	0.48	-16.6323
0.93	0.5	-16.9443
0.93	0.52	-17.1719
0.93	0.54	-17.3108
0.93	0.56	-17.3575
0.93	0.58	-17.309
0.93	0.6	-17.1631
0.93	0.62	-16.9181
0.93	0.64	-16.5731
0.93	0.66	-16.1278
0.93	0.68	-15.5828
0.93	0.7	-14.9394
0.93	0.72	-14.1998
0.93	0.74	-13.3671
0.93	0.76	-12.4458
0.93	0.78	-11.4412
0.93	0.8	-10.3606
0.93	0.82	-9.21325
0.93	0.84	-8.01089
0.93	0.86	-6.76901
0.93	0.88	-5.50804
0.93	0.9	-4.25535
0.93	0.92	-3.04786
0.93	0.94	-1.93576
0.93	0.96	-0.987477
0.93	0.98	-0.297396
0.93	1	0

0.95	0	0
0.95	0.02	-0.103448
0.95	0.04	-0.371417
0.95	0.06	-0.770891
0.95	0.08	-1.27148
0.95	0.1	-1.84624
0.95	0.12	-2.47308
0.95	0.14	-3.13504
0.95	0.16	-3.81983
0.95	0.18	-4.51884
0.95	0.2	-5.22606
0.95	0.22	-5.9371
0.95	0.24	-6.64843
0.95	0.26	-7.35677
0.95	0.28	-8.05873
0.95	0.3	-8.75057
0.95	0.32	-9.42815
0.95	0.34	-10.0869
0.95	0.36	-10.7218
0.95	0.38	-11.3276
0.95	0.4	-11.8988
0.95	0.42	-12.43
0.95	0.44	-12.9155
0.95	0.46	-13.35
0.95	0.48	-13.7281
0.95	0.5	-14.0449
0.95	0.52	-14.2957
0.95	0.54	-14.4761
0.95	0.56	-14.5822
0.95	0.58	-14.6106
0.95	0.6	-14.5583
0.95	0.62	-14.4228
0.95	0.64	-14.2021
0.95	0.66	-13.8949
0.95	0.68	-13.5004
0.95	0.7	-13.0184
0.95	0.72	-12.4495
0.95	0.74	-11.7949
0.95	0.76	-11.0567
0.95	0.78	-10.2382
0.95	0.8	-9.34356
0.95	0.82	-8.37882
0.95	0.84	-7.35209
0.95	0.86	-6.27462
0.95	0.88	-5.16216
0.95	0.9	-4.03706
0.95	0.92	-2.93146
0.95	0.94	-1.89167
0.95	0.96	-0.984415
0.95	0.98	-0.305971
0.95	1	0

0.97	0	0
0.97	0.02	-0.0568396
0.97	0.04	-0.224838
0.97	0.06	-0.487768
0.97	0.08	-0.823493
0.97	0.1	-1.21102
0.97	0.12	-1.63349
0.97	0.14	-2.07867
0.97	0.16	-2.53829
0.97	0.18	-3.00704
0.97	0.2	-3.48162
0.97	0.22	-3.95985
0.97	0.24	-4.4401
0.97	0.26	-4.92079
0.97	0.28	-5.40018
0.97	0.3	-5.87617
0.97	0.32	-6.34628
0.97	0.34	-6.80761
0.97	0.36	-7.25693
0.97	0.38	-7.69071
0.97	0.4	-8.1052
0.97	0.42	-8.49649
0.97	0.44	-8.86059
0.97	0.46	-9.19351
0.97	0.48	-9.49127
0.97	0.5	-9.75001
0.97	0.52	-9.96599
0.97	0.54	-10.1357
0.97	0.56	-10.2557
0.97	0.58	-10.3231
0.97	0.6	-10.335
0.97	0.62	-10.2889
0.97	0.64	-10.1827
0.97	0.66	-10.0145
0.97	0.68	-9.783
0.97	0.7	-9.48715
0.97	0.72	-9.12636
0.97	0.74	-8.7005
0.97	0.76	-8.20999
0.97	0.78	-7.65584
0.97	0.8	-7.03979
0.97	0.82	-6.36461
0.97	0.84	-5.63444
0.97	0.86	-4.85548
0.97	0.88	-4.03715
0.97	0.9	-3.19386
0.97	0.92	-2.34808
0.97	0.94	-1.535
0.97	0.96	-0.809498
0.97	0.98	-0.255593
0.97	1	0

0.99	0	0
0.99	0.02	-0.00712065
0.99	0.04	-0.0633477
0.99	0.06	-0.163313
0.99	0.08	-0.294512
0.99	0.1	-0.445986
0.99	0.12	-0.609903
0.99	0.14	-0.781225
0.99	0.16	-0.956979
0.99	0.18	-1.13557
0.99	0.2	-1.31623
0.99	0.22	-1.49859
0.99	0.24	-1.68243
0.99	0.26	-1.8675
0.99	0.28	-2.05336
0.99	0.3	-2.23942
0.99	0.32	-2.42487
0.99	0.34	-2.6087
0.99	0.36	-2.78971
0.99	0.38	-2.96659
0.99	0.4	-3.13787
0.99	0.42	-3.30201
0.99	0.44	-3.45739
0.99	0.46	-3.60237
0.99	0.48	-3.73527
0.99	0.5	-3.85442
0.99	0.52	-3.95817
0.99	0.54	-4.0449
0.99	0.56	-4.11306
0.99	0.58	-4.16117
0.99	0.6	-4.18782
0.99	0.62	-4.19171
0.99	0.64	-4.17164
0.99	0.66	-4.12652
0.99	0.68	-4.05542
0.99	0.7	-3.95752
0.99	0.72	-3.83214
0.99	0.74	-3.67879
0.99	0.76	-3.4971
0.99	0.78	-3.28692
0.99	0.8	-3.04832
0.99	0.82	-2.78162
0.99	0.84	-2.48761
0.99	0.86	-2.1677
0.99	0.88	-1.82438
0.99	0.9	-1.46206
0.99	0.92	-1.08857
0.99	0.94	-0.718153
0.99	0.96	-0.376962
0.99	0.98	-0.112166
0.99	1	0

1	0	0
1	0.02	0
1	0.04	0
1	0.06	0
1	0.08	0
1	0.1	0
1	0.12	0
1	0.14	0
1	0.16	0
1	0.18	0
1	0.2	0
1	0.22	0
1	0.24	0
1	0.26	0
1	0.28	0
1	0.3	0
1	0.32	0
1	0.34	0
1	0.36	0
1	0.38	0
1	0.4	0
1	0.42	0
1	0.44	0
1	0.46	0
1	0.48	0
1	0.5	0
1	0.52	0
1	0.54	0
1	0.56	0
1	0.58	0
1	0.6	0
1	0.62	0
1	0.64	0
1	0.66	0
1	0.68	0
1	0.7	0
1	0.72	0
1	0.74	0
1	0.76	0
1	0.78	0
1	0.8	0
1	0.82	0
1	0.84	0
1	0.86	0
1	0.88	0
1	0.9	0
1	0.92	0
1	0.94	0
1	0.96	0
1	0.98	0
1	1	0

