0	1	0
0.01	1	0
0.03	1	0
0.05	1	0
0.07	1	0
0.09	1	0
0.11	1	0
0.13	1	0
0.15	1	0
0.17	1	0
0.19	1	0
0.21	1	0
0.23	1	0
0.25	1	0
0.27	1	0
0.29	1	0
0.31	1	0
0.33	1	0
0.35	1	0
0.37	1	0
0.39	1	0
0.41	1	0
0.43	1	0
0.45	1	0
0.47	1	0
0.49	1	0
0.51	1	0
0.53	1	0
0.55	1	0
0.57	1	0
0.59	1	0
0.61	1	0
0.63	1	0
0.65	1	0
0.67	1	0
0.69	1	0
0.71	1	0
0.73	1	0
0.75	1	0
0.77	1	0
0.79	1	0
0.81	1	0
0.83	1	0
0.85	1	0
0.87	1	0
0.89	1	0
0.91	1	0
0.93	1	0
0.95	1	0
0.97	1	0
0.99	1	0
1	1	0

0	0.99	0
0.01	0.99	0
0.03	0.99	0
0.05	0.99	0
0.07	0.99	0
0.09	0.99	0
0.11	0.99	0
0.13	0.99	0
0.15	0.99	0
0.17	0.99	0
0.19	0.99	0
0.21	0.99	0
0.23	0.99	0
0.25	0.99	0
0.27	0.99	0
0.29	0.99	0
0.31	0.99	0
0.33	0.99	0
0.35	0.99	0
0.37	0.99	0
0.39	0.99	0
0.41	0.99	0
0.43	0.99	0
0.45	0.99	0
0.47	0.99	0
0.49	0.99	0
0.51	0.99	0
0.53	0.99	0
0.55	0.99	0
0.57	0.99	0
0.59	0.99	0
0.61	0.99	0
0.63	0.99	0
0.65	0.99	0
0.67	0.99	0
0.69	0.99	0
0.71	0.99	0
0.73	0.99	0
0.75	0.99	0
0.77	0.99	0
0.79	0.99	0
0.81	0.99	0
0.83	0.99	0
0.85	0.99	0
0.87	0.99	0
0.89	0.99	0
0.91	0.99	0
0.93	0.99	0
0.95	0.99	0
0.97	0.99	0
0.99	0.99	0
1	0.99	0

0	0.97	0
0.01	0.97	0.223253
0.03	0.97	0.721758
0.05	0.97	1.08075
0.07	0.97	1.29375
0.09	0.97	1.37609
0.11	0.97	1.34438
0.13	0.97	1.21852
0.15	0.97	1.02277
0.17	0.97	0.78395
0.19	0.97	0.528234
0.21	0.97	0.278317
0.23	0.97	0.051511
0.25	0.97	-0.140929
0.27	0.97	-0.29347
0.29	0.97	-0.405315
0.31	0.97	-0.479108
0.33	0.97	-0.519646
0.35	0.97	-0.532758
0.37	0.97	-0.524452
0.39	0.97	-0.500346
0.41	0.97	-0.465332
0.43	0.97	-0.423441
0.45	0.97	-0.377826
0.47	0.97	-0.330838
0.49	0.97	-0.284127
0.51	0.97	-0.23877
0.53	0.97	-0.195374
0.55	0.97	-0.154176
0.57	0.97	-0.115109
0.59	0.97	-0.0778445
0.61	0.97	-0.0418104
0.63	0.97	-0.00618469
0.65	0.97	0.0301299
0.67	0.97	0.0685404
0.69	0.97	0.110788
0.71	0.97	0.158924
0.73	0.97	0.215171
0.75	0.97	0.281542
0.77	0.97	0.359017
0.79	0.97	0.445981
0.81	0.97	0.535548
0.83	0.97	0.611394
0.85	0.97	0.642155
0.87	0.97	0.575554
0.89	0.97	0.336248
0.91	0.97	-0.163128
0.93	0.97	-0.97836
0.95	0.97	-2.02249
0.97	0.97	-2.83363
0.99	0.97	-2.18982
1	0.97	0

0	0.95	0
0.01	0.95	0.899373
0.03	0.95	2.39415
0.05	0.95	3.47858
0.07	0.95	4.15359
0.09	0.95	4.44654
0.11	0.95	4.3975
0.13	0.95	4.06084
0.15	0.95	3.50403
0.17	0.95	2.80174
0.19	0.95	2.02799
0.21	0.95	1.24897
0.23	0.95	0.518016
0.25	0.95	-0.126721
0.27	0.95	-0.662348
0.29	0.95	-1.07954
0.31	0.95	-1.37984
0.33	0.95	-1.57258
0.35	0.95	-1.67187
0.37	0.95	-1.69408
0.39	0.95	-1.65583
0.41	0.95	-1.57263
0.43	0.95	-1.45806
0.45	0.95	-1.32342
0.47	0.95	-1.17764
0.49	0.95	-1.02744
0.51	0.95	-0.87762
0.53	0.95	-0.731308
0.55	0.95	-0.590264
0.57	0.95	-0.455104
0.59	0.95	-0.325478
0.61	0.95	-0.200175
0.63	0.95	-0.0771765
0.65	0.95	0.0463281
0.67	0.95	0.173925
0.69	0.95	0.309889
0.71	0.95	0.458904
0.73	0.95	0.625373
0.75	0.95	0.811976
0.77	0.95	1.01696
0.79	0.95	1.22947
0.81	0.95	1.42206
0.83	0.95	1.54002
0.85	0.95	1.48843
0.87	0.95	1.1216
0.89	0.95	0.248084
0.91	0.95	-1.32059
0.93	0.95	-3.62806
0.95	0.95	-6.27378
0.97	0.95	-7.91444
0.99	0.95	-5.62834
1	0.95	0

0	0.93	0
0.01	0.93	1.8306
0.03	0.93	4.63315
0.05	0.93	6.64949
0.07	0.93	7.9255
0.09	0.93	8.51051
0.11	0.93	8.47387
0.13	0.93	7.91137
0.15	0.93	6.94113
0.17	0.93	5.69263
0.19	0.93	4.29399
0.21	0.93	2.86076
0.23	0.93	1.48833
0.25	0.93	0.24805
0.27	0.93	-0.81328
0.29	0.93	-1.67146
0.31	0.93	-2.32131
0.33	0.93	-2.77232
0.35	0.93	-3.04409
0.37	0.93	-3.16219
0.39	0.93	-3.15459
0.41	0.93	-3.04901
0.43	0.93	-2.87094
0.45	0.93	-2.64263
0.47	0.93	-2.38248
0.49	0.93	-2.10508
0.51	0.93	-1.82139
0.53	0.93	-1.53914
0.55	0.93	-1.2633
0.57	0.93	-0.9965
0.59	0.93	-0.739349
0.61	0.93	-0.490739
0.63	0.93	-0.248027
0.65	0.93	-0.00719276
0.67	0.93	0.236974
0.69	0.93	0.490517
0.71	0.93	0.75957
0.73	0.93	1.04886
0.75	0.93	1.3589
0.77	0.93	1.68102
0.79	0.93	1.9892
0.81	0.93	2.22775
0.83	0.93	2.2944
0.85	0.93	2.02165
0.87	0.93	1.16596
0.89	0.93	-0.570524
0.91	0.93	-3.43702
0.93	0.93	-7.37585
0.95	0.93	-11.5413
0.97	0.93	-13.6145
0.99	0.93	-9.10004
1	0.93	0

0	0.91	0
0.01	0.91	2.87338
0.03	0.91	7.17182
0.05	0.91	10.2458
0.07	0.91	12.2
0.09	0.91	13.1185
0.11	0.91	13.1096
0.13	0.91	12.3191
0.15	0.91	10.9223
0.17	0.91	9.10735
0.19	0.91	7.05773
0.21	0.91	4.93767
0.23	0.91	2.88309
0.25	0.91	0.997429
0.27	0.91	-0.648574
0.29	0.91	-2.01433
0.31	0.91	-3.08512
0.33	0.91	-3.8669
0.35	0.91	-4.38091
0.37	0.91	-4.65841
0.39	0.91	-4.73607
0.41	0.91	-4.65211
0.43	0.91	-4.44338
0.45	0.91	-4.14332
0.47	0.91	-3.7808
0.49	0.91	-3.37963
0.51	0.91	-2.95854
0.53	0.91	-2.53153
0.55	0.91	-2.10835
0.57	0.91	-1.69504
0.59	0.91	-1.29449
0.61	0.91	-0.906859
0.63	0.91	-0.529981
0.65	0.91	-0.159739
0.67	0.91	0.209483
0.69	0.91	0.584076
0.71	0.91	0.969892
0.73	0.91	1.36985
0.75	0.91	1.77973
0.77	0.91	2.18099
0.79	0.91	2.52949
0.81	0.91	2.73876
0.83	0.91	2.65826
0.85	0.91	2.05141
0.87	0.91	0.588991
0.89	0.91	-2.10539
0.91	0.91	-6.29103
0.93	0.91	-11.74
0.95	0.91	-17.1133
0.97	0.91	-19.1825
0.99	0.91	-12.1984
1	0.91	0

0	0.89	0
0.01	0.89	3.95954
0.03	0.89	9.85929
0.05	0.89	14.0638
0.07	0.89	16.7318
0.09	0.89	17.9901
0.11	0.89	17.9984
0.13	0.89	16.9639
0.15	0.89	15.128
0.17	0.89	12.7431
0.19	0.89	10.0488
0.21	0.89	7.25554
0.23	0.89	4.53509
0.25	0.89	2.01764
0.27	0.89	-0.206876
0.29	0.89	-2.08462
0.31	0.89	-3.59251
0.33	0.89	-4.73228
0.35	0.89	-5.52454
0.37	0.89	-6.00313
0.39	0.89	-6.21
0.41	0.89	-6.19074
0.43	0.89	-5.99096
0.45	0.89	-5.65358
0.47	0.89	-5.21701
0.49	0.89	-4.71406
0.51	0.89	-4.17157
0.53	0.89	-3.61054
0.55	0.89	-3.04647
0.57	0.89	-2.48996
0.59	0.89	-1.94734
0.61	0.89	-1.42124
0.63	0.89	-0.911222
0.65	0.89	-0.414347
0.67	0.89	0.0740221
0.69	0.89	0.55911
0.71	0.89	1.04483
0.73	0.89	1.53051
0.75	0.89	2.0054
0.77	0.89	2.43958
0.79	0.89	2.76986
0.81	0.89	2.87965
0.83	0.89	2.57363
0.85	0.89	1.55491
0.87	0.89	-0.573443
0.89	0.89	-4.23468
0.91	0.89	-9.6525
0.93	0.89	-16.3852
0.95	0.89	-22.6061
0.97	0.89	-24.3091
0.99	0.89	-14.8327
1	0.89	0

0	0.87	0
0.01	0.87	5.06855
0.03	0.87	12.6268
0.05	0.87	17.9953
0.07	0.87	21.3777
0.09	0.87	22.9505
0.11	0.87	22.9372
0.13	0.87	21.6207
0.15	0.87	19.3205
0.17	0.87	16.3592
0.19	0.87	13.0345
0.21	0.87	9.60044
0.23	0.87	6.25901
0.25	0.87	3.16007
0.27	0.87	0.40575
0.29	0.87	-1.94292
0.31	0.87	-3.85872
0.33	0.87	-5.34134
0.35	0.87	-6.41095
0.37	0.87	-7.10252
0.39	0.87	-7.46072
0.41	0.87	-7.5354
0.43	0.87	-7.37784
0.45	0.87	-7.03764
0.47	0.87	-6.56051
0.49	0.87	-5.98675
0.51	0.87	-5.35047
0.53	0.87	-4.67933
0.55	0.87	-3.99477
0.57	0.87	-3.31243
0.59	0.87	-2.64283
0.61	0.87	-1.992
0.63	0.87	-1.36225
0.65	0.87	-0.752987
0.67	0.87	-0.161771
0.69	0.87	0.414163
0.71	0.87	0.97546
0.73	0.87	1.5166
0.75	0.87	2.01921
0.77	0.87	2.44136
0.79	0.87	2.70116
0.81	0.87	2.65387
0.83	0.87	2.06441
0.85	0.87	0.585991
0.87	0.87	-2.22717
0.89	0.87	-6.81541
0.91	0.87	-13.3305
0.93	0.87	-21.0947
0.95	0.87	-27.8295
0.97	0.87	-28.899
0.99	0.87	-17.0281
1	0.87	0

0	0.85	0
0.01	0.85	6.20026
0.03	0.85	15.4481
0.05	0.85	21.9828
0.07	0.85	26.0493
0.09	0.85	27.8819
0.11	0.85	27.7836
0.13	0.85	26.1286
0.15	0.85	23.326
0.17	0.85	19.7762
0.19	0.85	15.8362
0.21	0.85	11.8004
0.23	0.85	7.89553
0.25	0.85	4.28368
0.27	0.85	1.07155
0.29	0.85	-1.67958
0.31	0.85	-3.944
0.33	0.85	-5.72322
0.35	0.85	-7.03903
0.37	0.85	-7.92782
0.39	0.85	-8.43581
0.41	0.85	-8.61497
0.43	0.85	-8.51948
0.45	0.85	-8.20281
0.47	0.85	-7.71532
0.49	0.85	-7.10255
0.51	0.85	-6.40414
0.53	0.85	-5.6533
0.55	0.85	-4.87677
0.57	0.85	-4.09506
0.59	0.85	-3.32303
0.61	0.85	-2.57057
0.63	0.85	-1.84339
0.65	0.85	-1.14403
0.67	0.85	-0.473133
0.69	0.85	0.168656
0.71	0.85	0.777786
0.73	0.85	1.34305
0.75	0.85	1.83788
0.77	0.85	2.2082
0.79	0.85	2.35416
0.81	0.85	2.10523
0.83	0.85	1.19187
0.85	0.85	-0.772314
0.87	0.85	-4.26407
0.89	0.85	-9.71498
0.91	0.85	-17.1781
0.93	0.85	-25.7335
0.95	0.85	-32.7003
0.97	0.85	-32.9544
0.99	0.85	-18.8452
1	0.85	0

0	0.83	0
0.01	0.83	7.35833
0.03	0.83	18.3101
0.05	0.83	25.987
0.07	0.83	30.6798
0.09	0.83	32.6938
0.11	0.83	32.4289
0.13	0.83	30.3672
0.15	0.83	27.0192
0.17	0.83	22.8678
0.19	0.83	18.3295
0.21	0.83	13.7354
0.23	0.83	9.3304
0.25	0.83	5.28198
0.27	0.83	1.69414
0.29	0.83	-1.37817
0.31	0.83	-3.91634
0.33	0.83	-5.92801
0.35	0.83	-7.43943
0.37	0.83	-8.48978
0.39	0.83	-9.12688
0.41	0.83	-9.40374
0.43	0.83	-9.37561
0.45	0.83	-9.09746
0.47	0.83	-8.62184
0.49	0.83	-7.9972
0.51	0.83	-7.2667
0.53	0.83	-6.46746
0.55	0.83	-5.63031
0.57	0.83	-4.77989
0.59	0.83	-3.93505
0.61	0.83	-3.10945
0.63	0.83	-2.31239
0.65	0.83	-1.54991
0.67	0.83	-0.826259
0.69	0.83	-0.14602
0.71	0.83	0.482489
0.73	0.83	1.04187
0.75	0.83	1.49703
0.77	0.83	1.78179
0.79	0.83	1.77913
0.81	0.83	1.29494
0.83	0.83	0.0302643
0.85	0.83	-2.43118
0.87	0.83	-6.58099
0.89	0.83	-12.8205
0.91	0.83	-21.0857
0.93	0.83	-30.2189
0.95	0.83	-37.1917
0.97	0.83	-36.5164
0.99	0.83	-20.348
1	0.83	0

0	0.81	0
0.01	0.81	8.54287
0.03	0.81	21.1975
0.05	0.81	29.9697
0.07	0.81	35.2079
0.09	0.81	37.307
0.11	0.81	36.784
0.13	0.81	34.245
0.15	0.81	30.3111
0.17	0.81	25.5508
0.19	0.81	20.4374
0.21	0.81	15.3335
0.23	0.81	10.4957
0.25	0.81	6.08976
0.27	0.81	2.21074
0.29	0.81	-1.09837
0.31	0.81	-3.8308
0.33	0.81	-6.00408
0.35	0.81	-7.65162
0.37	0.81	-8.81711
0.39	0.81	-9.55065
0.41	0.81	-9.90604
0.43	0.81	-9.93856
0.45	0.81	-9.70312
0.47	0.81	-9.25254
0.49	0.81	-8.63615
0.51	0.81	-7.89865
0.53	0.81	-7.07936
0.55	0.81	-6.21176
0.57	0.81	-5.32352
0.59	0.81	-4.43666
0.61	0.81	-3.56816
0.63	0.81	-2.73069
0.65	0.81	-1.93375
0.67	0.81	-1.18528
0.69	0.81	-0.494047
0.71	0.81	0.126583
0.73	0.81	0.652737
0.75	0.81	1.04058
0.77	0.81	1.21187
0.79	0.81	1.033
0.81	0.81	0.288312
0.83	0.81	-1.34595
0.85	0.81	-4.307
0.87	0.81	-9.08698
0.89	0.81	-16.0396
0.91	0.81	-24.9723
0.93	0.81	-34.5011
0.95	0.81	-41.3044
0.97	0.81	-39.6362
0.99	0.81	-21.5917
1	0.81	0

0	0.79	0
0.01	0.79	9.74881
0.03	0.79	24.0877
0.05	0.79	33.8876
0.07	0.79	39.5726
0.09	0.79	41.6501
0.11	0.79	40.7757
0.13	0.79	37.6939
0.15	0.79	33.1431
0.17	0.79	27.777
0.19	0.79	22.121
0.21	0.79	16.5624
0.23	0.79	11.3622
0.25	0.79	6.67819
0.27	0.79	2.59079
0.29	0.79	-0.873416
0.31	0.79	-3.72301
0.33	0.79	-5.98815
0.35	0.79	-7.71152
0.37	0.79	-8.94273
0.39	0.79	-9.73498
0.41	0.79	-10.143
0.43	0.79	-10.2218
0.45	0.79	-10.0251
0.47	0.79	-9.60489
0.49	0.79	-9.00971
0.51	0.79	-8.28423
0.53	0.79	-7.46835
0.55	0.79	-6.5968
0.57	0.79	-5.699
0.59	0.79	-4.79921
0.61	0.79	-3.91693
0.63	0.79	-3.06765
0.65	0.79	-2.264
0.67	0.79	-1.51743
0.69	0.79	-0.840875
0.71	0.79	-0.252802
0.73	0.79	0.216244
0.75	0.79	0.513477
0.77	0.79	0.548479
0.79	0.79	0.171554
0.81	0.79	-0.852753
0.83	0.79	-2.86869
0.85	0.79	-6.32615
0.87	0.79	-11.7053
0.89	0.79	-19.2985
0.91	0.79	-28.7785
0.93	0.79	-38.5507
0.95	0.79	-45.0511
0.97	0.79	-42.3632
0.99	0.79	-22.6202
1	0.79	0

0	0.77	0
0.01	0.77	10.9667
0.03	0.77	26.9518
0.05	0.77	37.6938
0.07	0.77	43.7153
0.09	0.77	45.6619
0.11	0.77	44.348
0.13	0.77	40.669
0.15	0.77	35.4837
0.17	0.77	29.5274
0.19	0.77	23.3714
0.21	0.77	17.4194
0.23	0.77	11.9296
0.25	0.77	7.04554
0.27	0.77	2.82837
0.29	0.77	-0.715049
0.31	0.77	-3.61103
0.33	0.77	-5.90405
0.35	0.77	-7.64732
0.37	0.77	-8.89727
0.39	0.77	-9.71079
0.41	0.77	-10.1438
0.43	0.77	-10.2508
0.45	0.77	-10.0843
0.47	0.77	-9.69403
0.49	0.77	-9.12711
0.51	0.77	-8.42686
0.53	0.77	-7.63247
0.55	0.77	-6.77865
0.57	0.77	-5.89542
0.59	0.77	-5.00816
0.61	0.77	-4.13804
0.63	0.77	-3.30266
0.65	0.77	-2.51723
0.67	0.77	-1.79638
0.69	0.77	-1.15696
0.71	0.77	-0.62259
0.73	0.77	-0.23063
0.75	0.77	-0.0430989
0.77	0.77	-0.162768
0.79	0.77	-0.755115
0.81	0.77	-2.07375
0.83	0.77	-4.47929
0.85	0.77	-8.4267
0.87	0.77	-14.3733
0.89	0.77	-22.5395
0.91	0.77	-32.4611
0.93	0.77	-42.3506
0.95	0.77	-48.4485
0.97	0.77	-44.7396
0.99	0.77	-23.467
1	0.77	0

0	0.75	0
0.01	0.75	12.1842
0.03	0.75	29.7574
0.05	0.75	41.3419
0.07	0.75	47.5844
0.09	0.75	49.2945
0.11	0.75	47.4644
0.13	0.75	43.1485
0.15	0.75	37.3258
0.17	0.75	30.8079
0.19	0.75	24.2032
0.21	0.75	17.9237
0.23	0.75	12.2174
0.25	0.75	7.20805
0.27	0.75	2.93382
0.29	0.75	-0.620586
0.31	0.75	-3.50055
0.33	0.75	-5.76565
0.35	0.75	-7.48007
0.37	0.75	-8.7074
0.39	0.75	-9.50843
0.41	0.75	-9.94051
0.43	0.75	-10.0576
0.45	0.75	-9.91032
0.47	0.75	-9.54653
0.49	0.75	-9.01075
0.51	0.75	-8.3442
0.53	0.75	-7.58443
0.55	0.75	-6.76506
0.57	0.75	-5.91566
0.59	0.75	-5.06182
0.61	0.75	-4.22543
0.63	0.75	-3.42546
0.65	0.75	-2.67908
0.67	0.75	-2.00364
0.69	0.75	-1.41975
0.71	0.75	-0.956117
0.73	0.75	-0.657148
0.75	0.75	-0.594448
0.77	0.75	-0.883417
0.79	0.75	-1.70504
0.81	0.75	-3.32943
0.83	0.75	-6.1296
0.85	0.75	-10.5584
0.87	0.75	-17.0411
0.89	0.75	-25.7177
0.91	0.75	-35.9883
0.93	0.75	-45.8914
0.95	0.75	-51.5133
0.97	0.75	-46.7998
0.99	0.75	-24.157
1	0.75	0

0	0.73	0
0.01	0.73	13.3879
0.03	0.73	32.4721
0.05	0.73	44.79
0.07	0.73	51.1389
0.09	0.73	52.5166
0.11	0.73	50.1083
0.13	0.73	45.1322
0.15	0.73	38.6842
0.17	0.73	31.6442
0.19	0.73	24.6486
0.21	0.73	18.1095
0.23	0.73	12.2578
0.25	0.73	7.19273
0.27	0.73	2.92673
0.29	0.73	-0.579188
0.31	0.73	-3.39007
0.33	0.73	-5.58063
0.35	0.73	-7.22585
0.37	0.73	-8.39634
0.39	0.73	-9.15671
0.41	0.73	-9.56558
0.43	0.73	-9.67636
0.45	0.73	-9.53802
0.47	0.73	-9.19578
0.49	0.73	-8.69146
0.51	0.73	-8.06359
0.53	0.73	-7.34737
0.55	0.73	-6.57457
0.57	0.73	-5.77348
0.59	0.73	-4.96899
0.61	0.73	-4.18298
0.63	0.73	-3.43503
0.65	0.73	-2.74372
0.67	0.73	-2.12873
0.69	0.73	-1.61421
0.71	0.73	-1.23405
0.73	0.73	-1.03998
0.75	0.73	-1.11365
0.77	0.73	-1.58337
0.79	0.73	-2.64531
0.81	0.73	-4.58437
0.83	0.73	-7.78192
0.85	0.73	-12.6822
0.87	0.73	-19.6698
0.89	0.73	-28.7993
0.91	0.73	-39.3376
0.93	0.73	-49.168
0.95	0.73	-54.261
0.97	0.73	-48.5716
0.99	0.73	-24.7089
1	0.73	0

0	0.71	0
0.01	0.71	14.5643
0.03	0.71	35.0667
0.05	0.71	48.0043
0.07	0.71	54.3508
0.09	0.71	55.3137
0.11	0.71	52.2822
0.13	0.71	46.639
0.15	0.71	39.5908
0.17	0.71	32.0768
0.19	0.71	24.752
0.21	0.71	18.0203
0.23	0.71	12.09
0.25	0.71	7.03212
0.27	0.71	2.8311
0.29	0.71	-0.576326
0.31	0.71	-3.27476
0.33	0.71	-5.35357
0.35	0.71	-6.89797
0.37	0.71	-7.98504
0.39	0.71	-8.68282
0.41	0.71	-9.05104
0.43	0.71	-9.14242
0.45	0.71	-9.00407
0.47	0.71	-8.67857
0.49	0.71	-8.20475
0.51	0.71	-7.61813
0.53	0.71	-6.9511
0.55	0.71	-6.23299
0.57	0.71	-5.49016
0.59	0.71	-4.74615
0.61	0.71	-4.02215
0.63	0.71	-3.33778
0.65	0.71	-2.71256
0.67	0.71	-2.16821
0.69	0.71	-1.73235
0.71	0.71	-1.44423
0.73	0.71	-1.36333
0.75	0.71	-1.58176
0.77	0.71	-2.24106
0.79	0.71	-3.55208
0.81	0.71	-5.81258
0.83	0.71	-9.40825
0.85	0.71	-14.7684
0.87	0.71	-22.2304
0.89	0.71	-31.759
0.91	0.71	-42.4928
0.93	0.71	-52.1789
0.95	0.71	-56.7051
0.97	0.71	-50.077
0.99	0.71	-25.1365
1	0.71	0

0	0.69	0
0.01	0.69	15.7013
0.03	0.69	37.5169
0.05	0.69	50.9606
0.07	0.69	57.2057
0.09	0.69	57.687
0.11	0.69	54.0044
0.13	0.69	47.7023
0.15	0.69	40.0901
0.17	0.69	32.1561
0.19	0.69	24.5649
0.21	0.69	17.7049
0.23	0.69	11.7568
0.25	0.69	6.76068
0.27	0.69	2.67211
0.29	0.69	-0.596561
0.31	0.69	-3.14885
0.33	0.69	-5.08794
0.35	0.69	-6.50837
0.37	0.69	-7.49293
0.39	0.69	-8.11257
0.41	0.69	-8.42772
0.43	0.69	-8.49024
0.45	0.69	-8.34521
0.47	0.69	-8.03251
0.49	0.69	-7.58782
0.51	0.69	-7.04345
0.53	0.69	-6.42865
0.55	0.69	-5.76995
0.57	0.69	-5.09131
0.59	0.69	-4.41444
0.61	0.69	-3.75933
0.63	0.69	-3.14525
0.65	0.69	-2.59235
0.67	0.69	-2.12426
0.69	0.69	-1.77215
0.71	0.69	-1.58095
0.73	0.69	-1.61832
0.75	0.69	-1.98735
0.77	0.69	-2.84293
0.79	0.69	-4.40989
0.81	0.69	-6.9967
0.83	0.69	-10.9893
0.85	0.69	-16.7962
0.87	0.69	-24.7017
0.89	0.69	-34.5786
0.91	0.69	-45.443
0.93	0.69	-54.9241
0.95	0.69	-58.8577
0.97	0.69	-51.3341
0.99	0.69	-25.4512
1	0.69	0

0	0.67	0
0.01	0.67	16.7888
0.03	0.67	39.8049
0.05	0.67	53.6445
0.07	0.67	59.7014
0.09	0.67	59.6503
0.11	0.67	55.3045
0.13	0.67	48.3648
0.15	0.67	40.2334
0.17	0.67	31.9373
0.19	0.67	24.1416
0.21	0.67	17.2129
0.23	0.67	11.3007
0.25	0.67	6.41228
0.27	0.67	2.47413
0.29	0.67	-0.625132
0.31	0.67	-3.00692
0.33	0.67	-4.78704
0.35	0.67	-6.06829
0.37	0.67	-6.93831
0.39	0.67	-7.47025
0.41	0.67	-7.7248
0.43	0.67	-7.75268
0.45	0.67	-7.59679
0.47	0.67	-7.29415
0.49	0.67	-6.87727
0.51	0.67	-6.37505
0.53	0.67	-5.81349
0.55	0.67	-5.21604
0.57	0.67	-4.60398
0.59	0.67	-3.99687
0.61	0.67	-3.41326
0.63	0.67	-2.87182
0.65	0.67	-2.39319
0.67	0.67	-2.00299
0.69	0.67	-1.73618
0.71	0.67	-1.64375
0.73	0.67	-1.80207
0.75	0.67	-2.32562
0.77	0.67	-3.38253
0.79	0.67	-5.2107
0.81	0.67	-8.12682
0.83	0.67	-12.5129
0.85	0.67	-18.7516
0.87	0.67	-27.0691
0.89	0.67	-37.2453
0.91	0.67	-48.1813
0.93	0.67	-57.4058
0.95	0.67	-60.7298
0.97	0.67	-52.3579
0.99	0.67	-25.6618
1	0.67	0

0	0.65	0
0.01	0.65	17.8191
0.03	0.65	41.9194
0.05	0.65	56.0512
0.07	0.65	61.8455
0.09	0.65	61.2264
0.11	0.65	56.2194
0.13	0.65	48.6741
0.15	0.65	40.0746
0.17	0.65	31.4759
0.19	0.65	23.5352
0.21	0.65	16.5922
0.23	0.65	10.7619
0.25	0.65	6.01845
0.27	0.65	2.2595
0.29	0.65	-0.648831
0.31	0.65	-2.84444
0.33	0.65	-4.45438
0.35	0.65	-5.5885
0.37	0.65	-6.33829
0.39	0.65	-6.77839
0.41	0.65	-6.96925
0.43	0.65	-6.96006
0.45	0.65	-6.7914
0.47	0.65	-6.49733
0.49	0.65	-6.10706
0.51	0.65	-5.6461
0.53	0.65	-5.13707
0.55	0.65	-4.60024
0.57	0.65	-4.05411
0.59	0.65	-3.51597
0.61	0.65	-3.00279
0.63	0.65	-2.53263
0.65	0.65	-2.12674
0.67	0.65	-1.8129
0.69	0.65	-1.63024
0.71	0.65	-1.6363
0.73	0.65	-1.91663
0.75	0.65	-2.59731
0.77	0.65	-3.85947
0.79	0.65	-5.9527
0.81	0.65	-9.1993
0.83	0.65	-13.9733
0.85	0.65	-20.6264
0.87	0.65	-29.3233
0.89	0.65	-39.7511
0.91	0.65	-50.7036
0.93	0.65	-59.6268
0.95	0.65	-62.3318
0.97	0.65	-53.1618
0.99	0.65	-25.7762
1	0.65	0

0	0.63	0
0.01	0.63	18.787
0.03	0.63	43.8548
0.05	0.63	58.1829
0.07	0.63	63.6529
0.09	0.63	62.4434
0.11	0.63	56.789
0.13	0.63	48.6783
0.15	0.63	39.6658
0.17	0.63	30.8243
0.19	0.63	22.7951
0.21	0.63	15.8863
0.23	0.63	10.1767
0.25	0.63	5.60716
0.27	0.63	2.04769
0.29	0.63	-0.656483
0.31	0.63	-2.65803
0.33	0.63	-4.0937
0.35	0.63	-5.07909
0.37	0.63	-5.70851
0.39	0.63	-6.05729
0.41	0.63	-6.18509
0.43	0.63	-6.13928
0.45	0.63	-5.95783
0.47	0.63	-5.67177
0.49	0.63	-5.30702
0.51	0.63	-4.88565
0.53	0.63	-4.42693
0.55	0.63	-3.948
0.57	0.63	-3.4646
0.59	0.63	-2.99177
0.61	0.63	-2.54504
0.63	0.63	-2.14199
0.65	0.63	-1.80472
0.67	0.63	-1.56354
0.69	0.63	-1.46221
0.71	0.63	-1.56529
0.73	0.63	-1.96786
0.75	0.63	-2.80767
0.77	0.63	-4.27821
0.79	0.63	-6.63915
0.81	0.63	-10.2155
0.83	0.63	-15.3693
0.85	0.63	-22.4169
0.87	0.63	-31.4589
0.89	0.63	-42.0911
0.91	0.63	-53.0087
0.93	0.63	-61.5916
0.95	0.63	-63.6734
0.97	0.63	-53.7578
0.99	0.63	-25.8014
1	0.63	0

0	0.61	0
0.01	0.61	19.6899
0.03	0.61	45.6109
0.05	0.61	60.0475
0.07	0.61	65.1424
0.09	0.61	63.3314
0.11	0.61	57.0524
0.13	0.61	48.4226
0.15	0.61	39.0549
0.17	0.61	30.0293
0.19	0.61	21.9646
0.21	0.61	15.1329
0.23	0.61	9.57609
0.25	0.61	5.20197
0.27	0.61	1.85478
0.29	0.61	-0.639229
0.31	0.61	-2.44557
0.33	0.61	-3.70895
0.35	0.61	-4.54935
0.37	0.61	-5.0628
0.39	0.61	-5.32454
0.41	0.61	-5.39289
0.43	0.61	-5.313
0.45	0.61	-5.1201
0.47	0.61	-4.84209
0.49	0.61	-4.50157
0.51	0.61	-4.11732
0.53	0.61	-3.70535
0.55	0.61	-3.27982
0.57	0.61	-2.85387
0.59	0.61	-2.44055
0.61	0.61	-2.05416
0.63	0.61	-1.71214
0.65	0.61	-1.43784
0.67	0.61	-1.26455
0.69	0.61	-1.2411
0.71	0.61	-1.43947
0.73	0.61	-1.96454
0.75	0.61	-2.96543
0.77	0.61	-4.64705
0.79	0.61	-7.27723
0.81	0.61	-11.1806
0.83	0.61	-16.7034
0.85	0.61	-24.1231
0.87	0.61	-33.4739
0.89	0.61	-44.2633
0.91	0.61	-55.097
0.93	0.61	-63.305
0.95	0.61	-64.7644
0.97	0.61	-54.157
0.99	0.61	-25.7436
1	0.61	0

0	0.59	0
0.01	0.59	20.527
0.03	0.59	47.1907
0.05	0.59	61.6561
0.07	0.59	66.3345
0.09	0.59	63.9197
0.11	0.59	57.0459
0.13	0.59	47.9472
0.15	0.59	38.2831
0.17	0.59	29.1309
0.19	0.59	21.0798
0.21	0.59	14.3632
0.23	0.59	8.98504
0.25	0.59	4.82159
0.27	0.59	1.69315
0.29	0.59	-0.590693
0.31	0.59	-2.20616
0.33	0.59	-3.30414
0.35	0.59	-4.00749
0.37	0.59	-4.41286
0.39	0.59	-4.59461
0.41	0.59	-4.60916
0.43	0.59	-4.49912
0.45	0.59	-4.29679
0.47	0.59	-4.02695
0.49	0.59	-3.70897
0.51	0.59	-3.35846
0.53	0.59	-2.98844
0.55	0.59	-2.61036
0.57	0.59	-2.23507
0.59	0.59	-1.87399
0.61	0.59	-1.54061
0.63	0.59	-1.25266
0.65	0.59	-1.0352
0.67	0.59	-0.924971
0.69	0.59	-0.97633
0.71	0.59	-1.26897
0.73	0.59	-1.91747
0.75	0.59	-3.08183
0.77	0.59	-4.97709
0.79	0.59	-7.877
0.81	0.59	-12.1028
0.83	0.59	-17.981
0.85	0.59	-25.7473
0.87	0.59	-35.3687
0.89	0.59	-46.2678
0.91	0.59	-56.9703
0.93	0.59	-64.7726
0.95	0.59	-65.6139
0.97	0.59	-54.3695
0.99	0.59	-25.6085
1	0.59	0

0	0.57	0
0.01	0.57	21.2989
0.03	0.57	48.5995
0.05	0.57	63.0207
0.07	0.57	67.249
0.09	0.57	64.2348
0.11	0.57	56.8008
0.13	0.57	47.286
0.15	0.57	37.3844
0.17	0.57	28.1608
0.19	0.57	20.1691
0.21	0.57	13.6009
0.23	0.57	8.42235
0.25	0.57	4.47959
0.27	0.57	1.57132
0.29	0.57	-0.507061
0.31	0.57	-1.94022
0.33	0.57	-2.88329
0.35	0.57	-3.46051
0.37	0.57	-3.76806
0.39	0.57	-3.87858
0.41	0.57	-3.84609
0.43	0.57	-3.71036
0.45	0.57	-3.50069
0.47	0.57	-3.23876
0.49	0.57	-2.9409
0.51	0.57	-2.61983
0.53	0.57	-2.28589
0.55	0.57	-1.94822
0.57	0.57	-1.61586
0.59	0.57	-1.29905
0.61	0.57	-1.01098
0.63	0.57	-0.770184
0.65	0.57	-0.603957
0.67	0.57	-0.552954
0.69	0.57	-0.677353
0.71	0.57	-1.06464
0.73	0.57	-1.8388
0.75	0.57	-3.16985
0.77	0.57	-5.2813
0.79	0.57	-8.45042
0.81	0.57	-12.9918
0.83	0.57	-19.2092
0.85	0.57	-27.2937
0.87	0.57	-37.1452
0.89	0.57	-48.1058
0.91	0.57	-58.6315
0.93	0.57	-66.0002
0.95	0.57	-66.2308
0.97	0.57	-54.4049
0.99	0.57	-25.4013
1	0.57	0

0	0.55	0
0.01	0.55	22.0073
0.03	0.55	49.8436
0.05	0.55	64.1531
0.07	0.55	67.9034
0.09	0.55	64.2991
0.11	0.55	56.3427
0.13	0.55	46.4659
0.15	0.55	36.385
0.17	0.55	27.1432
0.19	0.55	19.2532
0.21	0.55	12.8629
0.23	0.55	7.90065
0.25	0.55	4.18447
0.27	0.55	1.49396
0.29	0.55	-0.387081
0.31	0.55	-1.64938
0.33	0.55	-2.45038
0.35	0.55	-2.91418
0.37	0.55	-3.13533
0.39	0.55	-3.18404
0.41	0.55	-3.11143
0.43	0.55	-2.95426
0.45	0.55	-2.73877
0.47	0.55	-2.48371
0.49	0.55	-2.20264
0.51	0.55	-1.90574
0.53	0.55	-1.60115
0.55	0.55	-1.2962
0.57	0.55	-0.998661
0.59	0.55	-0.718168
0.61	0.55	-0.468178
0.63	0.55	-0.268606
0.65	0.55	-0.149441
0.67	0.55	-0.155619
0.69	0.55	-0.353312
0.71	0.55	-0.837644
0.73	0.55	-1.74139
0.75	0.55	-3.24337
0.77	0.55	-5.5737
0.79	0.55	-9.0105
0.81	0.55	-13.8587
0.83	0.55	-20.396
0.85	0.55	-28.7673
0.87	0.55	-38.8062
0.89	0.55	-49.7794
0.91	0.55	-60.0837
0.93	0.55	-66.9935
0.95	0.55	-66.6231
0.97	0.55	-54.2714
0.99	0.55	-25.1264
1	0.55	0

0	0.53	0
0.01	0.53	22.654
0.03	0.53	50.9286
0.05	0.53	65.0636
0.07	0.53	68.312
0.09	0.53	64.1305
0.11	0.53	55.6914
0.13	0.53	45.5071
0.15	0.53	35.3039
0.17	0.53	26.0947
0.19	0.53	18.3457
0.21	0.53	12.1592
0.23	0.53	7.4267
0.25	0.53	3.93989
0.27	0.53	1.46203
0.29	0.53	-0.23198
0.31	0.53	-1.33653
0.33	0.53	-2.00939
0.35	0.53	-2.37303
0.37	0.53	-2.51929
0.39	0.53	-2.51524
0.41	0.53	-2.40877
0.43	0.53	-2.23346
0.45	0.53	-2.01261
0.47	0.53	-1.76225
0.49	0.53	-1.4936
0.51	0.53	-1.21475
0.53	0.53	-0.932189
0.55	0.53	-0.652049
0.57	0.53	-0.381428
0.59	0.53	-0.129996
0.61	0.53	0.0879195
0.63	0.53	0.250506
0.65	0.53	0.324646
0.67	0.53	0.260891
0.69	0.53	-0.0128856
0.71	0.53	-0.59903
0.73	0.53	-1.63821
0.75	0.53	-3.31652
0.77	0.53	-5.86851
0.79	0.53	-9.57044
0.81	0.53	-14.7145
0.83	0.53	-21.5498
0.85	0.53	-30.1735
0.87	0.53	-40.3548
0.89	0.53	-51.2907
0.91	0.53	-61.3298
0.93	0.53	-67.7573
0.95	0.53	-66.7978
0.97	0.53	-53.9759
0.99	0.53	-24.7872
1	0.53	0

0	0.51	0
0.01	0.51	23.2408
0.03	0.51	51.8593
0.05	0.51	65.7598
0.07	0.51	68.4855
0.09	0.51	63.742
0.11	0.51	54.8614
0.13	0.51	44.4236
0.15	0.51	34.1537
0.17	0.51	25.0253
0.19	0.51	17.4537
0.21	0.51	11.4941
0.23	0.51	7.00192
0.25	0.51	3.74504
0.27	0.51	1.47305
0.29	0.51	-0.0453103
0.31	0.51	-1.00571
0.33	0.51	-1.56431
0.35	0.51	-1.84049
0.37	0.51	-1.92244
0.39	0.51	-1.87347
0.41	0.51	-1.73796
0.43	0.51	-1.54633
0.45	0.51	-1.31911
0.47	0.51	-1.07002
0.49	0.51	-0.808349
0.51	0.51	-0.540729
0.53	0.51	-0.272604
0.55	0.51	-0.00955161
0.57	0.51	0.241317
0.59	0.51	0.469666
0.61	0.51	0.659719
0.63	0.51	0.787289
0.65	0.51	0.81582
0.67	0.51	0.691279
0.69	0.51	0.335834
0.71	0.51	-0.359403
0.73	0.51	-1.54179
0.75	0.51	-3.40292
0.77	0.51	-6.17941
0.79	0.51	-10.1428
0.81	0.51	-15.5696
0.83	0.51	-22.6781
0.85	0.51	-31.5171
0.87	0.51	-41.7935
0.89	0.51	-52.6414
0.91	0.51	-62.3719
0.93	0.51	-68.2954
0.95	0.51	-66.7601
0.97	0.51	-53.5238
0.99	0.51	-24.3865
1	0.51	0

0	0.49	0
0.01	0.49	23.7686
0.03	0.49	52.6385
0.05	0.49	66.2466
0.07	0.49	68.431
0.09	0.49	63.1423
0.11	0.49	53.8619
0.13	0.49	43.2242
0.15	0.49	32.9412
0.17	0.49	23.9394
0.19	0.49	16.5788
0.21	0.49	10.8664
0.23	0.49	6.6231
0.25	0.49	3.5952
0.27	0.49	1.52149
0.29	0.49	0.167273
0.31	0.49	-0.66205
0.33	0.49	-1.11921
0.35	0.49	-1.31917
0.37	0.49	-1.3456
0.39	0.49	-1.25761
0.41	0.49	-1.09591
0.43	0.49	-0.887885
0.45	0.49	-0.651631
0.47	0.49	-0.399005
0.49	0.49	-0.137952
0.51	0.49	0.125739
0.53	0.49	0.386981
0.55	0.49	0.640055
0.57	0.49	0.877172
0.59	0.49	1.08671
0.61	0.49	1.25092
0.63	0.49	1.34287
0.65	0.49	1.32237
0.67	0.49	1.13091
0.69	0.49	0.685435
0.71	0.49	-0.128574
0.73	0.49	-1.46371
0.75	0.49	-3.51506
0.77	0.49	-6.51873
0.79	0.49	-10.7387
0.81	0.49	-16.433
0.83	0.49	-23.7871
0.85	0.49	-32.8015
0.87	0.49	-43.1235
0.89	0.49	-53.8316
0.91	0.49	-63.2105
0.93	0.49	-68.6097
0.95	0.49	-66.5133
0.97	0.49	-52.9185
0.99	0.49	-23.9258
1	0.49	0

0	0.47	0
0.01	0.47	24.238
0.03	0.47	53.267
0.05	0.47	66.5257
0.07	0.47	68.1519
0.09	0.47	62.3362
0.11	0.47	52.6983
0.13	0.47	41.9133
0.15	0.47	31.6691
0.17	0.47	22.837
0.19	0.47	15.7181
0.21	0.47	10.2709
0.23	0.47	6.28318
0.25	0.47	3.48232
0.27	0.47	1.59918
0.29	0.47	0.39829
0.31	0.47	-0.311691
0.33	0.47	-0.678365
0.35	0.47	-0.811134
0.37	0.47	-0.788433
0.39	0.47	-0.664878
0.41	0.47	-0.477531
0.43	0.47	-0.250986
0.45	0.47	-0.0013244
0.47	0.47	0.260907
0.49	0.47	0.528471
0.51	0.47	0.795736
0.53	0.47	1.05728
0.55	0.47	1.30655
0.57	0.47	1.53444
0.59	0.47	1.72748
0.61	0.47	1.86552
0.63	0.47	1.91859
0.65	0.47	1.84286
0.67	0.47	1.57563
0.69	0.47	1.02927
0.71	0.47	0.0847646
0.73	0.47	-1.41405
0.75	0.47	-3.66352
0.77	0.47	-6.89664
0.79	0.47	-11.3669
0.81	0.47	-17.3113
0.83	0.47	-24.8808
0.85	0.47	-34.0277
0.87	0.47	-44.3438
0.89	0.47	-54.8591
0.91	0.47	-63.8437
0.93	0.47	-68.6994
0.95	0.47	-66.058
0.97	0.47	-52.1611
0.99	0.47	-23.4058
1	0.47	0

0	0.45	0
0.01	0.45	24.6481
0.03	0.45	53.7433
0.05	0.45	66.5963
0.07	0.45	67.6486
0.09	0.45	61.3256
0.11	0.45	51.3726
0.13	0.45	40.4922
0.15	0.45	30.3364
0.17	0.45	21.7144
0.19	0.45	14.8652
0.21	0.45	9.69898
0.23	0.45	5.97201
0.25	0.45	3.39573
0.27	0.45	1.69588
0.29	0.45	0.638748
0.31	0.45	0.0383335
0.33	0.45	-0.246377
0.35	0.45	-0.31827
0.37	0.45	-0.250058
0.39	0.45	-0.0917338
0.41	0.45	0.12313
0.43	0.45	0.372362
0.45	0.45	0.641376
0.47	0.45	0.920326
0.49	0.45	1.20201
0.51	0.45	1.48026
0.53	0.45	1.74863
0.55	0.45	1.9991
0.57	0.45	2.22067
0.59	0.45	2.39753
0.61	0.45	2.50678
0.63	0.45	2.51529
0.65	0.45	2.37572
0.67	0.45	2.02158
0.69	0.45	1.36152
0.71	0.45	0.273359
0.73	0.45	-1.40083
0.75	0.45	-3.85636
0.77	0.45	-7.32033
0.79	0.45	-12.033
0.81	0.45	-18.2076
0.83	0.45	-25.9593
0.85	0.45	-35.1935
0.87	0.45	-45.4501
0.89	0.45	-55.7188
0.91	0.45	-64.2666
0.93	0.45	-68.5609
0.95	0.45	-65.3921
0.97	0.45	-51.2506
0.99	0.45	-22.8258
1	0.45	0

0	0.43	0
0.01	0.43	24.9974
0.03	0.43	54.0638
0.05	0.43	66.4547
0.07	0.43	66.919
0.09	0.43	60.1098
0.11	0.43	49.8847
0.13	0.43	38.9598
0.15	0.43	28.9399
0.17	0.43	20.5656
0.19	0.43	14.0114
0.21	0.43	9.13949
0.23	0.43	5.67722
0.25	0.43	3.32279
0.27	0.43	1.79973
0.29	0.43	0.87849
0.31	0.43	0.3802
0.33	0.43	0.171679
0.35	0.43	0.157262
0.37	0.43	0.270231
0.39	0.43	0.465167
0.41	0.43	0.711684
0.43	0.43	0.98957
0.45	0.43	1.28515
0.47	0.43	1.58865
0.49	0.43	1.89222
0.51	0.43	2.1885
0.53	0.43	2.46938
0.55	0.43	2.72478
0.57	0.43	2.94129
0.59	0.43	3.10043
0.61	0.43	3.17631
0.63	0.43	3.13262
0.65	0.43	2.91875
0.67	0.43	2.46502
0.69	0.43	1.6773
0.71	0.43	0.431687
0.73	0.43	-1.4296
0.75	0.43	-4.09841
0.77	0.43	-7.79322
0.79	0.43	-12.7381
0.81	0.43	-19.1206
0.83	0.43	-27.0188
0.85	0.43	-36.2921
0.87	0.43	-46.4337
0.89	0.43	-56.4011
0.91	0.43	-64.4702
0.93	0.43	-68.1868
0.95	0.43	-64.5104
0.97	0.43	-50.1839
0.99	0.43	-22.1848
1	0.43	0

0	0.41	0
0.01	0.41	25.2831
0.03	0.41	54.223
0.05	0.41	66.0955
0.07	0.41	65.9593
0.09	0.41	58.6865
0.11	0.41	48.233
0.13	0.41	37.3134
0.15	0.41	27.4749
0.17	0.41	19.383
0.19	0.41	13.1462
0.21	0.41	8.57985
0.23	0.41	5.38499
0.25	0.41	3.24965
0.27	0.41	1.89789
0.29	0.41	1.10654
0.31	0.41	0.705413
0.33	0.41	0.5701
0.35	0.41	0.6126
0.37	0.41	0.772248
0.39	0.41	1.00797
0.41	0.41	1.29217
0.43	0.41	1.60605
0.45	0.41	1.93625
0.47	0.41	2.27243
0.49	0.41	2.60546
0.51	0.41	2.92619
0.53	0.41	3.22427
0.55	0.41	3.48707
0.57	0.41	3.6984
0.59	0.41	3.83678
0.61	0.41	3.87326
0.63	0.41	3.76846
0.65	0.41	3.46883
0.67	0.41	2.90219
0.69	0.41	1.97272
0.71	0.41	0.556231
0.73	0.41	-1.5029
0.75	0.41	-4.39065
0.77	0.41	-8.31416
0.79	0.41	-13.4787
0.81	0.41	-20.0436
0.83	0.41	-28.0494
0.85	0.41	-37.3114
0.87	0.41	-47.2806
0.89	0.41	-56.8918
0.91	0.41	-64.4412
0.93	0.41	-67.5661
0.95	0.41	-63.4047
0.97	0.41	-48.9559
0.99	0.41	-21.4808
1	0.41	0

0	0.39	0
0.01	0.39	25.5014
0.03	0.39	54.2137
0.05	0.39	65.5114
0.07	0.39	64.7641
0.09	0.39	57.0527
0.11	0.39	46.4153
0.13	0.39	35.5502
0.15	0.39	25.9361
0.17	0.39	18.1584
0.19	0.39	12.2585
0.21	0.39	8.00676
0.23	0.39	5.0809
0.25	0.39	3.16192
0.27	0.39	1.97706
0.29	0.39	1.31148
0.31	0.39	1.00493
0.33	0.39	0.942407
0.35	0.39	1.04375
0.37	0.39	1.25421
0.39	0.39	1.5367
0.41	0.39	1.86591
0.43	0.39	2.22391
0.45	0.39	2.59708
0.47	0.39	2.97392
0.49	0.39	3.34347
0.51	0.39	3.69426
0.53	0.39	4.01322
0.55	0.39	4.28481
0.57	0.39	4.48973
0.59	0.39	4.60338
0.61	0.39	4.59371
0.63	0.39	4.41847
0.65	0.39	4.02164
0.67	0.39	3.32926
0.69	0.39	2.24492
0.71	0.39	0.645694
0.73	0.39	-1.61993
0.75	0.39	-4.72969
0.77	0.39	-8.87671
0.79	0.39	-14.2448
0.81	0.39	-20.9633
0.83	0.39	-29.0349
0.85	0.39	-38.2325
0.87	0.39	-47.9708
0.89	0.39	-57.1708
0.91	0.39	-64.1615
0.93	0.39	-66.684
0.95	0.39	-62.0645
0.97	0.39	-47.5604
0.99	0.39	-20.7117
1	0.39	0

0	0.37	0
0.01	0.37	25.648
0.03	0.37	54.0274
0.05	0.37	64.6941
0.07	0.37	63.3277
0.09	0.37	55.2051
0.11	0.37	44.4295
0.13	0.37	33.6673
0.15	0.37	24.3183
0.17	0.37	16.8837
0.19	0.37	11.3372
0.21	0.37	7.40705
0.23	0.37	4.7507
0.25	0.37	3.0454
0.27	0.37	2.02406
0.29	0.37	1.48184
0.31	0.37	1.26931
0.33	0.37	1.28123
0.35	0.37	1.44522
0.37	0.37	1.71212
0.39	0.37	2.0484
0.41	0.37	2.4305
0.43	0.37	2.84085
0.45	0.37	3.26504
0.47	0.37	3.68991
0.49	0.37	4.10222
0.51	0.37	4.48774
0.53	0.37	4.83037
0.55	0.37	5.11132
0.57	0.37	5.30803
0.59	0.37	5.39269
0.61	0.37	5.33025
0.63	0.37	5.07585
0.65	0.37	4.57149
0.67	0.37	3.74222
0.69	0.37	2.49216
0.71	0.37	0.701159
0.73	0.37	-1.77627
0.75	0.37	-5.10732
0.77	0.37	-9.46858
0.79	0.37	-15.0201
0.81	0.37	-21.8595
0.83	0.37	-29.9513
0.85	0.37	-39.0291
0.87	0.37	-48.4771
0.89	0.37	-57.212
0.91	0.37	-63.608
0.93	0.37	-65.5221
0.95	0.37	-60.4773
0.97	0.37	-45.9908
0.99	0.37	-19.8759
1	0.37	0

0	0.35	0
0.01	0.35	25.7175
0.03	0.35	53.6542
0.05	0.35	63.6345
0.07	0.35	61.6439
0.09	0.35	53.1407
0.11	0.35	42.2741
0.13	0.35	31.6625
0.15	0.35	22.6176
0.17	0.35	15.5518
0.19	0.35	10.3725
0.21	0.35	6.76856
0.23	0.35	4.38117
0.25	0.35	2.88685
0.27	0.35	2.02647
0.29	0.35	1.60648
0.31	0.35	1.4889
0.33	0.35	1.57828
0.35	0.35	1.80976
0.37	0.35	2.13935
0.39	0.35	2.53656
0.41	0.35	2.97915
0.43	0.35	3.44941
0.45	0.35	3.93174
0.47	0.35	4.41094
0.49	0.35	4.87118
0.51	0.35	5.29515
0.53	0.35	5.66348
0.55	0.35	5.95397
0.57	0.35	6.14068
0.59	0.35	6.19258
0.61	0.35	6.0718
0.63	0.35	5.73116
0.65	0.35	5.11123
0.67	0.35	4.13687
0.69	0.35	2.71383
0.71	0.35	0.726183
0.73	0.35	-1.96369
0.75	0.35	-5.51027
0.77	0.35	-10.0713
0.79	0.35	-15.7809
0.81	0.35	-22.7038
0.83	0.35	-30.7669
0.85	0.35	-39.6674
0.87	0.35	-48.7653
0.89	0.35	-56.9838
0.91	0.35	-62.7537
0.93	0.35	-64.0601
0.95	0.35	-58.6301
0.97	0.35	-44.2413
0.99	0.35	-18.9725
1	0.35	0

0	0.33	0
0.01	0.33	25.7042
0.03	0.33	53.0837
0.05	0.33	62.3228
0.07	0.33	59.707
0.09	0.33	50.8575
0.11	0.33	39.949
0.13	0.33	29.5357
0.15	0.33	20.8312
0.17	0.33	14.1571
0.19	0.33	9.35596
0.21	0.33	6.081
0.23	0.33	3.96096
0.25	0.33	2.67477
0.27	0.33	1.97323
0.29	0.33	1.67513
0.31	0.33	1.65414
0.33	0.33	1.82445
0.35	0.33	2.12831
0.37	0.33	2.52641
0.39	0.33	2.99086
0.41	0.33	3.50031
0.43	0.33	4.03662
0.45	0.33	4.58268
0.47	0.33	5.12106
0.49	0.33	5.6331
0.51	0.33	6.09832
0.53	0.33	6.49389
0.55	0.33	6.79413
0.57	0.33	6.96968
0.59	0.33	6.98639
0.61	0.33	6.80369
0.63	0.33	6.37247
0.65	0.33	5.63239
0.67	0.33	4.50891
0.69	0.33	2.91047
0.71	0.33	0.72681
0.73	0.33	-2.17014
0.75	0.33	-5.92015
0.77	0.33	-10.6601
0.79	0.33	-16.4964
0.81	0.33	-23.4602
0.83	0.33	-31.4417
0.85	0.33	-40.1055
0.87	0.33	-48.7949
0.89	0.33	-56.449
0.91	0.33	-61.5683
0.93	0.33	-62.2765
0.95	0.33	-56.5113
0.97	0.33	-42.3083
0.99	0.33	-18.002
1	0.33	0

0	0.31	0
0.01	0.31	25.6014
0.03	0.31	52.3043
0.05	0.31	60.7491
0.07	0.31	57.5115
0.09	0.31	48.3548
0.11	0.31	37.4562
0.13	0.31	27.2888
0.15	0.31	18.9594
0.17	0.31	12.697
0.19	0.31	8.28228
0.21	0.31	5.337
0.23	0.31	3.48156
0.25	0.31	2.40023
0.27	0.31	1.85543
0.29	0.31	1.67891
0.31	0.31	1.75601
0.33	0.31	2.01016
0.35	0.31	2.39025
0.37	0.31	2.86119
0.39	0.31	3.39732
0.41	0.31	3.9779
0.43	0.31	4.58417
0.45	0.31	5.19747
0.47	0.31	5.79803
0.49	0.31	6.36435
0.51	0.31	6.8727
0.53	0.31	7.29683
0.55	0.31	7.60752
0.57	0.31	7.77204
0.59	0.31	7.75318
0.61	0.31	7.50791
0.63	0.31	6.98549
0.65	0.31	6.12523
0.67	0.31	4.85394
0.69	0.31	3.0838
0.71	0.31	0.7115
0.73	0.31	-2.37988
0.75	0.31	-6.31366
0.77	0.31	-11.2041
0.79	0.31	-17.1289
0.81	0.31	-24.0852
0.83	0.31	-31.9285
0.85	0.31	-40.2951
0.87	0.31	-48.5195
0.89	0.31	-55.5674
0.91	0.31	-60.0205
0.93	0.31	-60.1513
0.95	0.31	-54.1121
0.97	0.31	-40.1917
0.99	0.31	-16.9671
1	0.31	0

0	0.29	0
0.01	0.29	25.4021
0.03	0.29	51.3036
0.05	0.29	58.9031
0.07	0.29	55.053
0.09	0.29	45.6339
0.11	0.29	34.8004
0.13	0.29	24.9269
0.15	0.29	17.0056
0.17	0.29	11.1725
0.19	0.29	7.1499
0.21	0.29	4.53311
0.23	0.29	2.93831
0.25	0.29	2.05786
0.27	0.29	1.66712
0.29	0.29	1.61114
0.31	0.29	1.78669
0.33	0.29	2.12598
0.35	0.29	2.58402
0.37	0.29	3.12957
0.39	0.29	3.73896
0.41	0.29	4.39198
0.43	0.29	5.06926
0.45	0.29	5.75064
0.47	0.29	6.41419
0.49	0.29	7.03566
0.51	0.29	7.5882
0.53	0.29	8.04216
0.55	0.29	8.3649
0.57	0.29	8.52034
0.59	0.29	8.46833
0.61	0.29	8.16355
0.63	0.29	7.55397
0.65	0.29	6.57903
0.67	0.29	5.16763
0.69	0.29	3.23667
0.71	0.29	0.690983
0.73	0.29	-2.57377
0.75	0.29	-6.66302
0.77	0.29	-11.6672
0.79	0.29	-17.6345
0.81	0.29	-24.5291
0.83	0.29	-32.1741
0.85	0.29	-40.1832
0.87	0.29	-47.89
0.89	0.29	-54.298
0.91	0.29	-58.081
0.93	0.29	-57.6688
0.95	0.29	-51.4293
0.97	0.29	-37.8965
0.99	0.29	-15.8729
1	0.29	0

0	0.27	0
0.01	0.27	25.098
0.03	0.27	50.0678
0.05	0.27	56.774
0.07	0.27	52.3282
0.09	0.27	42.6984
0.11	0.27	31.9896
0.13	0.27	22.4594
0.15	0.27	14.978
0.17	0.27	9.58944
0.19	0.27	5.96231
0.21	0.27	3.67097
0.23	0.27	2.3315
0.25	0.27	1.64683
0.27	0.27	1.40626
0.29	0.27	1.46823
0.31	0.27	1.74052
0.33	0.27	2.16359
0.35	0.27	2.69816
0.37	0.27	3.31657
0.39	0.27	3.99709
0.41	0.27	4.72012
0.43	0.27	5.46591
0.45	0.27	6.2131
0.47	0.27	6.93787
0.49	0.27	7.61354
0.51	0.27	8.21037
0.53	0.27	8.69552
0.55	0.27	9.03301
0.57	0.27	9.18356
0.59	0.27	9.10414
0.61	0.27	8.74731
0.63	0.27	8.06002
0.65	0.27	6.98229
0.67	0.27	5.44578
0.69	0.27	3.37299
0.71	0.27	0.677993
0.73	0.27	-2.7298
0.75	0.27	-6.93682
0.77	0.27	-12.009
0.79	0.27	-17.9652
0.81	0.27	-24.7379
0.83	0.27	-32.122
0.85	0.27	-39.7145
0.87	0.27	-46.8573
0.89	0.27	-52.6022
0.91	0.27	-55.7254
0.93	0.27	-54.8199
0.95	0.27	-48.4674
0.97	0.27	-35.4339
0.99	0.27	-14.7271
1	0.27	0

0	0.25	0
0.01	0.25	24.6799
0.03	0.25	48.5811
0.05	0.25	54.3503
0.07	0.25	49.3347
0.09	0.25	39.5553
0.11	0.25	29.0365
0.13	0.25	19.9007
0.15	0.25	12.8905
0.17	0.25	7.95962
0.19	0.25	4.72928
0.21	0.25	2.75851
0.23	0.25	1.6675
0.25	0.25	1.17194
0.27	0.25	1.07581
0.29	0.25	1.25077
0.31	0.25	1.61512
0.33	0.25	2.11709
0.35	0.25	2.72277
0.37	0.25	3.40801
0.39	0.25	4.15308
0.41	0.25	4.93933
0.43	0.25	5.74703
0.45	0.25	6.55409
0.47	0.25	7.33532
0.49	0.25	8.06206
0.51	0.25	8.70209
0.53	0.25	9.21969
0.55	0.25	9.57578
0.57	0.25	9.72798
0.59	0.25	9.63054
0.61	0.25	9.23397
0.63	0.25	8.48445
0.65	0.25	7.32292
0.67	0.25	5.68434
0.69	0.25	3.49756
0.71	0.25	0.686806
0.73	0.25	-2.82386
0.75	0.25	-7.10123
0.77	0.25	-12.1866
0.79	0.25	-18.0705
0.81	0.25	-24.6566
0.83	0.25	-31.7158
0.85	0.25	-38.8361
0.87	0.25	-45.377
0.89	0.25	-50.4486
0.91	0.25	-52.9385
0.93	0.25	-51.6059
0.95	0.25	-45.2402
0.97	0.25	-32.8218
0.99	0.25	-13.5399
1	0.25	0

0	0.23	0
0.01	0.23	24.1362
0.03	0.23	46.8249
0.05	0.23	51.6195
0.07	0.23	46.0722
0.09	0.23	36.2154
0.11	0.23	25.9593
0.13	0.23	17.2721
0.15	0.23	10.7638
0.17	0.23	6.30234
0.19	0.23	3.46807
0.21	0.23	1.81111
0.23	0.23	0.959866
0.25	0.23	0.644712
0.27	0.23	0.684791
0.29	0.23	0.96469
0.31	0.23	1.41276
0.33	0.23	1.98456
0.35	0.23	2.65137
0.37	0.23	3.39254
0.39	0.23	4.19067
0.41	0.23	5.0285
0.43	0.23	5.88691
0.45	0.23	6.74375
0.47	0.23	7.57315
0.49	0.23	8.34512
0.51	0.23	9.02556
0.53	0.23	9.57634
0.55	0.23	9.95564
0.57	0.23	10.1182
0.59	0.23	10.0157
0.61	0.23	9.5968
0.63	0.23	8.80687
0.65	0.23	7.58807
0.67	0.23	5.87903
0.69	0.23	3.61549
0.71	0.23	0.732406
0.73	0.23	-2.83098
0.75	0.23	-7.12167
0.77	0.23	-12.157
0.79	0.23	-17.9011
0.81	0.23	-24.2322
0.83	0.23	-30.9037
0.85	0.23	-37.5019
0.87	0.23	-43.4138
0.89	0.23	-47.8174
0.91	0.23	-49.718
0.93	0.23	-48.0406
0.95	0.23	-41.7716
0.97	0.23	-30.0847
0.99	0.23	-12.3239
1	0.23	0

0	0.21	0
0.01	0.21	23.4523
0.03	0.21	44.7764
0.05	0.21	48.5675
0.07	0.21	42.542
0.09	0.21	32.6947
0.11	0.21	22.7832
0.13	0.21	14.6026
0.15	0.21	8.62744
0.17	0.21	4.64545
0.19	0.21	2.20456
0.21	0.21	0.852609
0.23	0.21	0.230217
0.25	0.21	0.0842168
0.27	0.21	0.249221
0.29	0.21	0.622424
0.31	0.21	1.14175
0.33	0.21	1.76976
0.35	0.21	2.48282
0.37	0.21	3.26399
0.39	0.21	4.09857
0.41	0.21	4.97124
0.43	0.21	5.86423
0.45	0.21	6.75615
0.47	0.21	7.62129
0.49	0.21	8.42922
0.51	0.21	9.14474
0.53	0.21	9.72804
0.55	0.21	10.1351
0.57	0.21	10.3183
0.59	0.21	10.2269
0.61	0.21	9.80763
0.63	0.21	9.00543
0.65	0.21	7.76358
0.67	0.21	6.02451
0.69	0.21	3.731
0.71	0.21	0.828937
0.73	0.21	-2.72729
0.75	0.21	-6.96539
0.77	0.21	-11.8802
0.79	0.21	-17.4123
0.81	0.21	-23.4193
0.83	0.21	-29.6433
0.85	0.21	-35.6782
0.87	0.21	-40.9472
0.89	0.21	-44.7048
0.91	0.21	-46.0773
0.93	0.21	-44.1517
0.95	0.21	-38.096
0.97	0.21	-27.2524
0.99	0.21	-11.0928
1	0.21	0

0	0.19	0
0.01	0.19	22.609
0.03	0.19	42.4072
0.05	0.19	45.1784
0.07	0.19	38.749
0.09	0.19	29.0159
0.11	0.19	19.542
0.13	0.19	11.9309
0.15	0.19	6.52043
0.17	0.19	3.02655
0.19	0.19	0.974136
0.21	0.19	-0.0840787
0.23	0.19	-0.491228
0.25	0.19	-0.482405
0.27	0.19	-0.207276
0.29	0.19	0.243653
0.31	0.19	0.817479
0.33	0.19	1.48355
0.35	0.19	2.22328
0.37	0.19	3.02365
0.39	0.19	3.8731
0.41	0.19	4.75888
0.43	0.19	5.66531
0.45	0.19	6.57267
0.47	0.19	7.45642
0.49	0.19	8.28673
0.51	0.19	9.02838
0.53	0.19	9.64089
0.55	0.19	10.0789
0.57	0.19	10.293
0.59	0.19	10.2306
0.61	0.19	9.83685
0.63	0.19	9.05605
0.65	0.19	7.83259
0.67	0.19	6.11242
0.69	0.19	3.84509
0.71	0.19	0.986963
0.73	0.19	-2.49316
0.75	0.19	-6.60505
0.77	0.19	-11.3234
0.79	0.19	-16.5688
0.81	0.19	-22.1841
0.83	0.19	-27.9074
0.85	0.19	-33.3486
0.87	0.19	-37.976
0.89	0.19	-41.1262
0.91	0.19	-42.0475
0.93	0.19	-39.9804
0.95	0.19	-34.2559
0.97	0.19	-24.3581
0.99	0.19	-9.86034
1	0.19	0

0	0.17	0
0.01	0.17	21.5807
0.03	0.17	39.6822
0.05	0.17	41.4351
0.07	0.17	34.7025
0.09	0.17	25.2104
0.11	0.17	16.2805
0.13	0.17	9.30671
0.15	0.17	4.49285
0.17	0.17	1.49367
0.19	0.17	-0.177995
0.21	0.17	-0.956899
0.23	0.17	-1.16582
0.25	0.17	-1.02016
0.27	0.17	-0.65358
0.29	0.17	-0.144526
0.31	0.17	0.462973
0.33	0.17	1.14484
0.35	0.17	1.88756
0.37	0.17	2.6822
0.39	0.17	3.52069
0.41	0.17	4.39339
0.43	0.17	5.28745
0.45	0.17	6.18571
0.47	0.17	7.06587
0.49	0.17	7.89992
0.51	0.17	8.65392
0.53	0.17	9.28798
0.55	0.17	9.75674
0.57	0.17	10.0101
0.59	0.17	9.99425
0.61	0.17	9.65346
0.63	0.17	8.93145
0.65	0.17	7.77345
0.67	0.17	6.12842
0.69	0.17	3.95173
0.71	0.17	1.20904
0.73	0.17	-2.11813
0.75	0.17	-6.02395
0.77	0.17	-10.4663
0.79	0.17	-15.3506
0.81	0.17	-20.5109
0.83	0.17	-25.6891
0.85	0.17	-30.5191
0.87	0.17	-34.5212
0.89	0.17	-37.118
0.91	0.17	-37.6768
0.93	0.17	-35.5794
0.95	0.17	-30.2988
0.97	0.17	-21.4351
0.99	0.17	-8.63935
1	0.17	0

0	0.15	0
0.01	0.15	20.3333
0.03	0.15	36.5583
0.05	0.15	37.3207
0.07	0.15	30.4196
0.09	0.15	21.3216
0.11	0.15	13.0562
0.13	0.15	6.79248
0.15	0.15	2.6064
0.17	0.15	0.105354
0.19	0.15	-1.19732
0.21	0.15	-1.71561
0.23	0.15	-1.74764
0.25	0.15	-1.48743
0.27	0.15	-1.05222
0.29	0.15	-0.508502
0.31	0.15	0.108318
0.33	0.15	0.780546
0.35	0.15	1.49962
0.37	0.15	2.26074
0.39	0.15	3.0595
0.41	0.15	3.88972
0.43	0.15	4.74195
0.45	0.15	5.60234
0.47	0.15	6.45185
0.49	0.15	7.26555
0.51	0.15	8.01221
0.53	0.15	8.65421
0.55	0.15	9.14776
0.57	0.15	9.44365
0.59	0.15	9.48843
0.61	0.15	9.22617
0.63	0.15	8.60057
0.65	0.15	7.55758
0.67	0.15	6.04835
0.69	0.15	4.03269
0.71	0.15	1.48345
0.73	0.15	-1.60787
0.75	0.15	-5.22337
0.77	0.15	-9.30857
0.79	0.15	-13.7594
0.81	0.15	-18.4077
0.83	0.15	-23.0065
0.85	0.15	-27.2206
0.87	0.15	-30.6278
0.89	0.15	-32.7367
0.91	0.15	-33.0274
0.93	0.15	-31.0085
0.95	0.15	-26.2731
0.97	0.15	-18.5134
0.99	0.15	-7.43961
1	0.15	0

0	0.13	0
0.01	0.13	18.8224
0.03	0.13	32.9864
0.05	0.13	32.8226
0.07	0.13	25.9295
0.09	0.13	17.4085
0.11	0.13	9.94249
0.13	0.13	4.46445
0.15	0.13	0.934335
0.17	0.13	-1.07047
0.19	0.13	-2.02187
0.21	0.13	-2.30414
0.23	0.13	-2.18622
0.25	0.13	-1.83875
0.27	0.13	-1.36199
0.29	0.13	-0.810499
0.31	0.13	-0.211286
0.33	0.13	0.424035
0.35	0.13	1.09159
0.37	0.13	1.79048
0.39	0.13	2.51987
0.41	0.13	3.27707
0.43	0.13	4.05626
0.45	0.13	4.84741
0.47	0.13	5.63552
0.49	0.13	6.39984
0.51	0.13	7.11336
0.53	0.13	7.74244
0.55	0.13	8.2469
0.57	0.13	8.58049
0.59	0.13	8.69202
0.61	0.13	8.52707
0.63	0.13	8.0304
0.65	0.13	7.14894
0.67	0.13	5.83539
0.69	0.13	4.05233
0.71	0.13	1.77704
0.73	0.13	-0.992717
0.75	0.13	-4.23176
0.77	0.13	-7.87894
0.79	0.13	-11.8272
0.81	0.13	-15.913
0.83	0.13	-19.9075
0.85	0.13	-23.5121
0.87	0.13	-26.3644
0.89	0.13	-28.0568
0.91	0.13	-28.1726
0.93	0.13	-26.3306
0.95	0.13	-22.2235
0.97	0.13	-15.6165
0.99	0.13	-6.26643
1	0.13	0

0	0.11	0
0.01	0.11	16.9926
0.03	0.11	28.9156
0.05	0.11	27.9405
0.07	0.11	21.2819
0.09	0.11	13.5512
0.11	0.11	7.03069
0.13	0.11	2.4128
0.15	0.11	-0.440217
0.17	0.11	-1.95951
0.19	0.11	-2.58616
0.21	0.11	-2.66513
0.23	0.11	-2.43118
0.25	0.11	-2.02946
0.27	0.11	-1.54244
0.29	0.11	-1.01273
0.31	0.11	-0.459293
0.33	0.11	0.111868
0.35	0.11	0.701002
0.37	0.11	1.31058
0.39	0.11	1.94286
0.41	0.11	2.59827
0.43	0.11	3.27442
0.45	0.11	3.96519
0.47	0.11	4.65998
0.49	0.11	5.34301
0.51	0.11	5.99263
0.53	0.11	6.58089
0.55	0.11	7.07325
0.57	0.11	7.42882
0.59	0.11	7.60118
0.61	0.11	7.53981
0.63	0.11	7.19246
0.65	0.11	6.50818
0.67	0.11	5.44123
0.69	0.11	3.95559
0.71	0.11	2.03017
0.73	0.11	-0.335375
0.75	0.11	-3.11422
0.77	0.11	-6.24525
0.79	0.11	-9.62567
0.81	0.11	-13.1041
0.83	0.11	-16.476
0.85	0.11	-19.4836
0.87	0.11	-21.8243
0.89	0.11	-23.1694
0.91	0.11	-23.1935
0.93	0.11	-21.609
0.95	0.11	-18.1899
0.97	0.11	-12.7604
0.99	0.11	-5.11985
1	0.11	0

0	0.09	0
0.01	0.09	14.7812
0.03	0.09	24.3068
0.05	0.09	22.702
0.07	0.09	16.5587
0.09	0.09	9.85804
0.11	0.09	4.43224
0.13	0.09	0.739531
0.15	0.09	-1.42903
0.17	0.09	-2.48754
0.19	0.09	-2.82858
0.21	0.09	-2.74759
0.23	0.09	-2.43997
0.25	0.09	-2.02299
0.27	0.09	-1.56065
0.29	0.09	-1.08369
0.31	0.09	-0.603567
0.33	0.09	-0.121507
0.35	0.09	0.365982
0.37	0.09	0.863824
0.39	0.09	1.37646
0.41	0.09	1.90671
0.43	0.09	2.45494
0.45	0.09	3.01847
0.47	0.09	3.59096
0.49	0.09	4.16174
0.51	0.09	4.7152
0.53	0.09	5.23017
0.55	0.09	5.6795
0.57	0.09	6.02994
0.59	0.09	6.24253
0.61	0.09	6.2736
0.63	0.09	6.07665
0.65	0.09	5.60513
0.67	0.09	4.81605
0.69	0.09	3.67458
0.71	0.09	2.15921
0.73	0.09	0.267573
0.75	0.09	-1.97757
0.77	0.09	-4.52224
0.79	0.09	-7.27571
0.81	0.09	-10.1063
0.83	0.09	-12.8397
0.85	0.09	-15.2621
0.87	0.09	-17.1297
0.89	0.09	-18.1854
0.91	0.09	-18.1831
0.93	0.09	-16.9125
0.95	0.09	-14.2129
0.97	0.09	-9.95905
0.99	0.09	-3.99633
1	0.09	0

0	0.07	0
0.01	0.07	12.1305
0.03	0.07	19.1613
0.05	0.07	17.1914
0.07	0.07	11.894
0.09	0.07	6.47368
0.11	0.07	2.27758
0.13	0.07	-0.448668
0.15	0.07	-1.94961
0.17	0.07	-2.59306
0.19	0.07	-2.70452
0.21	0.07	-2.51967
0.23	0.07	-2.18952
0.25	0.07	-1.80147
0.27	0.07	-1.40067
0.29	0.07	-1.00655
0.31	0.07	-0.624074
0.33	0.07	-0.250881
0.35	0.07	0.118473
0.37	0.07	0.490102
0.39	0.07	0.869451
0.41	0.07	1.26054
0.43	0.07	1.66551
0.45	0.07	2.08417
0.47	0.07	2.51366
0.49	0.07	2.94794
0.51	0.07	3.37721
0.53	0.07	3.78741
0.55	0.07	4.15964
0.57	0.07	4.46982
0.59	0.07	4.68868
0.61	0.07	4.78223
0.63	0.07	4.71296
0.65	0.07	4.44186
0.67	0.07	3.93137
0.69	0.07	3.14933
0.71	0.07	2.0737
0.73	0.07	0.697891
0.75	0.07	-0.963695
0.77	0.07	-2.87035
0.79	0.07	-4.95066
0.81	0.07	-7.09983
0.83	0.07	-9.1798
0.85	0.07	-11.0235
0.87	0.07	-12.444
0.89	0.07	-13.2495
0.91	0.07	-13.2613
0.93	0.07	-12.3315
0.95	0.07	-10.3515
0.97	0.07	-7.2397
0.99	0.07	-2.89628
1	0.07	0

0	0.05	0
0.01	0.05	9.02105
0.03	0.05	13.5799
0.05	0.05	11.6004
0.07	0.05	7.50241
0.09	0.05	3.58598
0.11	0.05	0.707227
0.13	0.05	-1.05882
0.15	0.05	-1.9481
0.17	0.05	-2.25128
0.19	0.05	-2.20917
0.21	0.05	-1.98902
0.23	0.05	-1.69386
0.25	0.05	-1.38049
0.27	0.05	-1.07595
0.29	0.05	-0.789752
0.31	0.05	-0.522072
0.33	0.05	-0.268658
0.35	0.05	-0.0237093
0.37	0.05	0.218604
0.39	0.05	0.463368
0.41	0.05	0.714543
0.43	0.05	0.97476
0.45	0.05	1.24514
0.47	0.05	1.5251
0.49	0.05	1.81206
0.51	0.05	2.10105
0.53	0.05	2.38432
0.55	0.05	2.65086
0.57	0.05	2.88596
0.59	0.05	3.07097
0.61	0.05	3.18336
0.63	0.05	3.19716
0.65	0.05	3.08413
0.67	0.05	2.81566
0.69	0.05	2.36548
0.71	0.05	1.71333
0.73	0.05	0.849166
0.75	0.05	-0.222178
0.77	0.05	-1.4765
0.79	0.05	-2.86655
0.81	0.05	-4.31997
0.83	0.05	-5.7398
0.85	0.05	-7.00832
0.87	0.05	-7.99487
0.89	0.05	-8.56728
0.91	0.05	-8.60509
0.93	0.05	-8.01105
0.95	0.05	-6.71589
0.97	0.05	-4.67262
0.99	0.05	-1.84104
1	0.05	0

0	0.03	0
0.01	0.03	5.55335
0.03	0.03	7.87929
0.05	0.03	6.31338
0.07	0.03	3.7168
0.09	0.03	1.42254
0.11	0.03	-0.15804
0.13	0.03	-1.05455
0.15	0.03	-1.44567
0.17	0.03	-1.51801
0.19	0.03	-1.41583
0.21	0.03	-1.23432
0.23	0.03	-1.02906
0.25	0.03	-0.828449
0.27	0.03	-0.644203
0.29	0.03	-0.478711
0.31	0.03	-0.32976
0.33	0.03	-0.193268
0.35	0.03	-0.064758
0.37	0.03	0.05992
0.39	0.03	0.184287
0.41	0.03	0.31113
0.43	0.03	0.442469
0.45	0.03	0.579537
0.47	0.03	0.722716
0.49	0.03	0.871422
0.51	0.03	1.02392
0.53	0.03	1.17711
0.55	0.03	1.32618
0.57	0.03	1.46437
0.59	0.03	1.58266
0.61	0.03	1.66963
0.63	0.03	1.71149
0.65	0.03	1.69243
0.67	0.03	1.59548
0.69	0.03	1.40388
0.71	0.03	1.10308
0.73	0.03	0.683341
0.75	0.03	0.142841
0.77	0.03	-0.5092
0.79	0.03	-1.24971
0.81	0.03	-2.04
0.83	0.03	-2.8258
0.85	0.03	-3.53962
0.87	0.03	-4.10586
0.89	0.03	-4.44819
0.91	0.03	-4.49766
0.93	0.03	-4.19895
0.95	0.03	-3.51203
0.97	0.03	-2.41115
0.99	0.03	-0.900462
1	0.03	0

0	0.01	0
0.01	0.01	2.14398
0.03	0.01	2.81402
0.05	0.01	2.04153
0.07	0.01	1.01935
0.09	0.01	0.207818
0.11	0.01	-0.299056
0.13	0.01	-0.549882
0.15	0.01	-0.627554
0.17	0.01	-0.605541
0.19	0.01	-0.535819
0.21	0.01	-0.450147
0.23	0.01	-0.36542
0.25	0.01	-0.289049
0.27	0.01	-0.223051
0.29	0.01	-0.166734
0.31	0.01	-0.118274
0.33	0.01	-0.0755707
0.35	0.01	-0.0366419
0.37	0.01	0.000215394
0.39	0.01	0.0363924
0.41	0.01	0.0729848
0.43	0.01	0.110822
0.45	0.01	0.150488
0.47	0.01	0.192326
0.49	0.01	0.236422
0.51	0.01	0.282553
0.53	0.01	0.330126
0.55	0.01	0.378074
0.57	0.01	0.424744
0.59	0.01	0.467777
0.61	0.01	0.503988
0.63	0.01	0.529296
0.65	0.01	0.538732
0.67	0.01	0.526571
0.69	0.01	0.486667
0.71	0.01	0.413035
0.73	0.01	0.300715
0.75	0.01	0.146916
0.77	0.01	-0.0476536
0.79	0.01	-0.277456
0.81	0.01	-0.531093
0.83	0.01	-0.790947
0.85	0.01	-1.03385
0.87	0.01	-1.23302
0.89	0.01	-1.361
0.91	0.01	-1.3929
0.93	0.01	-1.3084
0.95	0.01	-1.09075
0.97	0.01	-0.725136
0.99	0.01	-0.220609
1	0.01	0

0	0	0
0.01	0	0
0.03	0	0
0.05	0	0
0.07	0	0
0.09	0	0
0.11	0	0
0.13	0	0
0.15	0	0
0.17	0	0
0.19	0	0
0.21	0	0
0.23	0	0
0.25	0	0
0.27	0	0
0.29	0	0
0.31	0	0
0.33	0	0
0.35	0	0
0.37	0	0
0.39	0	0
0.41	0	0
0.43	0	0
0.45	0	0
0.47	0	0
0.49	0	0
0.51	0	0
0.53	0	0
0.55	0	0
0.57	0	0
0.59	0	0
0.61	0	0
0.63	0	0
0.65	0	0
0.67	0	0
0.69	0	0
0.71	0	0
0.73	0	0
0.75	0	0
0.77	0	0
0.79	0	0
0.81	0	0
0.83	0	0
0.85	0	0
0.87	0	0
0.89	0	0
0.91	0	0
0.93	0	0
0.95	0	0
0.97	0	0
0.99	0	0
1	0	0

