0	0	0
0	0.02	0
0	0.04	0
0	0.06	0
0	0.08	0
0	0.1	0
0	0.12	0
0	0.14	0
0	0.16	0
0	0.18	0
0	0.2	0
0	0.22	0
0	0.24	0
0	0.26	0
0	0.28	0
0	0.3	0
0	0.32	0
0	0.34	0
0	0.36	0
0	0.38	0
0	0.4	0
0	0.42	0
0	0.44	0
0	0.46	0
0	0.48	0
0	0.5	0
0	0.52	0
0	0.54	0
0	0.56	0
0	0.58	0
0	0.6	0
0	0.62	0
0	0.64	0
0	0.66	0
0	0.68	0
0	0.7	0
0	0.72	0
0	0.74	0
0	0.76	0
0	0.78	0
0	0.8	0
0	0.82	0
0	0.84	0
0	0.86	0
0	0.88	0
0	0.9	0
0	0.92	0
0	0.94	0
0	0.96	0
0	0.98	0
0	1	0

0.01	0	0
0.01	0.02	24.0483
0.01	0.04	50.2141
0.01	0.06	71.1291
0.01	0.08	87.0813
0.01	0.1	99.3887
0.01	0.12	109.13
0.01	0.14	117.02
0.01	0.16	123.506
0.01	0.18	128.861
0.01	0.2	133.261
0.01	0.22	136.822
0.01	0.24	139.633
0.01	0.26	141.761
0.01	0.28	143.267
0.01	0.3	144.205
0.01	0.32	144.624
0.01	0.34	144.569
0.01	0.36	144.082
0.01	0.38	143.201
0.01	0.4	141.96
0.01	0.42	140.39
0.01	0.44	138.521
0.01	0.46	136.379
0.01	0.48	133.991
0.01	0.5	131.383
0.01	0.52	128.582
0.01	0.54	125.617
0.01	0.56	122.515
0.01	0.58	119.306
0.01	0.6	116.017
0.01	0.62	112.668
0.01	0.64	109.267
0.01	0.66	105.805
0.01	0.68	102.246
0.01	0.7	98.5205
0.01	0.72	94.521
0.01	0.74	90.1049
0.01	0.76	85.1056
0.01	0.78	79.3582
0.01	0.8	72.7405
0.01	0.82	65.2262
0.01	0.84	56.9345
0.01	0.86	48.1509
0.01	0.88	39.2868
0.01	0.9	30.7692
0.01	0.92	22.8915
0.01	0.94	15.6918
0.01	0.96	9.01677
0.01	0.98	3.13476
0.01	1	0

0.03	0	0
0.03	0.02	10.836
0.03	0.04	31.0417
0.03	0.06	52.8051
0.03	0.08	73.4969
0.03	0.1	92.4578
0.03	0.12	109.644
0.03	0.14	125.174
0.03	0.16	139.193
0.03	0.18	151.827
0.03	0.2	163.181
0.03	0.22	173.34
0.03	0.24	182.376
0.03	0.26	190.352
0.03	0.28	197.326
0.03	0.3	203.349
0.03	0.32	208.474
0.03	0.34	212.747
0.03	0.36	216.213
0.03	0.38	218.913
0.03	0.4	220.888
0.03	0.42	222.172
0.03	0.44	222.8
0.03	0.46	222.805
0.03	0.48	222.217
0.03	0.5	221.068
0.03	0.52	219.392
0.03	0.54	217.224
0.03	0.56	214.604
0.03	0.58	211.572
0.03	0.6	208.175
0.03	0.62	204.454
0.03	0.64	200.446
0.03	0.66	196.17
0.03	0.68	191.616
0.03	0.7	186.732
0.03	0.72	181.405
0.03	0.74	175.449
0.03	0.76	168.602
0.03	0.78	160.531
0.03	0.8	150.87
0.03	0.82	139.277
0.03	0.84	125.545
0.03	0.86	109.721
0.03	0.88	92.2305
0.03	0.9	73.8611
0.03	0.92	55.555
0.03	0.94	38.0521
0.03	0.96	21.7993
0.03	0.98	7.8354
0.03	1	0

0.05	0	0
0.05	0.02	-2.34218
0.05	0.04	2.42842
0.05	0.06	12.7981
0.05	0.08	26.1461
0.05	0.1	40.716
0.05	0.12	55.508
0.05	0.14	69.9864
0.05	0.16	83.8741
0.05	0.18	97.0323
0.05	0.2	109.396
0.05	0.22	120.941
0.05	0.24	131.663
0.05	0.26	141.573
0.05	0.28	150.687
0.05	0.3	159.028
0.05	0.32	166.617
0.05	0.34	173.479
0.05	0.36	179.637
0.05	0.38	185.111
0.05	0.4	189.923
0.05	0.42	194.088
0.05	0.44	197.624
0.05	0.46	200.543
0.05	0.48	202.86
0.05	0.5	204.588
0.05	0.52	205.741
0.05	0.54	206.338
0.05	0.56	206.399
0.05	0.58	205.954
0.05	0.6	205.037
0.05	0.62	203.688
0.05	0.64	201.952
0.05	0.66	199.869
0.05	0.68	197.465
0.05	0.7	194.734
0.05	0.72	191.619
0.05	0.74	187.984
0.05	0.76	183.595
0.05	0.78	178.099
0.05	0.8	171.032
0.05	0.82	161.848
0.05	0.84	150.003
0.05	0.86	135.098
0.05	0.88	117.08
0.05	0.9	96.4238
0.05	0.92	74.1408
0.05	0.94	51.4882
0.05	0.96	29.7066
0.05	0.98	10.7614
0.05	1	0

0.07	0	0
0.07	0.02	-5.86126
0.07	0.04	-8.76649
0.07	0.06	-6.77452
0.07	0.08	-1.05261
0.07	0.1	6.9962
0.07	0.12	16.3166
0.07	0.14	26.2082
0.07	0.16	36.2293
0.07	0.18	46.1086
0.07	0.2	55.6836
0.07	0.22	64.8613
0.07	0.24	73.5932
0.07	0.26	81.859
0.07	0.28	89.6562
0.07	0.3	96.9925
0.07	0.32	103.88
0.07	0.34	110.333
0.07	0.36	116.363
0.07	0.38	121.98
0.07	0.4	127.191
0.07	0.42	131.999
0.07	0.44	136.404
0.07	0.46	140.404
0.07	0.48	143.995
0.07	0.5	147.172
0.07	0.52	149.93
0.07	0.54	152.269
0.07	0.56	154.193
0.07	0.58	155.713
0.07	0.6	156.851
0.07	0.62	157.643
0.07	0.64	158.136
0.07	0.66	158.391
0.07	0.68	158.464
0.07	0.7	158.4
0.07	0.72	158.2
0.07	0.74	157.793
0.07	0.76	157
0.07	0.78	155.498
0.07	0.8	152.806
0.07	0.82	148.286
0.07	0.84	141.2
0.07	0.86	130.835
0.07	0.88	116.698
0.07	0.9	98.7841
0.07	0.92	77.7543
0.07	0.94	54.8738
0.07	0.96	31.8435
0.07	0.98	11.4494
0.07	1	0

0.09	0	0
0.09	0.02	-5.00294
0.09	0.04	-9.40134
0.09	0.06	-10.6398
0.09	0.08	-8.95205
0.09	0.1	-5.16205
0.09	0.12	-0.0382771
0.09	0.14	5.83385
0.09	0.16	12.0413
0.09	0.18	18.3062
0.09	0.2	24.4507
0.09	0.22	30.37
0.09	0.24	36.0115
0.09	0.26	41.3596
0.09	0.28	46.4219
0.09	0.3	51.2197
0.09	0.32	55.7793
0.09	0.34	60.1267
0.09	0.36	64.2834
0.09	0.38	68.2645
0.09	0.4	72.078
0.09	0.42	75.7249
0.09	0.44	79.2005
0.09	0.46	82.4955
0.09	0.48	85.5975
0.09	0.5	88.4934
0.09	0.52	91.1705
0.09	0.54	93.6196
0.09	0.56	95.8375
0.09	0.58	97.8316
0.09	0.6	99.6237
0.09	0.62	101.255
0.09	0.64	102.788
0.09	0.66	104.306
0.09	0.68	105.9
0.09	0.7	107.656
0.09	0.72	109.621
0.09	0.74	111.77
0.09	0.76	113.96
0.09	0.78	115.894
0.09	0.8	117.095
0.09	0.82	116.905
0.09	0.84	114.525
0.09	0.86	109.106
0.09	0.88	99.9262
0.09	0.9	86.6364
0.09	0.92	69.5077
0.09	0.94	49.5477
0.09	0.96	28.5849
0.09	0.98	9.92853
0.09	1	0

0.11	0	0
0.11	0.02	-3.42406
0.11	0.04	-7.19481
0.11	0.06	-9.11769
0.11	0.08	-8.99207
0.11	0.1	-7.24323
0.11	0.12	-4.38937
0.11	0.14	-0.881323
0.11	0.16	2.92946
0.11	0.18	6.78615
0.11	0.2	10.5138
0.11	0.22	14.0061
0.11	0.24	17.2129
0.11	0.26	20.1272
0.11	0.28	22.7726
0.11	0.3	25.1905
0.11	0.32	27.4299
0.11	0.34	29.5383
0.11	0.36	31.5559
0.11	0.38	33.5121
0.11	0.4	35.4245
0.11	0.42	37.2997
0.11	0.44	39.1352
0.11	0.46	40.9219
0.11	0.48	42.6477
0.11	0.5	44.2999
0.11	0.52	45.8684
0.11	0.54	47.3491
0.11	0.56	48.7471
0.11	0.58	50.0818
0.11	0.6	51.3924
0.11	0.62	52.7423
0.11	0.64	54.2214
0.11	0.66	55.9422
0.11	0.68	58.0269
0.11	0.7	60.5845
0.11	0.72	63.6775
0.11	0.74	67.2833
0.11	0.76	71.2574
0.11	0.78	75.3038
0.11	0.8	78.9604
0.11	0.82	81.6036
0.11	0.84	82.4785
0.11	0.86	80.7709
0.11	0.88	75.7355
0.11	0.9	66.8901
0.11	0.92	54.2453
0.11	0.94	38.5385
0.11	0.96	21.5774
0.11	0.98	6.86413
0.11	1	0

0.13	0	0
0.13	0.02	-2.18141
0.13	0.04	-4.98281
0.13	0.06	-6.77287
0.13	0.08	-7.18797
0.13	0.1	-6.39013
0.13	0.12	-4.6994
0.13	0.14	-2.44756
0.13	0.16	0.0728914
0.13	0.18	2.6249
0.13	0.2	5.03122
0.13	0.22	7.174
0.13	0.24	8.99094
0.13	0.26	10.4679
0.13	0.28	11.6282
0.13	0.3	12.5204
0.13	0.32	13.2054
0.13	0.34	13.7451
0.13	0.36	14.1939
0.13	0.38	14.5929
0.13	0.4	14.9682
0.13	0.42	15.3311
0.13	0.44	15.6816
0.13	0.46	16.0121
0.13	0.48	16.3124
0.13	0.5	16.5746
0.13	0.52	16.7977
0.13	0.54	16.9914
0.13	0.56	17.1809
0.13	0.58	17.4114
0.13	0.6	17.7524
0.13	0.62	18.3007
0.13	0.64	19.1778
0.13	0.66	20.5207
0.13	0.68	22.4626
0.13	0.7	25.1046
0.13	0.72	28.4827
0.13	0.74	32.5371
0.13	0.76	37.0902
0.13	0.78	41.8378
0.13	0.8	46.3528
0.13	0.82	50.0984
0.13	0.84	52.453
0.13	0.86	52.7577
0.13	0.88	50.3975
0.13	0.9	44.9286
0.13	0.92	36.2618
0.13	0.94	24.9727
0.13	0.96	12.8221
0.13	0.98	3.17454
0.13	1	0

0.15	0	0
0.15	0.02	-1.37055
0.15	0.04	-3.36135
0.15	0.06	-4.83817
0.15	0.08	-5.41888
0.15	0.1	-5.10857
0.15	0.12	-4.07669
0.15	0.14	-2.54807
0.15	0.16	-0.752464
0.15	0.18	1.10099
0.15	0.2	2.83877
0.15	0.22	4.33229
0.15	0.24	5.5019
0.15	0.26	6.31566
0.15	0.28	6.78289
0.15	0.3	6.94366
0.15	0.32	6.85619
0.15	0.34	6.58422
0.15	0.36	6.18623
0.15	0.38	5.70787
0.15	0.4	5.17816
0.15	0.42	4.6095
0.15	0.44	4.0008
0.15	0.46	3.34293
0.15	0.48	2.62542
0.15	0.5	1.84348
0.15	0.52	1.00453
0.15	0.54	0.133815
0.15	0.56	-0.720903
0.15	0.58	-1.48593
0.15	0.6	-2.06031
0.15	0.62	-2.31831
0.15	0.64	-2.1181
0.15	0.66	-1.31851
0.15	0.68	0.196526
0.15	0.7	2.48938
0.15	0.72	5.54268
0.15	0.74	9.24322
0.15	0.76	13.3803
0.15	0.78	17.6578
0.15	0.8	21.7128
0.15	0.82	25.1366
0.15	0.84	27.4933
0.15	0.86	28.3449
0.15	0.88	27.2897
0.15	0.9	24.0277
0.15	0.92	18.505
0.15	0.94	11.2688
0.15	0.96	4.02894
0.15	0.98	-0.324446
0.15	1	0

0.17	0	0
0.17	0.02	-0.875996
0.17	0.04	-2.29027
0.17	0.06	-3.47428
0.17	0.08	-4.08685
0.17	0.1	-4.05108
0.17	0.12	-3.43271
0.17	0.14	-2.36969
0.17	0.16	-1.03161
0.17	0.18	0.406866
0.17	0.2	1.78573
0.17	0.22	2.97446
0.17	0.24	3.88154
0.17	0.26	4.45819
0.17	0.28	4.69611
0.17	0.3	4.62017
0.17	0.32	4.27751
0.17	0.34	3.7253
0.17	0.36	3.01915
0.17	0.38	2.20402
0.17	0.4	1.30885
0.17	0.42	0.345135
0.17	0.44	-0.690512
0.17	0.46	-1.81059
0.17	0.48	-3.02878
0.17	0.5	-4.35106
0.17	0.52	-5.76711
0.17	0.54	-7.24319
0.17	0.56	-8.71744
0.17	0.58	-10.0984
0.17	0.6	-11.2678
0.17	0.62	-12.0892
0.17	0.64	-12.423
0.17	0.66	-12.1475
0.17	0.68	-11.1846
0.17	0.7	-9.52231
0.17	0.72	-7.23038
0.17	0.74	-4.46045
0.17	0.76	-1.43186
0.17	0.78	1.59411
0.17	0.8	4.34312
0.17	0.82	6.55183
0.17	0.84	7.9832
0.17	0.86	8.43396
0.17	0.88	7.73904
0.17	0.9	5.7936
0.17	0.92	2.67458
0.17	0.94	-0.999046
0.17	0.96	-3.61868
0.17	0.98	-3.0913
0.17	1	0

0.19	0	0
0.19	0.02	-0.583321
0.19	0.04	-1.61975
0.19	0.06	-2.58605
0.19	0.08	-3.19389
0.19	0.1	-3.3279
0.19	0.12	-2.98741
0.19	0.14	-2.24628
0.19	0.16	-1.2239
0.19	0.18	-0.0612554
0.19	0.2	1.09989
0.19	0.22	2.13429
0.19	0.24	2.94582
0.19	0.26	3.4744
0.19	0.28	3.6971
0.19	0.3	3.62385
0.19	0.32	3.28894
0.19	0.34	2.74028
0.19	0.36	2.0282
0.19	0.38	1.19577
0.19	0.4	0.272161
0.19	0.42	-0.730302
0.19	0.44	-1.815
0.19	0.46	-2.99615
0.19	0.48	-4.29091
0.19	0.5	-5.7098
0.19	0.52	-7.24684
0.19	0.54	-8.87136
0.19	0.56	-10.5232
0.19	0.58	-12.1127
0.19	0.6	-13.5272
0.19	0.62	-14.643
0.19	0.64	-15.3443
0.19	0.66	-15.5444
0.19	0.68	-15.207
0.19	0.7	-14.3616
0.19	0.72	-13.1077
0.19	0.74	-11.6056
0.19	0.76	-10.0529
0.19	0.78	-8.65337
0.19	0.8	-7.58322
0.19	0.82	-6.96437
0.19	0.84	-6.85059
0.19	0.86	-7.23061
0.19	0.88	-8.04507
0.19	0.9	-9.18787
0.19	0.92	-10.3987
0.19	0.94	-10.9543
0.19	0.96	-9.46329
0.19	0.98	-4.89029
0.19	1	0

0.21	0	0
0.21	0.02	-0.415137
0.21	0.04	-1.22166
0.21	0.06	-2.05077
0.21	0.08	-2.65829
0.21	0.1	-2.91169
0.21	0.12	-2.76915
0.21	0.14	-2.26017
0.21	0.16	-1.46616
0.21	0.18	-0.49988
0.21	0.2	0.514795
0.21	0.22	1.46087
0.21	0.24	2.24219
0.21	0.26	2.79234
0.21	0.28	3.07789
0.21	0.3	3.09666
0.21	0.32	2.87154
0.21	0.34	2.44166
0.21	0.36	1.85226
0.21	0.38	1.14536
0.21	0.4	0.352296
0.21	0.42	-0.510526
0.21	0.44	-1.44233
0.21	0.46	-2.45494
0.21	0.48	-3.56642
0.21	0.5	-4.79238
0.21	0.52	-6.13629
0.21	0.54	-7.58108
0.21	0.56	-9.08413
0.21	0.58	-10.5777
0.21	0.6	-11.976
0.21	0.62	-13.188
0.21	0.64	-14.1353
0.21	0.66	-14.77
0.21	0.68	-15.09
0.21	0.7	-15.1469
0.21	0.72	-15.0434
0.21	0.74	-14.9198
0.21	0.76	-14.9295
0.21	0.78	-15.2062
0.21	0.8	-15.8295
0.21	0.82	-16.7954
0.21	0.84	-18.0021
0.21	0.86	-19.2576
0.21	0.88	-20.306
0.21	0.9	-20.838
0.21	0.92	-20.4057
0.21	0.94	-18.2261
0.21	0.96	-13.2859
0.21	0.98	-5.74307
0.21	1	0

0.23	0	0
0.23	0.02	-0.324435
0.23	0.04	-1.00659
0.23	0.06	-1.76853
0.23	0.08	-2.39544
0.23	0.1	-2.74629
0.23	0.12	-2.75389
0.23	0.14	-2.41839
0.23	0.16	-1.79429
0.23	0.18	-0.972839
0.23	0.2	-0.062842
0.23	0.22	0.827067
0.23	0.24	1.60274
0.23	0.26	2.19428
0.23	0.28	2.56092
0.23	0.3	2.69101
0.23	0.32	2.59799
0.23	0.34	2.31339
0.23	0.36	1.87818
0.23	0.38	1.33412
0.23	0.4	0.7162
0.23	0.42	0.047424
0.23	0.44	-0.663693
0.23	0.46	-1.42237
0.23	0.48	-2.24371
0.23	0.5	-3.14628
0.23	0.52	-4.14415
0.23	0.54	-5.23931
0.23	0.56	-6.4166
0.23	0.58	-7.6433
0.23	0.6	-8.87432
0.23	0.62	-10.0626
0.23	0.64	-11.1724
0.23	0.66	-12.1919
0.23	0.68	-13.1421
0.23	0.7	-14.0794
0.23	0.72	-15.0902
0.23	0.74	-16.2774
0.23	0.76	-17.7376
0.23	0.78	-19.5307
0.23	0.8	-21.6454
0.23	0.82	-23.9689
0.23	0.84	-26.272
0.23	0.86	-28.2162
0.23	0.88	-29.3821
0.23	0.9	-29.2861
0.23	0.92	-27.3377
0.23	0.94	-22.801
0.23	0.96	-15.1959
0.23	0.98	-5.83817
0.23	1	0

0.25	0	0
0.25	0.02	-0.283263
0.25	0.04	-0.915169
0.25	0.06	-1.66525
0.25	0.08	-2.33376
0.25	0.1	-2.7738
0.25	0.12	-2.90247
0.25	0.14	-2.70133
0.25	0.16	-2.20701
0.25	0.18	-1.49532
0.25	0.2	-0.663252
0.25	0.22	0.187987
0.25	0.24	0.966896
0.25	0.26	1.60172
0.25	0.28	2.0462
0.25	0.3	2.28105
0.25	0.32	2.31163
0.25	0.34	2.16266
0.25	0.36	1.87106
0.25	0.38	1.47832
0.25	0.4	1.02321
0.25	0.42	0.536012
0.25	0.44	0.0346503
0.25	0.46	-0.476785
0.25	0.48	-1.00699
0.25	0.5	-1.57402
0.25	0.52	-2.2001
0.25	0.54	-2.9058
0.25	0.56	-3.70535
0.25	0.58	-4.60486
0.25	0.6	-5.60436
0.25	0.62	-6.7034
0.25	0.64	-7.90837
0.25	0.66	-9.23892
0.25	0.68	-10.7313
0.25	0.7	-12.4374
0.25	0.72	-14.4185
0.25	0.74	-16.7328
0.25	0.76	-19.4166
0.25	0.78	-22.4561
0.25	0.8	-25.7557
0.25	0.82	-29.1086
0.25	0.84	-32.181
0.25	0.86	-34.5191
0.25	0.88	-35.5768
0.25	0.9	-34.7461
0.25	0.92	-31.3792
0.25	0.94	-24.9202
0.25	0.96	-15.5181
0.25	0.98	-5.42866
0.25	1	0

0.27	0	0
0.27	0.02	-0.274526
0.27	0.04	-0.907317
0.27	0.06	-1.68591
0.27	0.08	-2.41421
0.27	0.1	-2.9398
0.27	0.12	-3.17033
0.27	0.14	-3.07663
0.27	0.16	-2.68437
0.27	0.18	-2.05889
0.27	0.2	-1.28808
0.27	0.22	-0.466586
0.27	0.24	0.317174
0.27	0.26	0.990707
0.27	0.28	1.50361
0.27	0.3	1.83015
0.27	0.32	1.96836
0.27	0.34	1.93632
0.27	0.36	1.76652
0.27	0.38	1.49919
0.27	0.4	1.17573
0.27	0.42	0.832661
0.27	0.44	0.496951
0.27	0.46	0.182718
0.27	0.48	-0.110246
0.27	0.5	-0.396101
0.27	0.52	-0.700823
0.27	0.54	-1.0588
0.27	0.56	-1.50913
0.27	0.58	-2.0927
0.27	0.6	-2.85103
0.27	0.62	-3.82668
0.27	0.64	-5.06439
0.27	0.66	-6.6115
0.27	0.68	-8.51631
0.27	0.7	-10.8241
0.27	0.72	-13.5703
0.27	0.74	-16.7691
0.27	0.76	-20.3974
0.27	0.78	-24.3705
0.27	0.8	-28.5149
0.27	0.82	-32.5416
0.27	0.84	-36.0324
0.27	0.86	-38.4473
0.27	0.88	-39.1566
0.27	0.9	-37.4953
0.27	0.92	-32.8635
0.27	0.94	-25.0007
0.27	0.96	-14.6824
0.27	0.98	-4.74966
0.27	1	0

0.29	0	0
0.29	0.02	-0.287047
0.29	0.04	-0.954392
0.29	0.06	-1.78773
0.29	0.08	-2.58645
0.29	0.1	-3.19287
0.29	0.12	-3.50979
0.29	0.14	-3.5033
0.29	0.16	-3.19359
0.29	0.18	-2.63931
0.29	0.2	-1.92116
0.29	0.22	-1.12749
0.29	0.24	-0.342815
0.29	0.26	0.360992
0.29	0.28	0.930764
0.29	0.3	1.33534
0.29	0.32	1.56593
0.29	0.34	1.63385
0.29	0.36	1.56624
0.29	0.38	1.4006
0.29	0.4	1.17889
0.29	0.42	0.941808
0.29	0.44	0.723505
0.29	0.46	0.547197
0.29	0.48	0.421691
0.29	0.5	0.33918
0.29	0.52	0.27451
0.29	0.54	0.186016
0.29	0.56	0.0177635
0.29	0.58	-0.29728
0.29	0.6	-0.833635
0.29	0.62	-1.66948
0.29	0.64	-2.88244
0.29	0.66	-4.54446
0.29	0.68	-6.71569
0.29	0.7	-9.43712
0.29	0.72	-12.7219
0.29	0.74	-16.5446
0.29	0.76	-20.8266
0.29	0.78	-25.4174
0.29	0.8	-30.0726
0.29	0.82	-34.4331
0.29	0.84	-38.016
0.29	0.86	-40.226
0.29	0.88	-40.3991
0.29	0.9	-37.8896
0.29	0.92	-32.2425
0.29	0.94	-23.5568
0.29	0.96	-13.1266
0.29	0.98	-3.97589
0.29	1	0

0.31	0	0
0.31	0.02	-0.312781
0.31	0.04	-1.0342
0.31	0.06	-1.93508
0.31	0.08	-2.80536
0.31	0.1	-3.48302
0.31	0.12	-3.87013
0.31	0.14	-3.93318
0.31	0.16	-3.69131
0.31	0.18	-3.19944
0.31	0.2	-2.5322
0.31	0.22	-1.77118
0.31	0.24	-0.995453
0.31	0.26	-0.274344
0.31	0.28	0.338023
0.31	0.3	0.806375
0.31	0.32	1.11568
0.31	0.34	1.27027
0.31	0.36	1.29093
0.31	0.38	1.2107
0.31	0.4	1.06982
0.31	0.42	0.910469
0.31	0.44	0.771447
0.31	0.46	0.683089
0.31	0.48	0.662502
0.31	0.5	0.709431
0.31	0.52	0.803184
0.31	0.54	0.901105
0.31	0.56	0.939022
0.31	0.58	0.833874
0.31	0.6	0.488444
0.31	0.62	-0.201999
0.31	0.64	-1.34141
0.31	0.66	-3.02329
0.31	0.68	-5.32001
0.31	0.7	-8.27155
0.31	0.72	-11.874
0.31	0.74	-16.0679
0.31	0.76	-20.7257
0.31	0.78	-25.6382
0.31	0.8	-30.4996
0.31	0.82	-34.8952
0.31	0.84	-38.2989
0.31	0.86	-40.0946
0.31	0.88	-39.6356
0.31	0.9	-36.3657
0.31	0.92	-30.0426
0.31	0.94	-21.12
0.31	0.96	-11.2257
0.31	0.98	-3.21614
0.31	1	0

0.33	0	0
0.33	0.02	-0.345312
0.33	0.04	-1.12809
0.33	0.06	-2.09638
0.33	0.08	-3.0286
0.33	0.1	-3.76044
0.33	0.12	-4.19757
0.33	0.14	-4.31171
0.33	0.16	-4.12497
0.33	0.18	-3.69092
0.33	0.2	-3.07862
0.33	0.22	-2.36169
0.33	0.24	-1.61147
0.33	0.26	-0.892027
0.33	0.28	-0.255961
0.33	0.3	0.259162
0.33	0.32	0.633
0.33	0.34	0.86286
0.33	0.36	0.962284
0.33	0.38	0.958136
0.33	0.4	0.886631
0.33	0.42	0.788725
0.33	0.44	0.705067
0.33	0.46	0.670674
0.33	0.48	0.709433
0.33	0.5	0.828708
0.33	0.52	1.01453
0.33	0.54	1.22811
0.33	0.56	1.40443
0.33	0.58	1.45373
0.33	0.6	1.26615
0.33	0.62	0.719705
0.33	0.64	-0.308798
0.33	0.66	-1.93043
0.33	0.68	-4.22921
0.33	0.7	-7.24662
0.33	0.72	-10.9666
0.33	0.74	-15.3022
0.33	0.76	-20.0854
0.33	0.78	-25.0583
0.33	0.8	-29.8664
0.33	0.82	-34.0563
0.33	0.84	-37.0835
0.33	0.86	-38.3461
0.33	0.88	-37.262
0.33	0.9	-33.4164
0.33	0.92	-26.8041
0.33	0.94	-18.1672
0.33	0.96	-9.25613
0.33	0.98	-2.52734
0.33	1	0

0.35	0	0
0.35	0.02	-0.379082
0.35	0.04	-1.21933
0.35	0.06	-2.24229
0.35	0.08	-3.21523
0.35	0.1	-3.97488
0.35	0.12	-4.43545
0.35	0.14	-4.57885
0.35	0.16	-4.43417
0.35	0.18	-4.05576
0.35	0.2	-3.50713
0.35	0.22	-2.8521
0.35	0.24	-2.15119
0.35	0.26	-1.45968
0.35	0.28	-0.825342
0.35	0.3	-0.28557
0.35	0.32	0.135393
0.35	0.34	0.428149
0.35	0.36	0.598282
0.35	0.38	0.664953
0.35	0.4	0.658183
0.35	0.42	0.615135
0.35	0.44	0.575577
0.35	0.46	0.576661
0.35	0.48	0.647126
0.35	0.5	0.80117
0.35	0.52	1.03249
0.35	0.54	1.30926
0.35	0.56	1.57109
0.35	0.58	1.72895
0.35	0.6	1.669
0.35	0.62	1.26063
0.35	0.64	0.368744
0.35	0.66	-1.13031
0.35	0.68	-3.33021
0.35	0.7	-6.27504
0.35	0.72	-9.9408
0.35	0.74	-14.2206
0.35	0.76	-18.9156
0.35	0.78	-23.7317
0.35	0.8	-28.2815
0.35	0.82	-32.0924
0.35	0.84	-34.6267
0.35	0.86	-35.3286
0.35	0.88	-33.7164
0.35	0.9	-29.5417
0.35	0.92	-23.0189
0.35	0.94	-15.0733
0.35	0.96	-7.39202
0.35	0.98	-1.93216
0.35	1	0

0.37	0	0
0.37	0.02	-0.40904
0.37	0.04	-1.29244
0.37	0.06	-2.34494
0.37	0.08	-3.32519
0.37	0.1	-4.07569
0.37	0.12	-4.52484
0.37	0.14	-4.67037
0.37	0.16	-4.55251
0.37	0.18	-4.2285
0.37	0.2	-3.75596
0.37	0.22	-3.18655
0.37	0.24	-2.56615
0.37	0.26	-1.93687
0.37	0.28	-1.33757
0.37	0.3	-0.802273
0.37	0.32	-0.357125
0.37	0.34	-0.0175295
0.37	0.36	0.213711
0.37	0.38	0.346718
0.37	0.4	0.403327
0.37	0.42	0.414514
0.37	0.44	0.416598
0.37	0.46	0.446387
0.37	0.48	0.535377
0.37	0.5	0.703289
0.37	0.52	0.951387
0.37	0.54	1.25639
0.37	0.56	1.56599
0.37	0.58	1.79731
0.37	0.6	1.83936
0.37	0.62	1.5604
0.37	0.64	0.820542
0.37	0.66	-0.51083
0.37	0.68	-2.53383
0.37	0.7	-5.29519
0.37	0.72	-8.76676
0.37	0.74	-12.8292
0.37	0.76	-17.2642
0.37	0.78	-21.7559
0.37	0.8	-25.9012
0.37	0.82	-29.2284
0.37	0.84	-31.2297
0.37	0.86	-31.4197
0.37	0.88	-29.4365
0.37	0.9	-25.1962
0.37	0.92	-19.0839
0.37	0.94	-12.0947
0.37	0.96	-5.72375
0.37	0.98	-1.43313
0.37	1	0

0.39	0	0
0.39	0.02	-0.43054
0.39	0.04	-1.33294
0.39	0.06	-2.37772
0.39	0.08	-3.31938
0.39	0.1	-4.01223
0.39	0.12	-4.40573
0.39	0.14	-4.51967
0.39	0.16	-4.41004
0.39	0.18	-4.13901
0.39	0.2	-3.7578
0.39	0.22	-3.30302
0.39	0.24	-2.80145
0.39	0.26	-2.2769
0.39	0.28	-1.75446
0.39	0.3	-1.26083
0.39	0.32	-0.82152
0.39	0.34	-0.456777
0.39	0.36	-0.177936
0.39	0.38	0.0149416
0.39	0.4	0.133671
0.39	0.42	0.200794
0.39	0.44	0.246769
0.39	0.46	0.30568
0.39	0.48	0.409666
0.39	0.5	0.58236
0.39	0.52	0.831821
0.39	0.54	1.1437
0.39	0.56	1.4757
0.39	0.58	1.75464
0.39	0.6	1.87748
0.39	0.62	1.71754
0.39	0.64	1.13657
0.39	0.66	0.00269164
0.39	0.68	-1.78695
0.39	0.7	-4.28108
0.39	0.72	-7.45075
0.39	0.74	-11.172
0.39	0.76	-15.2187
0.39	0.78	-19.2685
0.39	0.8	-22.9198
0.39	0.82	-25.7202
0.39	0.84	-27.2101
0.39	0.86	-26.9887
0.39	0.88	-24.8163
0.39	0.9	-20.7501
0.39	0.92	-15.282
0.39	0.94	-9.38011
0.39	0.96	-4.28338
0.39	0.98	-1.02234
0.39	1	0

0.41	0	0
0.41	0.02	-0.439359
0.41	0.04	-1.32739
0.41	0.06	-2.31538
0.41	0.08	-3.15992
0.41	0.1	-3.73473
0.41	0.12	-4.01841
0.41	0.14	-4.06003
0.41	0.16	-3.93625
0.41	0.18	-3.71621
0.41	0.2	-3.44382
0.41	0.22	-3.13728
0.41	0.24	-2.79929
0.41	0.26	-2.42966
0.41	0.28	-2.03418
0.41	0.3	-1.6277
0.41	0.32	-1.23193
0.41	0.34	-0.870422
0.41	0.36	-0.562864
0.41	0.38	-0.320459
0.41	0.4	-0.143118
0.41	0.42	-0.0188679
0.41	0.44	0.0745824
0.41	0.46	0.166315
0.41	0.48	0.287013
0.41	0.5	0.462476
0.41	0.52	0.70637
0.41	0.54	1.01293
0.41	0.56	1.35063
0.41	0.58	1.65811
0.41	0.6	1.84388
0.41	0.62	1.79112
0.41	0.64	1.36871
0.41	0.66	0.448676
0.41	0.68	-1.07087
0.41	0.7	-3.23981
0.41	0.72	-6.03142
0.41	0.74	-9.32439
0.41	0.76	-12.8966
0.41	0.78	-16.4333
0.41	0.8	-19.5503
0.41	0.82	-21.8297
0.41	0.84	-22.8715
0.41	0.86	-22.3635
0.41	0.88	-20.1763
0.41	0.9	-16.4725
0.41	0.92	-11.7879
0.41	0.94	-6.99605
0.41	0.96	-3.06826
0.41	0.98	-0.687698
0.41	1	0

0.43	0	0
0.43	0.02	-0.431751
0.43	0.04	-1.26346
0.43	0.06	-2.13411
0.43	0.08	-2.81041
0.43	0.1	-3.1949
0.43	0.12	-3.30499
0.43	0.14	-3.22713
0.43	0.16	-3.06373
0.43	0.18	-2.89249
0.43	0.2	-2.74852
0.43	0.22	-2.6278
0.43	0.24	-2.50358
0.43	0.26	-2.34559
0.43	0.28	-2.13442
0.43	0.3	-1.86805
0.43	0.32	-1.56087
0.43	0.34	-1.23775
0.43	0.36	-0.926281
0.43	0.38	-0.649553
0.43	0.4	-0.420767
0.43	0.42	-0.240558
0.43	0.44	-0.0970237
0.43	0.46	0.0317063
0.43	0.48	0.172798
0.43	0.5	0.35242
0.43	0.52	0.588445
0.43	0.54	0.88287
0.43	0.56	1.21494
0.43	0.58	1.53622
0.43	0.6	1.76907
0.43	0.62	1.81005
0.43	0.64	1.53949
0.43	0.66	0.837665
0.43	0.68	-0.3931
0.43	0.7	-2.20297
0.43	0.72	-4.57002
0.43	0.74	-7.38218
0.43	0.76	-10.4313
0.43	0.78	-13.4233
0.43	0.8	-16.004
0.43	0.82	-17.8011
0.43	0.84	-18.479
0.43	0.86	-17.8091
0.43	0.88	-15.752
0.43	0.9	-12.5361
0.43	0.92	-8.68932
0.43	0.94	-4.95531
0.43	0.96	-2.05856
0.43	0.98	-0.41655
0.43	1	0

0.45	0	0
0.45	0.02	-0.404454
0.45	0.04	-1.12983
0.45	0.06	-1.81138
0.45	0.08	-2.23594
0.45	0.1	-2.34652
0.45	0.12	-2.21093
0.45	0.14	-1.96187
0.45	0.16	-1.73219
0.45	0.18	-1.60876
0.45	0.2	-1.61546
0.45	0.22	-1.72164
0.45	0.24	-1.86551
0.45	0.26	-1.98061
0.45	0.28	-2.01639
0.45	0.3	-1.94889
0.45	0.32	-1.78134
0.45	0.34	-1.53768
0.45	0.36	-1.2527
0.45	0.38	-0.961841
0.45	0.4	-0.692992
0.45	0.42	-0.461295
0.45	0.44	-0.267364
0.45	0.46	-0.0986751
0.45	0.48	0.0664069
0.45	0.5	0.252615
0.45	0.52	0.480512
0.45	0.54	0.758761
0.45	0.56	1.07688
0.45	0.58	1.39966
0.45	0.6	1.66461
0.45	0.62	1.78402
0.45	0.64	1.65278
0.45	0.66	1.16276
0.45	0.68	0.223109
0.45	0.7	-1.21579
0.45	0.72	-3.13872
0.45	0.74	-5.44802
0.45	0.76	-7.95782
0.45	0.78	-10.4043
0.45	0.8	-12.4734
0.45	0.82	-13.8444
0.45	0.84	-14.2459
0.45	0.86	-13.5217
0.45	0.88	-11.6982
0.45	0.9	-9.03421
0.45	0.92	-6.01417
0.45	0.94	-3.24085
0.45	0.96	-1.22862
0.45	0.98	-0.197626
0.45	1	0

0.47	0	0
0.47	0.02	-0.354609
0.47	0.04	-0.915871
0.47	0.06	-1.32538
0.47	0.08	-1.40259
0.47	0.1	-1.14563
0.47	0.12	-0.686439
0.47	0.14	-0.21326
0.47	0.16	0.107176
0.47	0.18	0.180016
0.47	0.2	-0.00346022
0.47	0.22	-0.380839
0.47	0.24	-0.849688
0.47	0.26	-1.30164
0.47	0.28	-1.6496
0.47	0.3	-1.84281
0.47	0.32	-1.86964
0.47	0.34	-1.75075
0.47	0.36	-1.52707
0.47	0.38	-1.24666
0.47	0.4	-0.953188
0.47	0.42	-0.677992
0.47	0.44	-0.436169
0.47	0.46	-0.226564
0.47	0.48	-0.0350163
0.47	0.5	0.159982
0.47	0.52	0.380118
0.47	0.54	0.639446
0.47	0.56	0.9369
0.47	0.58	1.25021
0.47	0.6	1.53253
0.47	0.62	1.71314
0.47	0.64	1.70348
0.47	0.66	1.40935
0.47	0.68	0.748694
0.47	0.7	-0.326694
0.47	0.72	-1.8094
0.47	0.74	-3.61967
0.47	0.76	-5.59959
0.47	0.78	-7.52264
0.47	0.8	-9.12076
0.47	0.82	-10.1271
0.47	0.84	-10.3302
0.47	0.86	-9.63265
0.47	0.88	-8.10352
0.47	0.9	-6.00371
0.47	0.92	-3.75412
0.47	0.94	-1.82267
0.47	0.96	-0.553231
0.47	0.98	-0.0217841
0.47	1	0

0.49	0	0
0.49	0.02	-0.279546
0.49	0.04	-0.610992
0.49	0.06	-0.654019
0.49	0.08	-0.276609
0.49	0.1	0.449384
0.49	0.12	1.31186
0.49	0.14	2.05823
0.49	0.16	2.48684
0.49	0.18	2.49894
0.49	0.2	2.10698
0.49	0.22	1.41109
0.49	0.24	0.559676
0.49	0.26	-0.292259
0.49	0.28	-1.01662
0.49	0.3	-1.53197
0.49	0.32	-1.80853
0.49	0.34	-1.86139
0.49	0.36	-1.73646
0.49	0.38	-1.49425
0.49	0.4	-1.19495
0.49	0.42	-0.887442
0.49	0.44	-0.603006
0.49	0.46	-0.353693
0.49	0.48	-0.13465
0.49	0.5	0.0706689
0.49	0.52	0.283479
0.49	0.54	0.521831
0.49	0.56	0.792946
0.49	0.58	1.08676
0.49	0.6	1.37183
0.49	0.62	1.5948
0.49	0.64	1.6847
0.49	0.66	1.56263
0.49	0.68	1.15678
0.49	0.7	0.421238
0.49	0.72	-0.644574
0.49	0.74	-1.98051
0.49	0.76	-3.45968
0.49	0.78	-4.8966
0.49	0.8	-6.07186
0.49	0.82	-6.77187
0.49	0.84	-6.83847
0.49	0.86	-6.21948
0.49	0.88	-5.00707
0.49	0.9	-3.44501
0.49	0.92	-1.88266
0.49	0.94	-0.667904
0.49	0.96	-0.0104888
0.49	0.98	0.117931
0.49	1	0

0.51	0	0
0.51	0.02	-0.176417
0.51	0.04	-0.203612
0.51	0.06	0.226472
0.51	0.08	1.17649
0.51	0.1	2.47726
0.51	0.12	3.81852
0.51	0.14	4.87644
0.51	0.16	5.41749
0.51	0.18	5.3471
0.51	0.2	4.70745
0.51	0.22	3.64316
0.51	0.24	2.35319
0.51	0.26	1.04244
0.51	0.28	-0.117366
0.51	0.3	-1.0116
0.51	0.32	-1.59003
0.51	0.34	-1.86021
0.51	0.36	-1.87173
0.51	0.38	-1.697
0.51	0.4	-1.41297
0.51	0.42	-1.0869
0.51	0.44	-0.76753
0.51	0.46	-0.481673
0.51	0.48	-0.235443
0.51	0.5	-0.0189141
0.51	0.52	0.187062
0.51	0.54	0.403035
0.51	0.56	0.643171
0.51	0.58	0.908494
0.51	0.6	1.18216
0.51	0.62	1.42787
0.51	0.64	1.59234
0.51	0.66	1.61261
0.51	0.68	1.42808
0.51	0.7	0.996119
0.51	0.72	0.308809
0.51	0.74	-0.59327
0.51	0.76	-1.61491
0.51	0.78	-2.61247
0.51	0.8	-3.41502
0.51	0.82	-3.85938
0.51	0.84	-3.83347
0.51	0.86	-3.31832
0.51	0.88	-2.41468
0.51	0.9	-1.33789
0.51	0.92	-0.366283
0.51	0.94	0.254224
0.51	0.96	0.417439
0.51	0.98	0.226612
0.51	1	0

0.53	0	0
0.53	0.02	-0.0417054
0.53	0.04	0.320038
0.53	0.06	1.34287
0.53	0.08	2.99219
0.53	0.1	4.97194
0.53	0.12	6.85496
0.53	0.14	8.24359
0.53	0.16	8.88146
0.53	0.18	8.69121
0.53	0.2	7.75595
0.53	0.22	6.27196
0.53	0.24	4.49216
0.53	0.26	2.67233
0.53	0.28	1.02807
0.53	0.3	-0.292347
0.53	0.32	-1.21729
0.53	0.34	-1.74545
0.53	0.36	-1.92875
0.53	0.38	-1.85049
0.53	0.4	-1.60389
0.53	0.42	-1.27476
0.53	0.44	-0.930026
0.53	0.46	-0.61239
0.53	0.48	-0.340337
0.53	0.5	-0.112095
0.53	0.52	0.087837
0.53	0.54	0.28094
0.53	0.56	0.486804
0.53	0.58	0.716119
0.53	0.6	0.965416
0.53	0.62	1.21447
0.53	0.64	1.42718
0.53	0.66	1.55654
0.53	0.68	1.55368
0.53	0.7	1.38033
0.53	0.72	1.02257
0.53	0.74	0.502906
0.53	0.76	-0.113683
0.53	0.78	-0.723797
0.53	0.8	-1.2026
0.53	0.82	-1.43304
0.53	0.84	-1.34222
0.53	0.86	-0.93483
0.53	0.88	-0.31058
0.53	0.9	0.348544
0.53	0.92	0.829609
0.53	0.94	0.970789
0.53	0.96	0.74481
0.53	0.98	0.307992
0.53	1	0

0.55	0	0
0.55	0.02	0.129346
0.55	0.04	0.977102
0.55	0.06	2.72564
0.55	0.08	5.20539
0.55	0.1	7.95773
0.55	0.12	10.4221
0.55	0.14	12.1319
0.55	0.16	12.8249
0.55	0.18	12.4592
0.55	0.2	11.1722
0.55	0.22	9.21863
0.55	0.24	6.90664
0.55	0.26	4.54111
0.55	0.28	2.37874
0.55	0.3	0.599357
0.55	0.32	-0.70481
0.55	0.34	-1.5231
0.55	0.36	-1.90844
0.55	0.38	-1.95345
0.55	0.4	-1.76632
0.55	0.42	-1.45069
0.55	0.44	-1.09161
0.55	0.46	-0.748274
0.55	0.48	-0.452587
0.55	0.5	-0.212289
0.55	0.52	-0.0170561
0.55	0.54	0.153903
0.55	0.56	0.323942
0.55	0.58	0.511758
0.55	0.6	0.725669
0.55	0.62	0.960142
0.55	0.64	1.19522
0.55	0.66	1.39931
0.55	0.68	1.53554
0.55	0.7	1.571
0.55	0.72	1.48767
0.55	0.74	1.29249
0.55	0.76	1.02329
0.55	0.78	0.746653
0.55	0.8	0.545364
0.55	0.82	0.495277
0.55	0.84	0.636405
0.55	0.86	0.947262
0.55	0.88	1.33464
0.55	0.9	1.65024
0.55	0.92	1.73851
0.55	0.94	1.50546
0.55	0.96	0.983324
0.55	0.98	0.364974
0.55	1	0

0.57	0	0
0.57	0.02	0.3433
0.57	0.04	1.78883
0.57	0.06	4.40791
0.57	0.08	7.84534
0.57	0.1	11.44
0.57	0.12	14.4886
0.57	0.14	16.4723
0.57	0.16	17.1489
0.57	0.18	16.5345
0.57	0.2	14.8349
0.57	0.22	12.3683
0.57	0.24	9.49649
0.57	0.26	6.5682
0.57	0.28	3.8751
0.57	0.3	1.62359
0.57	0.32	-0.0762235
0.57	0.34	-1.20481
0.57	0.36	-1.81486
0.57	0.38	-2.0061
0.57	0.4	-1.89941
0.57	0.42	-1.61442
0.57	0.44	-1.25334
0.57	0.46	-0.891732
0.57	0.48	-0.575493
0.57	0.5	-0.322993
0.57	0.52	-0.130527
0.57	0.54	0.0203577
0.57	0.56	0.155009
0.57	0.58	0.298294
0.57	0.6	0.468485
0.57	0.62	0.673024
0.57	0.64	0.906665
0.57	0.66	1.15239
0.57	0.68	1.38519
0.57	0.7	1.57851
0.57	0.72	1.71232
0.57	0.74	1.78125
0.57	0.76	1.80002
0.57	0.78	1.80311
0.57	0.8	1.8363
0.57	0.82	1.93956
0.57	0.84	2.12535
0.57	0.86	2.36007
0.57	0.88	2.55928
0.57	0.9	2.60583
0.57	0.92	2.39269
0.57	0.94	1.87969
0.57	0.96	1.14328
0.57	0.98	0.400114
0.57	1	0

0.59	0	0
0.59	0.02	0.608943
0.59	0.04	2.78016
0.59	0.06	6.42115
0.59	0.08	10.9252
0.59	0.1	15.39
0.59	0.12	18.9751
0.59	0.14	21.1412
0.59	0.16	21.7006
0.59	0.18	20.7521
0.59	0.2	18.5817
0.59	0.22	15.573
0.59	0.24	12.136
0.59	0.26	8.65413
0.59	0.28	5.44446
0.59	0.3	2.73221
0.59	0.32	0.640647
0.59	0.34	-0.803327
0.59	0.36	-1.65092
0.59	0.38	-2.00615
0.59	0.4	-1.99914
0.59	0.42	-1.76251
0.59	0.44	-1.4135
0.59	0.46	-1.04296
0.59	0.48	-0.710788
0.59	0.5	-0.446725
0.59	0.52	-0.254981
0.59	0.54	-0.121073
0.59	0.56	-0.0195037
0.59	0.58	0.0787918
0.59	0.6	0.200022
0.59	0.62	0.362658
0.59	0.64	0.574487
0.59	0.66	0.831883
0.59	0.68	1.1214
0.59	0.7	1.42362
0.59	0.72	1.71864
0.59	0.74	1.99226
0.59	0.76	2.24071
0.59	0.78	2.47176
0.59	0.8	2.69972
0.59	0.82	2.93404
0.59	0.84	3.16416
0.59	0.86	3.3473
0.59	0.88	3.40789
0.59	0.9	3.25586
0.59	0.92	2.82398
0.59	0.94	2.11401
0.59	0.96	1.23458
0.59	0.98	0.416
0.59	1	0

0.61	0	0
0.61	0.02	0.937325
0.61	0.04	3.97727
0.61	0.06	8.78579
0.61	0.08	14.4245
0.61	0.1	19.7236
0.61	0.12	23.7351
0.61	0.14	25.9476
0.61	0.16	26.2674
0.61	0.18	24.8982
0.61	0.2	22.2138
0.61	0.22	18.6592
0.61	0.24	14.6827
0.61	0.26	10.6896
0.61	0.28	7.00978
0.61	0.3	3.87715
0.61	0.32	1.42157
0.61	0.34	-0.325012
0.61	0.36	-1.41122
0.61	0.38	-1.94187
0.61	0.4	-2.05185
0.61	0.42	-1.88236
0.61	0.44	-1.56223
0.61	0.46	-1.19544
0.61	0.48	-0.855014
0.61	0.5	-0.582281
0.61	0.52	-0.390384
0.61	0.54	-0.270363
0.61	0.56	-0.198461
0.61	0.58	-0.143493
0.61	0.6	-0.0734755
0.61	0.62	0.0389809
0.61	0.64	0.212823
0.61	0.66	0.45644
0.61	0.68	0.767384
0.61	0.7	1.13395
0.61	0.72	1.53836
0.61	0.74	1.96101
0.61	0.76	2.38438
0.61	0.78	2.79502
0.61	0.8	3.1815
0.61	0.82	3.5279
0.61	0.84	3.80449
0.61	0.86	3.96107
0.61	0.88	3.92976
0.61	0.9	3.64281
0.61	0.92	3.06469
0.61	0.94	2.22922
0.61	0.96	1.26754
0.61	0.98	0.415513
0.61	1	0

0.63	0	0
0.63	0.02	1.34111
0.63	0.04	5.40158
0.63	0.06	11.4948
0.63	0.08	18.2649
0.63	0.1	24.2777
0.63	0.12	28.5385
0.63	0.14	30.6257
0.63	0.16	30.5778
0.63	0.18	28.718
0.63	0.2	25.5064
0.63	0.22	21.4395
0.63	0.24	16.9894
0.63	0.26	12.5673
0.63	0.28	8.50096
0.63	0.3	5.02087
0.63	0.32	2.25589
0.63	0.34	0.239807
0.63	0.36	-1.07245
0.63	0.38	-1.7826
0.63	0.4	-2.02483
0.63	0.42	-1.94327
0.63	0.44	-1.67338
0.63	0.46	-1.32875
0.63	0.48	-0.993453
0.63	0.5	-0.719832
0.63	0.52	-0.530493
0.63	0.54	-0.423351
0.63	0.56	-0.378263
0.63	0.58	-0.364097
0.63	0.6	-0.34539
0.63	0.62	-0.288092
0.63	0.64	-0.164131
0.63	0.66	0.0453425
0.63	0.68	0.348103
0.63	0.7	0.740489
0.63	0.72	1.20854
0.63	0.74	1.73038
0.63	0.76	2.27923
0.63	0.78	2.82573
0.63	0.8	3.33824
0.63	0.82	3.78022
0.63	0.84	4.1061
0.63	0.86	4.25925
0.63	0.88	4.17766
0.63	0.9	3.81106
0.63	0.92	3.14835
0.63	0.94	2.24712
0.63	0.96	1.25329
0.63	0.98	0.401957
0.63	1	0

0.65	0	0
0.65	0.02	1.83277
0.65	0.04	7.05881
0.65	0.06	14.4893
0.65	0.08	22.2811
0.65	0.1	28.7887
0.65	0.12	33.0631
0.65	0.14	34.8383
0.65	0.16	34.3126
0.65	0.18	31.9301
0.65	0.2	28.2255
0.65	0.22	23.7297
0.65	0.24	18.9201
0.65	0.26	14.196
0.65	0.28	9.86709
0.65	0.3	6.14772
0.65	0.32	3.15719
0.65	0.34	0.927386
0.65	0.36	-0.582693
0.65	0.38	-1.46777
0.65	0.4	-1.85534
0.65	0.42	-1.88562
0.65	0.44	-1.69426
0.65	0.46	-1.39917
0.65	0.48	-1.0919
0.65	0.5	-0.833978
0.65	0.52	-0.657204
0.65	0.54	-0.567318
0.65	0.56	-0.549553
0.65	0.58	-0.57507
0.65	0.6	-0.607372
0.65	0.62	-0.608179
0.65	0.64	-0.542487
0.65	0.66	-0.38272
0.65	0.68	-0.111871
0.65	0.7	0.274491
0.65	0.72	0.767528
0.65	0.74	1.34584
0.65	0.76	1.97734
0.65	0.78	2.62164
0.65	0.8	3.23188
0.65	0.82	3.75528
0.65	0.84	4.13318
0.65	0.86	4.30308
0.65	0.88	4.20673
0.65	0.9	3.80671
0.65	0.92	3.10997
0.65	0.94	2.19091
0.65	0.96	1.20404
0.65	0.98	0.379108
0.65	1	0

0.67	0	0
0.67	0.02	2.42093
0.67	0.04	8.92142
0.67	0.06	17.6292
0.67	0.08	26.1963
0.67	0.1	32.8841
0.67	0.12	36.9026
0.67	0.14	38.1958
0.67	0.16	37.1289
0.67	0.18	34.2514
0.67	0.2	30.1498
0.67	0.22	25.3669
0.67	0.24	20.3649
0.67	0.26	15.5131
0.67	0.28	11.0873
0.67	0.3	7.27319
0.67	0.32	4.17191
0.67	0.34	1.80899
0.67	0.36	0.147201
0.67	0.38	-0.897888
0.67	0.4	-1.44108
0.67	0.42	-1.6111
0.67	0.44	-1.53583
0.67	0.46	-1.33026
0.67	0.48	-1.0879
0.67	0.5	-0.875875
0.67	0.52	-0.733747
0.67	0.54	-0.67531
0.67	0.56	-0.692657
0.67	0.58	-0.761484
0.67	0.6	-0.846862
0.67	0.62	-0.908908
0.67	0.64	-0.908088
0.67	0.66	-0.810023
0.67	0.68	-0.589687
0.67	0.7	-0.23481
0.67	0.72	0.251816
0.67	0.74	0.851448
0.67	0.76	1.53009
0.67	0.78	2.24051
0.67	0.8	2.925
0.67	0.82	3.51831
0.67	0.84	3.95098
0.67	0.86	4.15485
0.67	0.88	4.07322
0.67	0.9	3.6772
0.67	0.92	2.98609
0.67	0.94	2.08529
0.67	0.96	1.13314
0.67	0.98	0.351197
0.67	1	0

0.69	0	0
0.69	0.02	3.1042
0.69	0.04	10.9046
0.69	0.06	20.6644
0.69	0.08	29.6123
0.69	0.1	36.0962
0.69	0.12	39.5958
0.69	0.14	40.2906
0.69	0.16	38.6928
0.69	0.18	35.4243
0.69	0.2	31.0925
0.69	0.22	26.2263
0.69	0.24	21.2522
0.69	0.26	16.4927
0.69	0.28	12.1759
0.69	0.3	8.44727
0.69	0.32	5.38132
0.69	0.34	2.99208
0.69	0.36	1.24457
0.69	0.38	0.0666815
0.69	0.4	-0.638355
0.69	0.42	-0.979893
0.69	0.44	-1.0688
0.69	0.46	-1.00802
0.69	0.48	-0.885155
0.69	0.5	-0.767399
0.69	0.52	-0.698921
0.69	0.54	-0.700756
0.69	0.56	-0.772801
0.69	0.58	-0.897394
0.69	0.6	-1.04387
0.69	0.62	-1.17357
0.69	0.64	-1.24505
0.69	0.66	-1.21928
0.69	0.68	-1.06464
0.69	0.7	-0.76157
0.69	0.72	-0.306284
0.69	0.74	0.28679
0.69	0.76	0.984445
0.69	0.78	1.73607
0.69	0.8	2.47676
0.69	0.82	3.13187
0.69	0.84	3.62291
0.69	0.86	3.87587
0.69	0.88	3.83333
0.69	0.9	3.47077
0.69	0.92	2.81472
0.69	0.94	1.9566
0.69	0.96	1.05511
0.69	0.98	0.322929
0.69	1	0

0.71	0	0
0.71	0.02	3.86139
0.71	0.04	12.8393
0.71	0.06	23.221
0.71	0.08	32.0256
0.71	0.1	37.9007
0.71	0.12	40.6721
0.71	0.14	40.7385
0.71	0.16	38.7118
0.71	0.18	35.2399
0.71	0.2	30.9153
0.71	0.22	26.228
0.71	0.24	21.5502
0.71	0.26	17.1434
0.71	0.28	13.1765
0.71	0.3	9.74527
0.71	0.32	6.88956
0.71	0.34	4.6061
0.71	0.36	2.85912
0.71	0.38	1.58933
0.71	0.4	0.722268
0.71	0.42	0.1756
0.71	0.44	-0.134584
0.71	0.46	-0.288505
0.71	0.48	-0.358092
0.71	0.5	-0.402892
0.71	0.52	-0.466752
0.71	0.54	-0.575733
0.71	0.56	-0.737617
0.71	0.58	-0.943078
0.71	0.6	-1.16832
0.71	0.62	-1.37884
0.71	0.64	-1.53406
0.71	0.66	-1.59262
0.71	0.68	-1.51793
0.71	0.7	-1.2839
0.71	0.72	-0.880013
0.71	0.74	-0.315196
0.71	0.76	0.38021
0.71	0.78	1.15492
0.71	0.8	1.93971
0.71	0.82	2.65287
0.71	0.84	3.20804
0.71	0.86	3.52473
0.71	0.88	3.54221
0.71	0.9	3.23619
0.71	0.92	2.63545
0.71	0.94	1.83308
0.71	0.96	0.985966
0.71	0.98	0.299585
0.71	1	0

0.73	0	0
0.73	0.02	4.63741
0.73	0.04	14.4524
0.73	0.06	24.8147
0.73	0.08	32.8743
0.73	0.1	37.7731
0.73	0.12	39.7001
0.73	0.14	39.2123
0.73	0.16	36.9524
0.73	0.18	33.5423
0.73	0.2	29.5245
0.73	0.22	25.3262
0.73	0.24	21.2503
0.73	0.26	17.4864
0.73	0.28	14.1357
0.73	0.3	11.2365
0.73	0.32	8.78709
0.73	0.34	6.7609
0.73	0.36	5.11754
0.73	0.38	3.81
0.73	0.4	2.78938
0.73	0.42	2.00731
0.73	0.44	1.41652
0.73	0.46	0.970426
0.73	0.48	0.623437
0.73	0.5	0.332629
0.73	0.52	0.0609488
0.73	0.54	-0.219026
0.73	0.56	-0.52186
0.73	0.58	-0.847438
0.73	0.6	-1.18097
0.73	0.62	-1.49482
0.73	0.64	-1.75203
0.73	0.66	-1.9112
0.73	0.68	-1.9325
0.73	0.7	-1.78419
0.73	0.72	-1.44903
0.73	0.74	-0.929641
0.73	0.76	-0.251925
0.73	0.78	0.534202
0.73	0.8	1.35731
0.73	0.82	2.13025
0.73	0.84	2.75919
0.73	0.86	3.15594
0.73	0.88	3.25338
0.73	0.9	3.02279
0.73	0.92	2.49004
0.73	0.94	1.74572
0.73	0.96	0.943902
0.73	0.98	0.287354
0.73	1	0

0.75	0	0
0.75	0.02	5.3257
0.75	0.04	15.3674
0.75	0.06	24.8991
0.75	0.08	31.6052
0.75	0.1	35.2459
0.75	0.12	36.3198
0.75	0.14	35.4476
0.75	0.16	33.2272
0.75	0.18	30.2033
0.75	0.2	26.8356
0.75	0.22	23.4681
0.75	0.24	20.3207
0.75	0.26	17.5032
0.75	0.28	15.0429
0.75	0.3	12.9159
0.75	0.32	11.0737
0.75	0.34	9.46185
0.75	0.36	8.03278
0.75	0.38	6.75168
0.75	0.4	5.59825
0.75	0.42	4.56387
0.75	0.44	3.6457
0.75	0.46	2.83979
0.75	0.48	2.13604
0.75	0.5	1.51659
0.75	0.52	0.957975
0.75	0.54	0.436109
0.75	0.56	-0.0679319
0.75	0.58	-0.562838
0.75	0.6	-1.04391
0.75	0.62	-1.49235
0.75	0.64	-1.87702
0.75	0.66	-2.15855
0.75	0.68	-2.29534
0.75	0.7	-2.25078
0.75	0.72	-2.00088
0.75	0.74	-1.54124
0.75	0.76	-0.892075
0.75	0.78	-0.10031
0.75	0.8	0.761943
0.75	0.82	1.603
0.75	0.84	2.32131
0.75	0.86	2.81897
0.75	0.88	3.01848
0.75	0.9	2.88114
0.75	0.92	2.42387
0.75	0.94	1.7301
0.75	0.96	0.950891
0.75	0.98	0.294087
0.75	1	0

0.77	0	0
0.77	0.02	5.75379
0.77	0.04	15.1402
0.77	0.06	22.9409
0.77	0.08	27.7428
0.77	0.1	29.9424
0.77	0.12	30.2384
0.77	0.14	29.2107
0.77	0.16	27.3421
0.77	0.18	25.0559
0.77	0.2	22.6984
0.77	0.22	20.5093
0.77	0.24	18.613
0.77	0.26	17.0321
0.77	0.28	15.7167
0.77	0.3	14.5787
0.77	0.32	13.5219
0.77	0.34	12.4645
0.77	0.36	11.353
0.77	0.38	10.1679
0.77	0.4	8.92122
0.77	0.42	7.64788
0.77	0.44	6.39325
0.77	0.46	5.19997
0.77	0.48	4.09781
0.77	0.5	3.09886
0.77	0.52	2.19833
0.77	0.54	1.38002
0.77	0.56	0.624092
0.77	0.58	-0.0849159
0.77	0.6	-0.751792
0.77	0.62	-1.36705
0.77	0.64	-1.90651
0.77	0.66	-2.33404
0.77	0.68	-2.60717
0.77	0.7	-2.68475
0.77	0.72	-2.53574
0.77	0.74	-2.14775
0.77	0.76	-1.53388
0.77	0.78	-0.736559
0.77	0.8	0.172721
0.77	0.82	1.09827
0.77	0.84	1.92994
0.77	0.86	2.55727
0.77	0.88	2.88734
0.77	0.9	2.86438
0.77	0.92	2.48842
0.77	0.94	1.82959
0.77	0.96	1.03563
0.77	0.98	0.330781
0.77	1	0

0.79	0	0
0.79	0.02	5.68788
0.79	0.04	13.3319
0.79	0.06	18.5074
0.79	0.08	20.941
0.79	0.1	21.5804
0.79	0.12	21.1928
0.79	0.14	20.2295
0.79	0.16	19.0061
0.79	0.18	17.7864
0.79	0.2	16.7715
0.79	0.22	16.0732
0.79	0.24	15.7049
0.79	0.26	15.5951
0.79	0.28	15.6163
0.79	0.3	15.6195
0.79	0.32	15.4677
0.79	0.34	15.0602
0.79	0.36	14.3471
0.79	0.38	13.3318
0.79	0.4	12.0629
0.79	0.42	10.6196
0.79	0.44	9.09244
0.79	0.46	7.56631
0.79	0.48	6.10716
0.79	0.5	4.75531
0.79	0.52	3.52535
0.79	0.54	2.41164
0.79	0.56	1.39702
0.79	0.58	0.462747
0.79	0.6	-0.402789
0.79	0.62	-1.19785
0.79	0.64	-1.90457
0.79	0.66	-2.49001
0.79	0.68	-2.91084
0.79	0.7	-3.12104
0.79	0.72	-3.08157
0.79	0.74	-2.77051
0.79	0.76	-2.19188
0.79	0.78	-1.38147
0.79	0.8	-0.408485
0.79	0.82	0.628132
0.79	0.84	1.60866
0.79	0.86	2.40676
0.79	0.88	2.9078
0.79	0.9	3.02979
0.79	0.92	2.74498
0.79	0.94	2.10058
0.79	0.96	1.23866
0.79	0.98	0.414411
0.79	1	0

0.81	0	0
0.81	0.02	4.87426
0.81	0.04	9.60883
0.81	0.06	11.3498
0.81	0.08	11.0168
0.81	0.1	9.95809
0.81	0.12	8.90011
0.81	0.14	8.11666
0.81	0.16	7.72594
0.81	0.18	7.79832
0.81	0.2	8.35558
0.81	0.22	9.3531
0.81	0.24	10.676
0.81	0.26	12.1524
0.81	0.28	13.5809
0.81	0.3	14.7644
0.81	0.32	15.5427
0.81	0.34	15.8159
0.81	0.36	15.5551
0.81	0.38	14.7976
0.81	0.4	13.6314
0.81	0.42	12.1739
0.81	0.44	10.5496
0.81	0.46	8.87142
0.81	0.48	7.22816
0.81	0.5	5.67843
0.81	0.52	4.25092
0.81	0.54	2.94954
0.81	0.56	1.76218
0.81	0.58	0.670767
0.81	0.6	-0.338873
0.81	0.62	-1.26919
0.81	0.64	-2.10621
0.81	0.66	-2.81877
0.81	0.68	-3.36184
0.81	0.7	-3.68372
0.81	0.72	-3.73606
0.81	0.74	-3.48527
0.81	0.76	-2.9234
0.81	0.78	-2.07638
0.81	0.8	-1.008
0.81	0.82	0.181568
0.81	0.84	1.36312
0.81	0.86	2.39149
0.81	0.88	3.12345
0.81	0.9	3.43941
0.81	0.92	3.26867
0.81	0.94	2.61971
0.81	0.96	1.62059
0.81	0.98	0.573034
0.81	1	0

0.83	0	0
0.83	0.02	3.12156
0.83	0.04	3.8561
0.83	0.06	1.48385
0.83	0.08	-2.00641
0.83	0.1	-5.02799
0.83	0.12	-6.9452
0.83	0.14	-7.66034
0.83	0.16	-7.26111
0.83	0.18	-5.89808
0.83	0.2	-3.7628
0.83	0.22	-1.0841
0.83	0.24	1.8791
0.83	0.26	4.85345
0.83	0.28	7.57616
0.83	0.3	9.82509
0.83	0.32	11.4457
0.83	0.34	12.3667
0.83	0.36	12.5993
0.83	0.38	12.2228
0.83	0.4	11.3606
0.83	0.42	10.1542
0.83	0.44	8.74173
0.83	0.46	7.24209
0.83	0.48	5.74658
0.83	0.5	4.31608
0.83	0.52	2.98276
0.83	0.54	1.75519
0.83	0.56	0.62587
0.83	0.58	-0.419804
0.83	0.6	-1.39438
0.83	0.62	-2.30031
0.83	0.64	-3.12434
0.83	0.66	-3.83523
0.83	0.68	-4.38556
0.83	0.7	-4.71773
0.83	0.72	-4.77351
0.83	0.74	-4.50606
0.83	0.76	-3.8924
0.83	0.78	-2.94417
0.83	0.8	-1.71467
0.83	0.82	-0.300581
0.83	0.84	1.16236
0.83	0.86	2.50966
0.83	0.88	3.56375
0.83	0.9	4.15492
0.83	0.92	4.14933
0.83	0.94	3.49118
0.83	0.96	2.27346
0.83	0.98	0.854389
0.83	1	0

0.85	0	0
0.85	0.02	0.403952
0.85	0.04	-3.70881
0.85	0.06	-10.7101
0.85	0.08	-17.7973
0.85	0.1	-23.2671
0.85	0.12	-26.5481
0.85	0.14	-27.6681
0.85	0.16	-26.9049
0.85	0.18	-24.6418
0.85	0.2	-21.3039
0.85	0.22	-17.3197
0.85	0.24	-13.0961
0.85	0.26	-8.99791
0.85	0.28	-5.32599
0.85	0.3	-2.2963
0.85	0.32	-0.026567
0.85	0.34	1.4631
0.85	0.36	2.23437
0.85	0.38	2.40427
0.85	0.4	2.11582
0.85	0.42	1.51282
0.85	0.44	0.722558
0.85	0.46	-0.153179
0.85	0.48	-1.04071
0.85	0.5	-1.89298
0.85	0.52	-2.68597
0.85	0.54	-3.4137
0.85	0.56	-4.08223
0.85	0.58	-4.70279
0.85	0.6	-5.28449
0.85	0.62	-5.82752
0.85	0.64	-6.31766
0.85	0.66	-6.72342
0.85	0.68	-6.99642
0.85	0.7	-7.0757
0.85	0.72	-6.89591
0.85	0.74	-6.39859
0.85	0.76	-5.5452
0.85	0.78	-4.32979
0.85	0.8	-2.7893
0.85	0.82	-1.00939
0.85	0.84	0.874942
0.85	0.86	2.68452
0.85	0.88	4.20638
0.85	0.9	5.21019
0.85	0.92	5.47551
0.85	0.94	4.84419
0.85	0.96	3.33031
0.85	0.98	1.33793
0.85	1	0

0.87	0	0
0.87	0.02	-3.04747
0.87	0.04	-12.4285
0.87	0.06	-24.345
0.87	0.08	-35.504
0.87	0.1	-44.1438
0.87	0.12	-49.6633
0.87	0.14	-52.1214
0.87	0.16	-51.9347
0.87	0.18	-49.696
0.87	0.2	-46.0498
0.87	0.22	-41.6111
0.87	0.24	-36.9165
0.87	0.26	-32.3975
0.87	0.28	-28.3649
0.87	0.3	-25.0025
0.87	0.32	-22.3755
0.87	0.34	-20.4506
0.87	0.36	-19.1274
0.87	0.38	-18.2719
0.87	0.4	-17.7454
0.87	0.42	-17.425
0.87	0.44	-17.2126
0.87	0.46	-17.0384
0.87	0.48	-16.8573
0.87	0.5	-16.6447
0.87	0.52	-16.3918
0.87	0.54	-16.1008
0.87	0.56	-15.7806
0.87	0.58	-15.4419
0.87	0.6	-15.0919
0.87	0.62	-14.7301
0.87	0.64	-14.3432
0.87	0.66	-13.9029
0.87	0.68	-13.3651
0.87	0.7	-12.673
0.87	0.72	-11.7627
0.87	0.74	-10.5726
0.87	0.76	-9.05508
0.87	0.78	-7.18981
0.87	0.8	-4.99583
0.87	0.82	-2.54185
0.87	0.84	0.0471848
0.87	0.86	2.58732
0.87	0.88	4.8366
0.87	0.9	6.50101
0.87	0.92	7.25247
0.87	0.94	6.78215
0.87	0.96	4.94865
0.87	0.98	2.14246
0.87	1	0

0.89	0	0
0.89	0.02	-6.69676
0.89	0.04	-21.1227
0.89	0.06	-37.8437
0.89	0.08	-53.417
0.89	0.1	-66.0356
0.89	0.12	-74.9402
0.89	0.14	-80.0887
0.89	0.16	-81.9318
0.89	0.18	-81.189
0.89	0.2	-78.6587
0.89	0.22	-75.089
0.89	0.24	-71.1042
0.89	0.26	-67.1714
0.89	0.28	-63.5933
0.89	0.3	-60.5208
0.89	0.32	-57.981
0.89	0.34	-55.914
0.89	0.36	-54.2116
0.89	0.38	-52.751
0.89	0.4	-51.4186
0.89	0.42	-50.1238
0.89	0.44	-48.8024
0.89	0.46	-47.4155
0.89	0.48	-45.9438
0.89	0.5	-44.3828
0.89	0.52	-42.7377
0.89	0.54	-41.0192
0.89	0.56	-39.2406
0.89	0.58	-37.4145
0.89	0.6	-35.5496
0.89	0.62	-33.6475
0.89	0.64	-31.7003
0.89	0.66	-29.6883
0.89	0.68	-27.5798
0.89	0.7	-25.3324
0.89	0.72	-22.8966
0.89	0.74	-20.2226
0.89	0.76	-17.2694
0.89	0.78	-14.0158
0.89	0.8	-10.4728
0.89	0.82	-6.69657
0.89	0.84	-2.80027
0.89	0.86	1.03424
0.89	0.88	4.54457
0.89	0.9	7.37676
0.89	0.92	9.08214
0.89	0.94	9.15157
0.89	0.96	7.17828
0.89	0.98	3.39105
0.89	1	0

0.91	0	0
0.91	0.02	-9.73555
0.91	0.04	-28.0925
0.91	0.06	-48.8006
0.91	0.08	-68.6016
0.91	0.1	-85.6761
0.91	0.12	-99.0045
0.91	0.14	-108.287
0.91	0.16	-113.84
0.91	0.18	-116.357
0.91	0.2	-116.669
0.91	0.22	-115.568
0.91	0.24	-113.711
0.91	0.26	-111.579
0.91	0.28	-109.474
0.91	0.3	-107.543
0.91	0.32	-105.818
0.91	0.34	-104.25
0.91	0.36	-102.758
0.91	0.38	-101.247
0.91	0.4	-99.6347
0.91	0.42	-97.8591
0.91	0.44	-95.8784
0.91	0.46	-93.671
0.91	0.48	-91.2302
0.91	0.5	-88.5596
0.91	0.52	-85.6691
0.91	0.54	-82.572
0.91	0.56	-79.282
0.91	0.58	-75.8114
0.91	0.6	-72.1692
0.91	0.62	-68.3598
0.91	0.64	-64.381
0.91	0.66	-60.2235
0.91	0.68	-55.8707
0.91	0.7	-51.2996
0.91	0.72	-46.483
0.91	0.74	-41.394
0.91	0.76	-36.0117
0.91	0.78	-30.3301
0.91	0.8	-24.3681
0.91	0.82	-18.1827
0.91	0.84	-11.8841
0.91	0.86	-5.65577
0.91	0.88	0.219698
0.91	0.9	5.32703
0.91	0.92	9.08186
0.91	0.94	10.7211
0.91	0.96	9.43153
0.91	0.98	4.99864
0.91	1	0

0.93	0	0
0.93	0.02	-11.2533
0.93	0.04	-31.3554
0.93	0.06	-54.1223
0.93	0.08	-76.8087
0.93	0.1	-97.733
0.93	0.12	-115.634
0.93	0.14	-129.83
0.93	0.16	-140.302
0.93	0.18	-147.51
0.93	0.2	-152.15
0.93	0.22	-154.95
0.93	0.24	-156.542
0.93	0.26	-157.411
0.93	0.28	-157.882
0.93	0.3	-158.136
0.93	0.32	-158.247
0.93	0.34	-158.215
0.93	0.36	-157.998
0.93	0.38	-157.536
0.93	0.4	-156.772
0.93	0.42	-155.658
0.93	0.44	-154.157
0.93	0.46	-152.248
0.93	0.48	-149.92
0.93	0.5	-147.169
0.93	0.52	-143.999
0.93	0.54	-140.411
0.93	0.56	-136.413
0.93	0.58	-132.008
0.93	0.6	-127.198
0.93	0.62	-121.983
0.93	0.64	-116.359
0.93	0.66	-110.32
0.93	0.68	-103.854
0.93	0.7	-96.9485
0.93	0.72	-89.5904
0.93	0.74	-81.7673
0.93	0.76	-73.4723
0.93	0.78	-64.7097
0.93	0.8	-55.502
0.93	0.82	-45.901
0.93	0.84	-36.0031
0.93	0.86	-25.974
0.93	0.88	-16.087
0.93	0.9	-6.78357
0.93	0.92	1.23826
0.93	0.94	6.92639
0.93	0.96	8.87762
0.93	0.98	5.91887
0.93	1	0

0.95	0	0
0.95	0.02	-10.5859
0.95	0.04	-29.2805
0.95	0.06	-50.824
0.95	0.08	-73.269
0.95	0.1	-95.396
0.95	0.12	-115.967
0.95	0.14	-133.974
0.95	0.16	-148.925
0.95	0.18	-160.851
0.95	0.2	-170.131
0.95	0.22	-177.295
0.95	0.24	-182.883
0.95	0.26	-187.356
0.95	0.28	-191.067
0.95	0.3	-194.25
0.95	0.32	-197.042
0.95	0.34	-199.501
0.95	0.36	-201.634
0.95	0.38	-203.415
0.95	0.4	-204.802
0.95	0.42	-205.752
0.95	0.44	-206.225
0.95	0.46	-206.185
0.95	0.48	-205.605
0.95	0.5	-204.464
0.95	0.52	-202.745
0.95	0.54	-200.432
0.95	0.56	-197.513
0.95	0.58	-193.975
0.95	0.6	-189.802
0.95	0.62	-184.98
0.95	0.64	-179.49
0.95	0.66	-173.313
0.95	0.68	-166.428
0.95	0.7	-158.812
0.95	0.72	-150.443
0.95	0.74	-141.298
0.95	0.76	-131.357
0.95	0.78	-120.605
0.95	0.8	-109.036
0.95	0.82	-96.6554
0.95	0.84	-83.4899
0.95	0.86	-69.6066
0.95	0.88	-55.1442
0.95	0.9	-40.378
0.95	0.92	-25.8395
0.95	0.94	-12.5254
0.95	0.96	-2.19917
0.95	0.98	2.48755
0.95	1	0

0.97	0	0
0.97	0.02	-7.69039
0.97	0.04	-21.4861
0.97	0.06	-37.5871
0.97	0.08	-54.9335
0.97	0.1	-73.0838
0.97	0.12	-91.3238
0.97	0.14	-108.733
0.97	0.16	-124.526
0.97	0.18	-138.272
0.97	0.2	-149.907
0.97	0.22	-159.629
0.97	0.24	-167.767
0.97	0.26	-174.683
0.97	0.28	-180.707
0.97	0.3	-186.098
0.97	0.32	-191.043
0.97	0.34	-195.652
0.97	0.36	-199.981
0.97	0.38	-204.036
0.97	0.4	-207.8
0.97	0.42	-211.235
0.97	0.44	-214.298
0.97	0.46	-216.945
0.97	0.48	-219.135
0.97	0.5	-220.827
0.97	0.52	-221.987
0.97	0.54	-222.582
0.97	0.56	-222.579
0.97	0.58	-221.948
0.97	0.6	-220.655
0.97	0.62	-218.666
0.97	0.64	-215.946
0.97	0.66	-212.454
0.97	0.68	-208.15
0.97	0.7	-202.989
0.97	0.72	-196.924
0.97	0.74	-189.907
0.97	0.76	-181.887
0.97	0.78	-172.808
0.97	0.8	-162.612
0.97	0.82	-151.229
0.97	0.84	-138.578
0.97	0.86	-124.558
0.97	0.88	-109.044
0.97	0.9	-91.8936
0.97	0.92	-72.9896
0.97	0.94	-52.3784
0.97	0.96	-30.7249
0.97	0.98	-10.6674
0.97	1	0

0.99	0	0
0.99	0.02	-3.02802
0.99	0.04	-8.85558
0.99	0.06	-15.5057
0.99	0.08	-22.6647
0.99	0.1	-30.4769
0.99	0.12	-38.917
0.99	0.14	-47.7079
0.99	0.16	-56.4346
0.99	0.18	-64.6917
0.99	0.2	-72.1933
0.99	0.22	-78.8161
0.99	0.24	-84.5811
0.99	0.26	-89.6055
0.99	0.28	-94.0505
0.99	0.3	-98.0805
0.99	0.32	-101.837
0.99	0.34	-105.426
0.99	0.36	-108.916
0.99	0.38	-112.345
0.99	0.4	-115.719
0.99	0.42	-119.032
0.99	0.44	-122.261
0.99	0.46	-125.381
0.99	0.48	-128.362
0.99	0.5	-131.176
0.99	0.52	-133.794
0.99	0.54	-136.188
0.99	0.56	-138.334
0.99	0.58	-140.203
0.99	0.6	-141.77
0.99	0.62	-143.003
0.99	0.64	-143.872
0.99	0.66	-144.342
0.99	0.68	-144.373
0.99	0.7	-143.925
0.99	0.72	-142.951
0.99	0.74	-141.404
0.99	0.76	-139.23
0.99	0.78	-136.373
0.99	0.8	-132.764
0.99	0.82	-128.322
0.99	0.84	-122.934
0.99	0.86	-116.429
0.99	0.88	-108.54
0.99	0.9	-98.8298
0.99	0.92	-86.5933
0.99	0.94	-70.7623
0.99	0.96	-50.0165
0.99	0.98	-24.0189
0.99	1	0

1	0	0
1	0.02	0
1	0.04	0
1	0.06	0
1	0.08	0
1	0.1	0
1	0.12	0
1	0.14	0
1	0.16	0
1	0.18	0
1	0.2	0
1	0.22	0
1	0.24	0
1	0.26	0
1	0.28	0
1	0.3	0
1	0.32	0
1	0.34	0
1	0.36	0
1	0.38	0
1	0.4	0
1	0.42	0
1	0.44	0
1	0.46	0
1	0.48	0
1	0.5	0
1	0.52	0
1	0.54	0
1	0.56	0
1	0.58	0
1	0.6	0
1	0.62	0
1	0.64	0
1	0.66	0
1	0.68	0
1	0.7	0
1	0.72	0
1	0.74	0
1	0.76	0
1	0.78	0
1	0.8	0
1	0.82	0
1	0.84	0
1	0.86	0
1	0.88	0
1	0.9	0
1	0.92	0
1	0.94	0
1	0.96	0
1	0.98	0
1	1	0

