0.00499933	nan
0.0149993	nan
0.0249993	nan
0.0349993	nan
0.0449993	nan
0.0549993	nan
0.0649993	nan
0.0749993	nan
0.0849993	nan
0.0949993	nan
0.104999	nan
0.114999	nan
0.124999	nan
0.134999	nan
0.144999	nan
0.154999	nan
0.164999	nan
0.174999	nan
0.184999	nan
0.194999	nan
0.204999	nan
0.214999	nan
0.224999	nan
0.234999	nan
0.244999	nan
0.254999	nan
0.264999	nan
0.274999	nan
0.284999	nan
0.294999	nan
0.304999	nan
0.314999	nan
0.324999	nan
0.334999	nan
0.344999	nan
0.354999	nan
0.364999	nan
0.374999	nan
0.384999	nan
0.394999	nan
0.404999	nan
0.414999	nan
0.424999	nan
0.434999	nan
0.444999	nan
0.454999	nan
0.464999	nan
0.474999	nan
0.484999	nan
0.494999	nan
0.504999	nan
0.514999	nan
0.524999	nan
0.534999	nan
0.544999	nan
0.554999	nan
0.564999	nan
0.574999	nan
0.584999	nan
0.594999	nan
0.604999	nan
0.614999	nan
0.624999	nan
0.634999	nan
0.644999	nan
0.654999	nan
0.664999	nan
0.674999	nan
0.684999	nan
0.694999	nan
0.704999	nan
0.714999	nan
0.724999	nan
0.734999	nan
0.744999	nan
0.754999	nan
0.764999	nan
0.774999	nan
0.784999	nan
0.794999	nan
0.804999	nan
0.814999	nan
0.824999	nan
0.834999	nan
0.844999	nan
0.854999	nan
0.864999	nan
0.874999	nan
0.884999	nan
0.894999	nan
0.904999	nan
0.914999	nan
0.924999	nan
0.934999	nan
0.944999	nan
0.954999	nan
0.964999	nan
0.974999	nan
0.984999	nan
0.994999	nan
1	nan
