0
0.00446429
0.0133929
0.0223214
0.03125
0.0401786
0.0491071
0.0580357
0.0669643
0.0758929
0.0848214
0.09375
0.102679
0.111607
0.120536
0.129464
0.138393
0.147321
0.15625
0.165179
0.174107
0.183036
0.191964
0.200893
0.209821
0.21875
0.227679
0.236607
0.245536
0.254464
0.263393
0.272321
0.28125
0.290179
0.299107
0.308036
0.316964
0.325893
0.334821
0.34375
0.352679
0.361607
0.370536
0.379464
0.388393
0.397321
0.40625
0.415179
0.424107
0.433036
0.441964
0.450893
0.459821
0.46875
0.477679
0.486607
0.495536
0.504464
0.513393
0.522321
0.53125
0.540179
0.549107
0.558036
0.566964
0.575893
0.584821
0.59375
0.602679
0.611607
0.620536
0.629464
0.638393
0.647321
0.65625
0.665179
0.674107
0.683036
0.691964
0.700893
0.709821
0.71875
0.727679
0.736607
0.745536
0.754464
0.763393
0.772321
0.78125
0.790179
0.799107
0.808036
0.816964
0.825893
0.834821
0.84375
0.852679
0.861607
0.870536
0.879464
0.888393
0.897321
0.90625
0.915179
0.924107
0.933036
0.941964
0.950893
0.959821
0.96875
0.977679
0.986607
0.995536
1
