1
0.995536
0.986607
0.977679
0.96875
0.959821
0.950893
0.941964
0.933036
0.924107
0.915179
0.90625
0.897321
0.888393
0.879464
0.870536
0.861607
0.852679
0.84375
0.834821
0.825893
0.816964
0.808036
0.799107
0.790179
0.78125
0.772321
0.763393
0.754464
0.745536
0.736607
0.727679
0.71875
0.709821
0.700893
0.691964
0.683036
0.674107
0.665179
0.65625
0.647321
0.638393
0.629464
0.620536
0.611607
0.602679
0.59375
0.584821
0.575893
0.566964
0.558036
0.549107
0.540179
0.53125
0.522321
0.513393
0.504464
0.495536
0.486607
0.477679
0.46875
0.459821
0.450893
0.441964
0.433036
0.424107
0.415179
0.40625
0.397321
0.388393
0.379464
0.370536
0.361607
0.352679
0.34375
0.334821
0.325893
0.316964
0.308036
0.299107
0.290179
0.28125
0.272321
0.263393
0.254464
0.245536
0.236607
0.227679
0.21875
0.209821
0.200893
0.191964
0.183036
0.174107
0.165179
0.15625
0.147321
0.138393
0.129464
0.120536
0.111607
0.102679
0.09375
0.0848214
0.0758929
0.0669643
0.0580357
0.0491071
0.0401786
0.03125
0.0223214
0.0133929
0.00446429
0
