8
7.94167
7.825
7.70833
7.59167
7.475
7.35833
7.24167
7.125
7.00833
6.89167
6.775
6.65833
6.54167
6.425
6.30833
6.19167
6.075
5.95833
5.84167
5.725
5.60833
5.49167
5.375
5.25833
5.14167
5.025
4.90833
4.79167
4.675
4.55833
4.45
4.35
4.25
4.15
4.05
3.95
3.85
3.75
3.65
3.55
3.44167
3.325
3.20833
3.09167
2.975
2.85833
2.74167
2.625
2.50833
2.39167
2.275
2.15833
2.04167
1.925
1.80833
1.69167
1.575
1.45833
1.34167
1.225
1.10833
0.991667
0.875
0.758333
0.641667
0.525
0.408333
0.291667
0.175
0.0583333
0
