0	8	0
0.5	8	0
1	8	0
1.5	8	0
2	8	0
2.5	8	0
3	8	0
3.5	8	0
4	8	0
4.5	8	0
5	8	0
5.5	8	0
6	8	0
6.5	8	0
7	8	0
7.5	8	0
8	8	0
8.5	8	0
9	8	0
9.5	8	0
10	8	0
10.5	8	0
11	8	0
11.5	8	0
12	8	0
12.5	8	0
13	8	0
13.5	8	0
14	8	0
14.5	8	0
15	8	0
15.5	8	0
16	8	0
16.5	8	0
17	8	0
17.5	8	0
18	8	0
18.5	8	0
19	8	0
19.5	8	0
20	8	0
20.5	8	0
21	8	0
21.5	8	0
22	8	0
22.5	8	0
23	8	0
23.5	8	0
24	8	0
24.5	8	0
25	8	0
25.5	8	0
26	8	0
26.5	8	0
27	8	0
27.5	8	0
28	8	0
28.5	8	0
29	8	0
29.5	8	0
30	8	0
30.5	8	0
31	8	0
31.5	8	0
32	8	0
32.5	8	0
33	8	0
33.5	8	0
34	8	0
34.5	8	0
35	8	0
35.5	8	0
36	8	0
36.5	8	0
37	8	0
37.5	8	0
38	8	0
38.5	8	0
39	8	0
39.5	8	0
40	8	0
40.5	8	0
41	8	0
41.5	8	0
42	8	0
42.5	8	0
43	8	0
43.5	8	0
44	8	0
44.5	8	0
45	8	0
45.5	8	0
46	8	0
46.5	8	0
47	8	0
47.5	8	0
48	8	0
48.5	8	0
49	8	0
49.5	8	0
50	8	0

0	7.75	0.121094
0.5	7.75	0.122093
1	7.75	0.122928
1.5	7.75	0.123447
2	7.75	0.123756
2.5	7.75	0.123946
3	7.75	0.124067
3.5	7.75	0.124149
4	7.75	0.124207
4.5	7.75	0.124251
5	7.75	0.124286
5.5	7.75	0.124317
6	7.75	0.124346
6.5	7.75	0.124375
7	7.75	0.124404
7.5	7.75	0.124433
8	7.75	0.124463
8.5	7.75	0.124492
9	7.75	0.12452
9.5	7.75	0.124546
10	7.75	0.124569
10.5	7.75	0.12459
11	7.75	0.124608
11.5	7.75	0.124623
12	7.75	0.124635
12.5	7.75	0.124645
13	7.75	0.124653
13.5	7.75	0.12466
14	7.75	0.124666
14.5	7.75	0.124671
15	7.75	0.124675
15.5	7.75	0.12468
16	7.75	0.124684
16.5	7.75	0.124689
17	7.75	0.124694
17.5	7.75	0.124698
18	7.75	0.124703
18.5	7.75	0.124708
19	7.75	0.124714
19.5	7.75	0.124719
20	7.75	0.124724
20.5	7.75	0.124729
21	7.75	0.124735
21.5	7.75	0.12474
22	7.75	0.124745
22.5	7.75	0.12475
23	7.75	0.124756
23.5	7.75	0.124761
24	7.75	0.124766
24.5	7.75	0.124771
25	7.75	0.124776
25.5	7.75	0.12478
26	7.75	0.124785
26.5	7.75	0.12479
27	7.75	0.124794
27.5	7.75	0.124798
28	7.75	0.124802
28.5	7.75	0.124805
29	7.75	0.124809
29.5	7.75	0.124811
30	7.75	0.124814
30.5	7.75	0.124815
31	7.75	0.124816
31.5	7.75	0.124816
32	7.75	0.124815
32.5	7.75	0.124813
33	7.75	0.12481
33.5	7.75	0.124805
34	7.75	0.124797
34.5	7.75	0.124787
35	7.75	0.124773
35.5	7.75	0.124756
36	7.75	0.124734
36.5	7.75	0.124705
37	7.75	0.124669
37.5	7.75	0.124624
38	7.75	0.124567
38.5	7.75	0.124496
39	7.75	0.124407
39.5	7.75	0.124297
40	7.75	0.124161
40.5	7.75	0.123992
41	7.75	0.123782
41.5	7.75	0.123522
42	7.75	0.123202
42.5	7.75	0.122806
43	7.75	0.122318
43.5	7.75	0.121716
44	7.75	0.120976
44.5	7.75	0.120066
45	7.75	0.118947
45.5	7.75	0.117569
46	7.75	0.115869
46.5	7.75	0.113759
47	7.75	0.111115
47.5	7.75	0.107759
48	7.75	0.10344
48.5	7.75	0.0978672
49	7.75	0.0909305
49.5	7.75	0.0833986
50	7.75	0.0623896

0	7.25	0.339844
0.5	7.25	0.339687
1	7.25	0.339962
1.5	7.25	0.340371
2	7.25	0.340744
2.5	7.25	0.341038
3	7.25	0.341259
3.5	7.25	0.341423
4	7.25	0.341547
4.5	7.25	0.341644
5	7.25	0.341724
5.5	7.25	0.341794
6	7.25	0.34186
6.5	7.25	0.341924
7	7.25	0.341989
7.5	7.25	0.342054
8	7.25	0.342119
8.5	7.25	0.342182
9	7.25	0.342242
9.5	7.25	0.342298
10	7.25	0.342347
10.5	7.25	0.342391
11	7.25	0.342428
11.5	7.25	0.342458
12	7.25	0.342482
12.5	7.25	0.3425
13	7.25	0.342514
13.5	7.25	0.342525
14	7.25	0.342533
14.5	7.25	0.34254
15	7.25	0.342546
15.5	7.25	0.342551
16	7.25	0.342556
16.5	7.25	0.342562
17	7.25	0.342567
17.5	7.25	0.342573
18	7.25	0.342579
18.5	7.25	0.342585
19	7.25	0.342592
19.5	7.25	0.342598
20	7.25	0.342605
20.5	7.25	0.342612
21	7.25	0.342619
21.5	7.25	0.342626
22	7.25	0.342633
22.5	7.25	0.34264
23	7.25	0.342647
23.5	7.25	0.342654
24	7.25	0.342661
24.5	7.25	0.342668
25	7.25	0.342675
25.5	7.25	0.342682
26	7.25	0.342688
26.5	7.25	0.342694
27	7.25	0.3427
27.5	7.25	0.342705
28	7.25	0.34271
28.5	7.25	0.342715
29	7.25	0.342718
29.5	7.25	0.342721
30	7.25	0.342723
30.5	7.25	0.342723
31	7.25	0.342722
31.5	7.25	0.342719
32	7.25	0.342714
32.5	7.25	0.342706
33	7.25	0.342694
33.5	7.25	0.342678
34	7.25	0.342657
34.5	7.25	0.34263
35	7.25	0.342595
35.5	7.25	0.34255
36	7.25	0.342493
36.5	7.25	0.342421
37	7.25	0.342331
37.5	7.25	0.342219
38	7.25	0.342079
38.5	7.25	0.341904
39	7.25	0.341687
39.5	7.25	0.341418
40	7.25	0.341084
40.5	7.25	0.340671
41	7.25	0.34016
41.5	7.25	0.339527
42	7.25	0.338746
42.5	7.25	0.337781
43	7.25	0.336591
43.5	7.25	0.335124
44	7.25	0.333317
44.5	7.25	0.331092
45	7.25	0.328352
45.5	7.25	0.324975
46	7.25	0.320809
46.5	7.25	0.315652
47	7.25	0.30924
47.5	7.25	0.301222
48	7.25	0.291136
48.5	7.25	0.278416
49	7.25	0.262442
49.5	7.25	0.242733
50	7.25	0.202763

0	6.75	0.527344
0.5	6.75	0.527075
1	6.75	0.526967
1.5	6.75	0.527059
2	6.75	0.527247
2.5	6.75	0.527452
3	6.75	0.527638
3.5	6.75	0.527794
4	6.75	0.527922
4.5	6.75	0.528028
5	6.75	0.528119
5.5	6.75	0.528201
6	6.75	0.528278
6.5	6.75	0.528353
7	6.75	0.528427
7.5	6.75	0.528502
8	6.75	0.528577
8.5	6.75	0.52865
9	6.75	0.528719
9.5	6.75	0.528783
10	6.75	0.528841
10.5	6.75	0.528892
11	6.75	0.528934
11.5	6.75	0.52897
12	6.75	0.528998
12.5	6.75	0.52902
13	6.75	0.529037
13.5	6.75	0.529049
14	6.75	0.529059
14.5	6.75	0.529066
15	6.75	0.529073
15.5	6.75	0.529078
16	6.75	0.529083
16.5	6.75	0.529089
17	6.75	0.529094
17.5	6.75	0.5291
18	6.75	0.529106
18.5	6.75	0.529112
19	6.75	0.529119
19.5	6.75	0.529126
20	6.75	0.529133
20.5	6.75	0.52914
21	6.75	0.529147
21.5	6.75	0.529154
22	6.75	0.529161
22.5	6.75	0.529169
23	6.75	0.529176
23.5	6.75	0.529183
24	6.75	0.52919
24.5	6.75	0.529197
25	6.75	0.529204
25.5	6.75	0.529211
26	6.75	0.529217
26.5	6.75	0.529223
27	6.75	0.529229
27.5	6.75	0.529234
28	6.75	0.529238
28.5	6.75	0.529242
29	6.75	0.529245
29.5	6.75	0.529247
30	6.75	0.529248
30.5	6.75	0.529246
31	6.75	0.529243
31.5	6.75	0.529238
32	6.75	0.529229
32.5	6.75	0.529216
33	6.75	0.5292
33.5	6.75	0.529177
34	6.75	0.529148
34.5	6.75	0.52911
35	6.75	0.529061
35.5	6.75	0.529
36	6.75	0.528923
36.5	6.75	0.528826
37	6.75	0.528705
37.5	6.75	0.528554
38	6.75	0.528366
38.5	6.75	0.528132
39	6.75	0.527842
39.5	6.75	0.527481
40	6.75	0.527035
40.5	6.75	0.526482
41	6.75	0.525797
41.5	6.75	0.524951
42	6.75	0.523905
42.5	6.75	0.522613
43	6.75	0.521017
43.5	6.75	0.519049
44	6.75	0.516621
44.5	6.75	0.513629
45	6.75	0.509943
45.5	6.75	0.505401
46	6.75	0.499807
46.5	6.75	0.492913
47	6.75	0.484417
47.5	6.75	0.47395
48	6.75	0.461084
48.5	6.75	0.445364
49	6.75	0.42643
49.5	6.75	0.404355
50	6.75	0.363939

0	6.25	0.683594
0.5	6.25	0.683396
1	6.25	0.683168
1.5	6.25	0.683052
2	6.25	0.683041
2.5	6.25	0.683094
3	6.25	0.683173
3.5	6.25	0.683258
4	6.25	0.683339
4.5	6.25	0.683411
5	6.25	0.683478
5.5	6.25	0.683539
6	6.25	0.683597
6.5	6.25	0.683654
7	6.25	0.683711
7.5	6.25	0.683768
8	6.25	0.683825
8.5	6.25	0.683881
9	6.25	0.683935
9.5	6.25	0.683985
10	6.25	0.68403
10.5	6.25	0.684071
11	6.25	0.684105
11.5	6.25	0.684135
12	6.25	0.684158
12.5	6.25	0.684178
13	6.25	0.684193
13.5	6.25	0.684205
14	6.25	0.684214
14.5	6.25	0.684222
15	6.25	0.684228
15.5	6.25	0.684234
16	6.25	0.68424
16.5	6.25	0.684246
17	6.25	0.684252
17.5	6.25	0.684258
18	6.25	0.684264
18.5	6.25	0.68427
19	6.25	0.684277
19.5	6.25	0.684284
20	6.25	0.684291
20.5	6.25	0.684298
21	6.25	0.684305
21.5	6.25	0.684312
22	6.25	0.684319
22.5	6.25	0.684326
23	6.25	0.684334
23.5	6.25	0.684341
24	6.25	0.684348
24.5	6.25	0.684355
25	6.25	0.684362
25.5	6.25	0.684368
26	6.25	0.684374
26.5	6.25	0.68438
27	6.25	0.684386
27.5	6.25	0.684391
28	6.25	0.684395
28.5	6.25	0.684399
29	6.25	0.684401
29.5	6.25	0.684403
30	6.25	0.684403
30.5	6.25	0.684401
31	6.25	0.684397
31.5	6.25	0.684391
32	6.25	0.684381
32.5	6.25	0.684367
33	6.25	0.684349
33.5	6.25	0.684324
34	6.25	0.684292
34.5	6.25	0.684251
35	6.25	0.684199
35.5	6.25	0.684133
36	6.25	0.68405
36.5	6.25	0.683946
37	6.25	0.683816
37.5	6.25	0.683654
38	6.25	0.683452
38.5	6.25	0.6832
39	6.25	0.682888
39.5	6.25	0.682501
40	6.25	0.682021
40.5	6.25	0.681427
41	6.25	0.680691
41.5	6.25	0.67978
42	6.25	0.678653
42.5	6.25	0.677259
43	6.25	0.675537
43.5	6.25	0.67341
44	6.25	0.670784
44.5	6.25	0.667544
45	6.25	0.663549
45.5	6.25	0.65863
46	6.25	0.65258
46.5	6.25	0.645159
47	6.25	0.636085
47.5	6.25	0.625053
48	6.25	0.611755
48.5	6.25	0.595932
49	6.25	0.57747
49.5	6.25	0.556543
50	6.25	0.518561

0	5.75	0.808594
0.5	5.75	0.808466
1	5.75	0.808238
1.5	5.75	0.808032
2	5.75	0.80789
2.5	5.75	0.807809
3	5.75	0.807772
3.5	5.75	0.807761
4	5.75	0.807766
4.5	5.75	0.807779
5	5.75	0.807794
5.5	5.75	0.807811
6	5.75	0.807828
6.5	5.75	0.807846
7	5.75	0.807863
7.5	5.75	0.80788
8	5.75	0.807898
8.5	5.75	0.807915
9	5.75	0.807933
9.5	5.75	0.807949
10	5.75	0.807966
10.5	5.75	0.807981
11	5.75	0.807995
11.5	5.75	0.808008
12	5.75	0.808019
12.5	5.75	0.80803
13	5.75	0.808039
13.5	5.75	0.808047
14	5.75	0.808055
14.5	5.75	0.808062
15	5.75	0.808069
15.5	5.75	0.808075
16	5.75	0.808081
16.5	5.75	0.808088
17	5.75	0.808094
17.5	5.75	0.808101
18	5.75	0.808107
18.5	5.75	0.808114
19	5.75	0.808121
19.5	5.75	0.808127
20	5.75	0.808134
20.5	5.75	0.808141
21	5.75	0.808149
21.5	5.75	0.808156
22	5.75	0.808163
22.5	5.75	0.80817
23	5.75	0.808177
23.5	5.75	0.808184
24	5.75	0.808191
24.5	5.75	0.808198
25	5.75	0.808205
25.5	5.75	0.808212
26	5.75	0.808218
26.5	5.75	0.808224
27	5.75	0.80823
27.5	5.75	0.808235
28	5.75	0.808239
28.5	5.75	0.808243
29	5.75	0.808246
29.5	5.75	0.808248
30	5.75	0.808248
30.5	5.75	0.808247
31	5.75	0.808244
31.5	5.75	0.808238
32	5.75	0.80823
32.5	5.75	0.808217
33	5.75	0.808201
33.5	5.75	0.808178
34	5.75	0.808149
34.5	5.75	0.808112
35	5.75	0.808064
35.5	5.75	0.808003
36	5.75	0.807927
36.5	5.75	0.807831
37	5.75	0.807711
37.5	5.75	0.80756
38	5.75	0.807374
38.5	5.75	0.807141
39	5.75	0.806852
39.5	5.75	0.806493
40	5.75	0.806048
40.5	5.75	0.805496
41	5.75	0.804812
41.5	5.75	0.803964
42	5.75	0.802914
42.5	5.75	0.801615
43	5.75	0.800006
43.5	5.75	0.798016
44	5.75	0.795555
44.5	5.75	0.792515
45	5.75	0.788762
45.5	5.75	0.784138
46	5.75	0.778456
46.5	5.75	0.771503
47	5.75	0.763046
47.5	5.75	0.752855
48	5.75	0.740729
48.5	5.75	0.726538
49	5.75	0.710263
49.5	5.75	0.691967
50	5.75	0.658159

0	5.25	0.902344
0.5	5.25	0.90226
1	5.25	0.902063
1.5	5.25	0.901835
2	5.25	0.901626
2.5	5.25	0.901455
3	5.25	0.901325
3.5	5.25	0.901227
4	5.25	0.901155
4.5	5.25	0.901101
5	5.25	0.901058
5.5	5.25	0.901021
6	5.25	0.900988
6.5	5.25	0.900955
7	5.25	0.900923
7.5	5.25	0.900891
8	5.25	0.900859
8.5	5.25	0.900829
9	5.25	0.900801
9.5	5.25	0.900775
10	5.25	0.900754
10.5	5.25	0.900736
11	5.25	0.900723
11.5	5.25	0.900713
12	5.25	0.900708
12.5	5.25	0.900706
13	5.25	0.900706
13.5	5.25	0.900709
14	5.25	0.900714
14.5	5.25	0.900719
15	5.25	0.900725
15.5	5.25	0.900732
16	5.25	0.900739
16.5	5.25	0.900746
17	5.25	0.900753
17.5	5.25	0.90076
18	5.25	0.900767
18.5	5.25	0.900774
19	5.25	0.900781
19.5	5.25	0.900788
20	5.25	0.900795
20.5	5.25	0.900802
21	5.25	0.900809
21.5	5.25	0.900817
22	5.25	0.900824
22.5	5.25	0.900831
23	5.25	0.900838
23.5	5.25	0.900845
24	5.25	0.900852
24.5	5.25	0.900859
25	5.25	0.900866
25.5	5.25	0.900873
26	5.25	0.90088
26.5	5.25	0.900886
27	5.25	0.900892
27.5	5.25	0.900897
28	5.25	0.900902
28.5	5.25	0.900907
29	5.25	0.90091
29.5	5.25	0.900913
30	5.25	0.900915
30.5	5.25	0.900915
31	5.25	0.900914
31.5	5.25	0.900911
32	5.25	0.900905
32.5	5.25	0.900897
33	5.25	0.900885
33.5	5.25	0.900868
34	5.25	0.900846
34.5	5.25	0.900817
35	5.25	0.90078
35.5	5.25	0.900732
36	5.25	0.900672
36.5	5.25	0.900596
37	5.25	0.900501
37.5	5.25	0.900382
38	5.25	0.900233
38.5	5.25	0.900048
39	5.25	0.899817
39.5	5.25	0.89953
40	5.25	0.899173
40.5	5.25	0.89873
41	5.25	0.89818
41.5	5.25	0.897498
42	5.25	0.896651
42.5	5.25	0.895601
43	5.25	0.894298
43.5	5.25	0.892682
44	5.25	0.890679
44.5	5.25	0.888197
45	5.25	0.885125
45.5	5.25	0.881331
46	5.25	0.876659
46.5	5.25	0.870935
47	5.25	0.863976
47.5	5.25	0.855605
48	5.25	0.845681
48.5	5.25	0.834119
49	5.25	0.820889
49.5	5.25	0.805922
50	5.25	0.77737

0	4.75	0.964844
0.5	4.75	0.964784
1	4.75	0.964615
1.5	4.75	0.964391
2	4.75	0.964154
2.5	4.75	0.963934
3	4.75	0.963742
3.5	4.75	0.963583
4	4.75	0.963451
4.5	4.75	0.963342
5	4.75	0.963249
5.5	4.75	0.963166
6	4.75	0.963088
6.5	4.75	0.963011
7	4.75	0.962935
7.5	4.75	0.962859
8	4.75	0.962783
8.5	4.75	0.96271
9	4.75	0.96264
9.5	4.75	0.962576
10	4.75	0.962519
10.5	4.75	0.962471
11	4.75	0.962432
11.5	4.75	0.962402
12	4.75	0.96238
12.5	4.75	0.962366
13	4.75	0.962358
13.5	4.75	0.962355
14	4.75	0.962356
14.5	4.75	0.96236
15	4.75	0.962366
15.5	4.75	0.962373
16	4.75	0.96238
16.5	4.75	0.962387
17	4.75	0.962395
17.5	4.75	0.962403
18	4.75	0.96241
18.5	4.75	0.962417
19	4.75	0.962425
19.5	4.75	0.962432
20	4.75	0.962439
20.5	4.75	0.962446
21	4.75	0.962454
21.5	4.75	0.962461
22	4.75	0.962468
22.5	4.75	0.962475
23	4.75	0.962483
23.5	4.75	0.96249
24	4.75	0.962497
24.5	4.75	0.962504
25	4.75	0.962511
25.5	4.75	0.962518
26	4.75	0.962525
26.5	4.75	0.962532
27	4.75	0.962538
27.5	4.75	0.962544
28	4.75	0.96255
28.5	4.75	0.962555
29	4.75	0.96256
29.5	4.75	0.962565
30	4.75	0.962568
30.5	4.75	0.962571
31	4.75	0.962572
31.5	4.75	0.962573
32	4.75	0.962571
32.5	4.75	0.962568
33	4.75	0.962562
33.5	4.75	0.962554
34	4.75	0.962542
34.5	4.75	0.962525
35	4.75	0.962503
35.5	4.75	0.962475
36	4.75	0.962438
36.5	4.75	0.962391
37	4.75	0.962331
37.5	4.75	0.962257
38	4.75	0.962162
38.5	4.75	0.962044
39	4.75	0.961897
39.5	4.75	0.961713
40	4.75	0.961484
40.5	4.75	0.961198
41	4.75	0.960842
41.5	4.75	0.960399
42	4.75	0.959847
42.5	4.75	0.95916
43	4.75	0.958303
43.5	4.75	0.957236
44	4.75	0.955906
44.5	4.75	0.954247
45	4.75	0.952179
45.5	4.75	0.949606
46	4.75	0.946412
46.5	4.75	0.942464
47	4.75	0.937619
47.5	4.75	0.931731
48	4.75	0.92467
48.5	4.75	0.91633
49	4.75	0.906615
49.5	4.75	0.895344
50	4.75	0.872749

0	4.25	0.996094
0.5	4.25	0.996044
1	4.25	0.99589
1.5	4.25	0.995672
2	4.25	0.995427
2.5	4.25	0.995186
3	4.25	0.994966
3.5	4.25	0.994774
4	4.25	0.994611
4.5	4.25	0.994472
5	4.25	0.99435
5.5	4.25	0.99424
6	4.25	0.994136
6.5	4.25	0.994034
7	4.25	0.993932
7.5	4.25	0.99383
8	4.25	0.993728
8.5	4.25	0.993629
9	4.25	0.993535
9.5	4.25	0.993448
10	4.25	0.993371
10.5	4.25	0.993305
11	4.25	0.99325
11.5	4.25	0.993207
12	4.25	0.993176
12.5	4.25	0.993154
13	4.25	0.993141
13.5	4.25	0.993135
14	4.25	0.993134
14.5	4.25	0.993136
15	4.25	0.993141
15.5	4.25	0.993148
16	4.25	0.993156
16.5	4.25	0.993163
17	4.25	0.993171
17.5	4.25	0.993179
18	4.25	0.993187
18.5	4.25	0.993195
19	4.25	0.993202
19.5	4.25	0.993209
20	4.25	0.993217
20.5	4.25	0.993224
21	4.25	0.993231
21.5	4.25	0.993239
22	4.25	0.993246
22.5	4.25	0.993253
23	4.25	0.993261
23.5	4.25	0.993268
24	4.25	0.993276
24.5	4.25	0.993283
25	4.25	0.99329
25.5	4.25	0.993298
26	4.25	0.993305
26.5	4.25	0.993312
27	4.25	0.993319
27.5	4.25	0.993326
28	4.25	0.993332
28.5	4.25	0.993339
29	4.25	0.993345
29.5	4.25	0.993351
30	4.25	0.993357
30.5	4.25	0.993362
31	4.25	0.993367
31.5	4.25	0.993371
32	4.25	0.993375
32.5	4.25	0.993378
33	4.25	0.99338
33.5	4.25	0.993381
34	4.25	0.993381
34.5	4.25	0.993379
35	4.25	0.993375
35.5	4.25	0.993369
36	4.25	0.993359
36.5	4.25	0.993347
37	4.25	0.993329
37.5	4.25	0.993307
38	4.25	0.993277
38.5	4.25	0.993239
39	4.25	0.99319
39.5	4.25	0.993128
40	4.25	0.99305
40.5	4.25	0.992951
41	4.25	0.992825
41.5	4.25	0.992667
42	4.25	0.992466
42.5	4.25	0.992213
43	4.25	0.991891
43.5	4.25	0.991482
44	4.25	0.990961
44.5	4.25	0.990296
45	4.25	0.989443
45.5	4.25	0.988348
46	4.25	0.98694
46.5	4.25	0.985131
47	4.25	0.982811
47.5	4.25	0.979849
48	4.25	0.976095
48.5	4.25	0.971378
49	4.25	0.965494
49.5	4.25	0.958164
50	4.25	0.942021

0	3.75	0.996094
0.5	3.75	0.996044
1	3.75	0.99589
1.5	3.75	0.995672
2	3.75	0.995427
2.5	3.75	0.995186
3	3.75	0.994966
3.5	3.75	0.994774
4	3.75	0.994611
4.5	3.75	0.994472
5	3.75	0.99435
5.5	3.75	0.99424
6	3.75	0.994136
6.5	3.75	0.994034
7	3.75	0.993932
7.5	3.75	0.99383
8	3.75	0.993728
8.5	3.75	0.993629
9	3.75	0.993535
9.5	3.75	0.993448
10	3.75	0.993371
10.5	3.75	0.993305
11	3.75	0.99325
11.5	3.75	0.993207
12	3.75	0.993176
12.5	3.75	0.993154
13	3.75	0.993141
13.5	3.75	0.993135
14	3.75	0.993134
14.5	3.75	0.993136
15	3.75	0.993141
15.5	3.75	0.993148
16	3.75	0.993155
16.5	3.75	0.993163
17	3.75	0.993171
17.5	3.75	0.993179
18	3.75	0.993187
18.5	3.75	0.993195
19	3.75	0.993202
19.5	3.75	0.99321
20	3.75	0.993217
20.5	3.75	0.993224
21	3.75	0.993232
21.5	3.75	0.993239
22	3.75	0.993246
22.5	3.75	0.993254
23	3.75	0.993261
23.5	3.75	0.993269
24	3.75	0.993276
24.5	3.75	0.993284
25	3.75	0.993292
25.5	3.75	0.993299
26	3.75	0.993307
26.5	3.75	0.993314
27	3.75	0.993322
27.5	3.75	0.99333
28	3.75	0.993337
28.5	3.75	0.993345
29	3.75	0.993353
29.5	3.75	0.993361
30	3.75	0.993369
30.5	3.75	0.993377
31	3.75	0.993385
31.5	3.75	0.993394
32	3.75	0.993403
32.5	3.75	0.993412
33	3.75	0.993422
33.5	3.75	0.993433
34	3.75	0.993445
34.5	3.75	0.993458
35	3.75	0.993474
35.5	3.75	0.993491
36	3.75	0.99351
36.5	3.75	0.993534
37	3.75	0.993561
37.5	3.75	0.993593
38	3.75	0.993631
38.5	3.75	0.993677
39	3.75	0.993733
39.5	3.75	0.993799
40	3.75	0.99388
40.5	3.75	0.993978
41	3.75	0.994097
41.5	3.75	0.99424
42	3.75	0.994412
42.5	3.75	0.99462
43	3.75	0.994868
43.5	3.75	0.995163
44	3.75	0.995511
44.5	3.75	0.995914
45	3.75	0.996373
45.5	3.75	0.996881
46	3.75	0.99742
46.5	3.75	0.997949
47	3.75	0.998398
47.5	3.75	0.998648
48	3.75	0.998517
48.5	3.75	0.997743
49	3.75	0.995982
49.5	3.75	0.992831
50	3.75	0.983551

0	3.25	0.964844
0.5	3.25	0.964784
1	3.25	0.964615
1.5	3.25	0.964391
2	3.25	0.964154
2.5	3.25	0.963934
3	3.25	0.963742
3.5	3.25	0.963583
4	3.25	0.963451
4.5	3.25	0.963342
5	3.25	0.963249
5.5	3.25	0.963166
6	3.25	0.963088
6.5	3.25	0.963011
7	3.25	0.962935
7.5	3.25	0.962859
8	3.25	0.962783
8.5	3.25	0.962709
9	3.25	0.96264
9.5	3.25	0.962576
10	3.25	0.962519
10.5	3.25	0.962471
11	3.25	0.962432
11.5	3.25	0.962402
12	3.25	0.96238
12.5	3.25	0.962366
13	3.25	0.962358
13.5	3.25	0.962355
14	3.25	0.962356
14.5	3.25	0.96236
15	3.25	0.962366
15.5	3.25	0.962372
16	3.25	0.96238
16.5	3.25	0.962387
17	3.25	0.962395
17.5	3.25	0.962403
18	3.25	0.96241
18.5	3.25	0.962417
19	3.25	0.962425
19.5	3.25	0.962432
20	3.25	0.962439
20.5	3.25	0.962447
21	3.25	0.962454
21.5	3.25	0.962462
22	3.25	0.962469
22.5	3.25	0.962477
23	3.25	0.962484
23.5	3.25	0.962492
24	3.25	0.9625
24.5	3.25	0.962507
25	3.25	0.962515
25.5	3.25	0.962523
26	3.25	0.962531
26.5	3.25	0.962539
27	3.25	0.962548
27.5	3.25	0.962556
28	3.25	0.962565
28.5	3.25	0.962573
29	3.25	0.962583
29.5	3.25	0.962592
30	3.25	0.962602
30.5	3.25	0.962613
31	3.25	0.962625
31.5	3.25	0.962637
32	3.25	0.962651
32.5	3.25	0.962667
33	3.25	0.962685
33.5	3.25	0.962705
34	3.25	0.962729
34.5	3.25	0.962757
35	3.25	0.96279
35.5	3.25	0.962829
36	3.25	0.962877
36.5	3.25	0.962934
37	3.25	0.963004
37.5	3.25	0.963088
38	3.25	0.963191
38.5	3.25	0.963318
39	3.25	0.963472
39.5	3.25	0.963662
40	3.25	0.963896
40.5	3.25	0.964182
41	3.25	0.964534
41.5	3.25	0.964967
42	3.25	0.965499
42.5	3.25	0.966151
43	3.25	0.96695
43.5	3.25	0.967928
44	3.25	0.969122
44.5	3.25	0.970572
45	3.25	0.972325
45.5	3.25	0.974426
46	3.25	0.976918
46.5	3.25	0.979821
47	3.25	0.983119
47.5	3.25	0.986725
48	3.25	0.990437
48.5	3.25	0.9939
49	3.25	0.996595
49.5	3.25	0.997934
50	3.25	0.995927

0	2.75	0.902344
0.5	2.75	0.90226
1	2.75	0.902063
1.5	2.75	0.901835
2	2.75	0.901626
2.5	2.75	0.901455
3	2.75	0.901324
3.5	2.75	0.901227
4	2.75	0.901155
4.5	2.75	0.901101
5	2.75	0.901058
5.5	2.75	0.901021
6	2.75	0.900987
6.5	2.75	0.900955
7	2.75	0.900923
7.5	2.75	0.900891
8	2.75	0.900859
8.5	2.75	0.900829
9	2.75	0.9008
9.5	2.75	0.900775
10	2.75	0.900753
10.5	2.75	0.900736
11	2.75	0.900722
11.5	2.75	0.900713
12	2.75	0.900708
12.5	2.75	0.900706
13	2.75	0.900706
13.5	2.75	0.900709
14	2.75	0.900713
14.5	2.75	0.900719
15	2.75	0.900725
15.5	2.75	0.900732
16	2.75	0.900739
16.5	2.75	0.900746
17	2.75	0.900753
17.5	2.75	0.90076
18	2.75	0.900767
18.5	2.75	0.900774
19	2.75	0.900781
19.5	2.75	0.900788
20	2.75	0.900796
20.5	2.75	0.900803
21	2.75	0.90081
21.5	2.75	0.900818
22	2.75	0.900825
22.5	2.75	0.900833
23	2.75	0.900841
23.5	2.75	0.900849
24	2.75	0.900856
24.5	2.75	0.900864
25	2.75	0.900873
25.5	2.75	0.900881
26	2.75	0.900889
26.5	2.75	0.900898
27	2.75	0.900906
27.5	2.75	0.900916
28	2.75	0.900925
28.5	2.75	0.900935
29	2.75	0.900945
29.5	2.75	0.900956
30	2.75	0.900968
30.5	2.75	0.900981
31	2.75	0.900995
31.5	2.75	0.901012
32	2.75	0.90103
32.5	2.75	0.901051
33	2.75	0.901075
33.5	2.75	0.901104
34	2.75	0.901137
34.5	2.75	0.901178
35	2.75	0.901226
35.5	2.75	0.901285
36	2.75	0.901356
36.5	2.75	0.901442
37	2.75	0.901547
37.5	2.75	0.901676
38	2.75	0.901835
38.5	2.75	0.902029
39	2.75	0.902269
39.5	2.75	0.902564
40	2.75	0.902927
40.5	2.75	0.903374
41	2.75	0.903926
41.5	2.75	0.904607
42	2.75	0.905447
42.5	2.75	0.906482
43	2.75	0.907758
43.5	2.75	0.909328
44	2.75	0.91126
44.5	2.75	0.91363
45	2.75	0.916531
45.5	2.75	0.920065
46	2.75	0.924341
46.5	2.75	0.92946
47	2.75	0.935489
47.5	2.75	0.942412
48	2.75	0.950059
48.5	2.75	0.958014
49	2.75	0.965568
49.5	2.75	0.971841
50	2.75	0.977588

0	2.25	0.808594
0.5	2.25	0.808466
1	2.25	0.808237
1.5	2.25	0.808032
2	2.25	0.80789
2.5	2.25	0.807809
3	2.25	0.807772
3.5	2.25	0.807761
4	2.25	0.807766
4.5	2.25	0.807779
5	2.25	0.807794
5.5	2.25	0.807811
6	2.25	0.807828
6.5	2.25	0.807845
7	2.25	0.807863
7.5	2.25	0.80788
8	2.25	0.807898
8.5	2.25	0.807915
9	2.25	0.807932
9.5	2.25	0.807949
10	2.25	0.807965
10.5	2.25	0.807981
11	2.25	0.807995
11.5	2.25	0.808007
12	2.25	0.808019
12.5	2.25	0.808029
13	2.25	0.808039
13.5	2.25	0.808047
14	2.25	0.808055
14.5	2.25	0.808062
15	2.25	0.808068
15.5	2.25	0.808075
16	2.25	0.808081
16.5	2.25	0.808088
17	2.25	0.808094
17.5	2.25	0.8081
18	2.25	0.808107
18.5	2.25	0.808114
19	2.25	0.808121
19.5	2.25	0.808128
20	2.25	0.808135
20.5	2.25	0.808142
21	2.25	0.80815
21.5	2.25	0.808157
22	2.25	0.808165
22.5	2.25	0.808173
23	2.25	0.80818
23.5	2.25	0.808188
24	2.25	0.808196
24.5	2.25	0.808205
25	2.25	0.808213
25.5	2.25	0.808221
26	2.25	0.80823
26.5	2.25	0.808239
27	2.25	0.808248
27.5	2.25	0.808258
28	2.25	0.808268
28.5	2.25	0.808278
29	2.25	0.808289
29.5	2.25	0.808301
30	2.25	0.808315
30.5	2.25	0.808329
31	2.25	0.808346
31.5	2.25	0.808364
32	2.25	0.808386
32.5	2.25	0.80841
33	2.25	0.808439
33.5	2.25	0.808474
34	2.25	0.808514
34.5	2.25	0.808563
35	2.25	0.808623
35.5	2.25	0.808694
36	2.25	0.808782
36.5	2.25	0.808889
37	2.25	0.809019
37.5	2.25	0.80918
38	2.25	0.809377
38.5	2.25	0.80962
39	2.25	0.809919
39.5	2.25	0.810288
40	2.25	0.810742
40.5	2.25	0.811304
41	2.25	0.811998
41.5	2.25	0.812855
42	2.25	0.813914
42.5	2.25	0.815223
43	2.25	0.81684
43.5	2.25	0.81884
44	2.25	0.82131
44.5	2.25	0.82436
45	2.25	0.828121
45.5	2.25	0.832751
46	2.25	0.838429
46.5	2.25	0.845351
47	2.25	0.853703
47.5	2.25	0.863609
48	2.25	0.875028
48.5	2.25	0.887595
49	2.25	0.900453
49.5	2.25	0.912296
50	2.25	0.92643

0	1.75	0.683594
0.5	1.75	0.683396
1	1.75	0.683168
1.5	1.75	0.683051
2	1.75	0.683041
2.5	1.75	0.683094
3	1.75	0.683173
3.5	1.75	0.683258
4	1.75	0.683338
4.5	1.75	0.683411
5	1.75	0.683477
5.5	1.75	0.683538
6	1.75	0.683597
6.5	1.75	0.683654
7	1.75	0.683711
7.5	1.75	0.683768
8	1.75	0.683825
8.5	1.75	0.683881
9	1.75	0.683934
9.5	1.75	0.683984
10	1.75	0.68403
10.5	1.75	0.68407
11	1.75	0.684105
11.5	1.75	0.684134
12	1.75	0.684158
12.5	1.75	0.684177
13	1.75	0.684192
13.5	1.75	0.684204
14	1.75	0.684214
14.5	1.75	0.684221
15	1.75	0.684228
15.5	1.75	0.684234
16	1.75	0.68424
16.5	1.75	0.684246
17	1.75	0.684251
17.5	1.75	0.684257
18	1.75	0.684264
18.5	1.75	0.68427
19	1.75	0.684277
19.5	1.75	0.684284
20	1.75	0.684291
20.5	1.75	0.684298
21	1.75	0.684306
21.5	1.75	0.684314
22	1.75	0.684321
22.5	1.75	0.684329
23	1.75	0.684337
23.5	1.75	0.684345
24	1.75	0.684353
24.5	1.75	0.684361
25	1.75	0.68437
25.5	1.75	0.684379
26	1.75	0.684387
26.5	1.75	0.684396
27	1.75	0.684406
27.5	1.75	0.684416
28	1.75	0.684426
28.5	1.75	0.684437
29	1.75	0.684448
29.5	1.75	0.684461
30	1.75	0.684475
30.5	1.75	0.68449
31	1.75	0.684507
31.5	1.75	0.684527
32	1.75	0.68455
32.5	1.75	0.684576
33	1.75	0.684607
33.5	1.75	0.684643
34	1.75	0.684687
34.5	1.75	0.68474
35	1.75	0.684803
35.5	1.75	0.684881
36	1.75	0.684975
36.5	1.75	0.68509
37	1.75	0.685231
37.5	1.75	0.685404
38	1.75	0.685617
38.5	1.75	0.68588
39	1.75	0.686203
39.5	1.75	0.686602
40	1.75	0.687095
40.5	1.75	0.687703
41	1.75	0.688456
41.5	1.75	0.689386
42	1.75	0.690538
42.5	1.75	0.691963
43	1.75	0.693729
43.5	1.75	0.695917
44	1.75	0.69863
44.5	1.75	0.701995
45	1.75	0.70617
45.5	1.75	0.711354
46	1.75	0.717787
46.5	1.75	0.725761
47	1.75	0.735606
47.5	1.75	0.74766
48	1.75	0.762164
48.5	1.75	0.779035
49	1.75	0.7975
49.5	1.75	0.815778
50	1.75	0.839229

0	1.25	0.527344
0.5	1.25	0.527075
1	1.25	0.526966
1.5	1.25	0.527059
2	1.25	0.527247
2.5	1.25	0.527452
3	1.25	0.527638
3.5	1.25	0.527794
4	1.25	0.527922
4.5	1.25	0.528028
5	1.25	0.528119
5.5	1.25	0.528201
6	1.25	0.528277
6.5	1.25	0.528352
7	1.25	0.528427
7.5	1.25	0.528502
8	1.25	0.528576
8.5	1.25	0.528649
9	1.25	0.528718
9.5	1.25	0.528783
10	1.25	0.52884
10.5	1.25	0.528891
11	1.25	0.528934
11.5	1.25	0.528969
12	1.25	0.528997
12.5	1.25	0.529019
13	1.25	0.529036
13.5	1.25	0.529049
14	1.25	0.529058
14.5	1.25	0.529066
15	1.25	0.529072
15.5	1.25	0.529078
16	1.25	0.529083
16.5	1.25	0.529088
17	1.25	0.529094
17.5	1.25	0.5291
18	1.25	0.529106
18.5	1.25	0.529112
19	1.25	0.529119
19.5	1.25	0.529126
20	1.25	0.529133
20.5	1.25	0.52914
21	1.25	0.529148
21.5	1.25	0.529155
22	1.25	0.529163
22.5	1.25	0.529171
23	1.25	0.529179
23.5	1.25	0.529187
24	1.25	0.529195
24.5	1.25	0.529203
25	1.25	0.529212
25.5	1.25	0.52922
26	1.25	0.529229
26.5	1.25	0.529238
27	1.25	0.529248
27.5	1.25	0.529257
28	1.25	0.529267
28.5	1.25	0.529278
29	1.25	0.529289
29.5	1.25	0.529302
30	1.25	0.529315
30.5	1.25	0.52933
31	1.25	0.529346
31.5	1.25	0.529365
32	1.25	0.529387
32.5	1.25	0.529412
33	1.25	0.529441
33.5	1.25	0.529476
34	1.25	0.529517
34.5	1.25	0.529566
35	1.25	0.529626
35.5	1.25	0.529699
36	1.25	0.529787
36.5	1.25	0.529895
37	1.25	0.530027
37.5	1.25	0.530189
38	1.25	0.530389
38.5	1.25	0.530634
39	1.25	0.530937
39.5	1.25	0.53131
40	1.25	0.531772
40.5	1.25	0.532342
41	1.25	0.533046
41.5	1.25	0.533919
42	1.25	0.534999
42.5	1.25	0.536338
43	1.25	0.537999
43.5	1.25	0.540061
44	1.25	0.542624
44.5	1.25	0.545815
45	1.25	0.549795
45.5	1.25	0.554772
46	1.25	0.561013
46.5	1.25	0.56887
47	1.25	0.578797
47.5	1.25	0.591371
48	1.25	0.607258
48.5	1.25	0.627029
49	1.25	0.650613
49.5	1.25	0.676228
50	1.25	0.710532

0	0.75	0.339844
0.5	0.75	0.339687
1	0.75	0.339962
1.5	0.75	0.340371
2	0.75	0.340744
2.5	0.75	0.341038
3	0.75	0.341259
3.5	0.75	0.341423
4	0.75	0.341546
4.5	0.75	0.341643
5	0.75	0.341723
5.5	0.75	0.341794
6	0.75	0.34186
6.5	0.75	0.341924
7	0.75	0.341989
7.5	0.75	0.342054
8	0.75	0.342118
8.5	0.75	0.342181
9	0.75	0.342241
9.5	0.75	0.342297
10	0.75	0.342347
10.5	0.75	0.34239
11	0.75	0.342427
11.5	0.75	0.342457
12	0.75	0.342481
12.5	0.75	0.3425
13	0.75	0.342514
13.5	0.75	0.342524
14	0.75	0.342533
14.5	0.75	0.34254
15	0.75	0.342545
15.5	0.75	0.342551
16	0.75	0.342556
16.5	0.75	0.342561
17	0.75	0.342567
17.5	0.75	0.342572
18	0.75	0.342579
18.5	0.75	0.342585
19	0.75	0.342592
19.5	0.75	0.342598
20	0.75	0.342605
20.5	0.75	0.342612
21	0.75	0.34262
21.5	0.75	0.342627
22	0.75	0.342635
22.5	0.75	0.342642
23	0.75	0.34265
23.5	0.75	0.342657
24	0.75	0.342665
24.5	0.75	0.342673
25	0.75	0.342681
25.5	0.75	0.342689
26	0.75	0.342697
26.5	0.75	0.342706
27	0.75	0.342714
27.5	0.75	0.342723
28	0.75	0.342732
28.5	0.75	0.342741
29	0.75	0.342751
29.5	0.75	0.342762
30	0.75	0.342774
30.5	0.75	0.342786
31	0.75	0.3428
31.5	0.75	0.342815
32	0.75	0.342833
32.5	0.75	0.342853
33	0.75	0.342876
33.5	0.75	0.342903
34	0.75	0.342935
34.5	0.75	0.342974
35	0.75	0.34302
35.5	0.75	0.343075
36	0.75	0.343143
36.5	0.75	0.343225
37	0.75	0.343325
37.5	0.75	0.343448
38	0.75	0.343599
38.5	0.75	0.343785
39	0.75	0.344013
39.5	0.75	0.344295
40	0.75	0.344643
40.5	0.75	0.345072
41	0.75	0.345604
41.5	0.75	0.346261
42	0.75	0.347076
42.5	0.75	0.348087
43	0.75	0.349341
43.5	0.75	0.3509
44	0.75	0.352842
44.5	0.75	0.355265
45	0.75	0.358299
45.5	0.75	0.362111
46	0.75	0.366931
46.5	0.75	0.373078
47	0.75	0.381009
47.5	0.75	0.39141
48	0.75	0.405304
48.5	0.75	0.424153
49	0.75	0.449618
49.5	0.75	0.482037
50	0.75	0.530096

0	0.25	0.121094
0.5	0.25	0.122093
1	0.25	0.122928
1.5	0.25	0.123447
2	0.25	0.123756
2.5	0.25	0.123946
3	0.25	0.124067
3.5	0.25	0.124149
4	0.25	0.124207
4.5	0.25	0.124251
5	0.25	0.124286
5.5	0.25	0.124317
6	0.25	0.124346
6.5	0.25	0.124375
7	0.25	0.124403
7.5	0.25	0.124433
8	0.25	0.124463
8.5	0.25	0.124492
9	0.25	0.12452
9.5	0.25	0.124546
10	0.25	0.124569
10.5	0.25	0.12459
11	0.25	0.124608
11.5	0.25	0.124623
12	0.25	0.124635
12.5	0.25	0.124645
13	0.25	0.124653
13.5	0.25	0.12466
14	0.25	0.124665
14.5	0.25	0.12467
15	0.25	0.124675
15.5	0.25	0.124679
16	0.25	0.124684
16.5	0.25	0.124689
17	0.25	0.124693
17.5	0.25	0.124698
18	0.25	0.124703
18.5	0.25	0.124708
19	0.25	0.124713
19.5	0.25	0.124719
20	0.25	0.124724
20.5	0.25	0.124729
21	0.25	0.124735
21.5	0.25	0.12474
22	0.25	0.124746
22.5	0.25	0.124751
23	0.25	0.124757
23.5	0.25	0.124762
24	0.25	0.124767
24.5	0.25	0.124773
25	0.25	0.124778
25.5	0.25	0.124784
26	0.25	0.124789
26.5	0.25	0.124795
27	0.25	0.1248
27.5	0.25	0.124806
28	0.25	0.124811
28.5	0.25	0.124817
29	0.25	0.124823
29.5	0.25	0.124829
30	0.25	0.124835
30.5	0.25	0.124842
31	0.25	0.124849
31.5	0.25	0.124856
32	0.25	0.124865
32.5	0.25	0.124874
33	0.25	0.124885
33.5	0.25	0.124898
34	0.25	0.124912
34.5	0.25	0.124929
35	0.25	0.124949
35.5	0.25	0.124974
36	0.25	0.125003
36.5	0.25	0.125038
37	0.25	0.12508
37.5	0.25	0.125132
38	0.25	0.125196
38.5	0.25	0.125274
39	0.25	0.12537
39.5	0.25	0.125487
40	0.25	0.125632
40.5	0.25	0.125812
41	0.25	0.126033
41.5	0.25	0.126306
42	0.25	0.126645
42.5	0.25	0.127064
43	0.25	0.127586
43.5	0.25	0.128233
44	0.25	0.129041
44.5	0.25	0.130049
45	0.25	0.131313
45.5	0.25	0.132904
46	0.25	0.134924
46.5	0.25	0.137518
47	0.25	0.140914
47.5	0.25	0.145502
48	0.25	0.15202
48.5	0.25	0.161972
49	0.25	0.178529
49.5	0.25	0.208023
50	0.25	0.276164

0	0	0
0.5	0	0
1	0	0
1.5	0	0
2	0	0
2.5	0	0
3	0	0
3.5	0	0
4	0	0
4.5	0	0
5	0	0
5.5	0	0
6	0	0
6.5	0	0
7	0	0
7.5	0	0
8	0	0
8.5	0	0
9	0	0
9.5	0	0
10	0	0
10.5	0	0
11	0	0
11.5	0	0
12	0	0
12.5	0	0
13	0	0
13.5	0	0
14	0	0
14.5	0	0
15	0	0
15.5	0	0
16	0	0
16.5	0	0
17	0	0
17.5	0	0
18	0	0
18.5	0	0
19	0	0
19.5	0	0
20	0	0
20.5	0	0
21	0	0
21.5	0	0
22	0	0
22.5	0	0
23	0	0
23.5	0	0
24	0	0
24.5	0	0
25	0	0
25.5	0	0
26	0	0
26.5	0	0
27	0	0
27.5	0	0
28	0	0
28.5	0	0
29	0	0
29.5	0	0
30	0	0
30.5	0	0
31	0	0
31.5	0	0
32	0	0
32.5	0	0
33	0	0
33.5	0	0
34	0	0
34.5	0	0
35	0	0
35.5	0	0
36	0	0
36.5	0	0
37	0	0
37.5	0	0
38	0	0
38.5	0	0
39	0	0
39.5	0	0
40	0	0
40.5	0	0
41	0	0
41.5	0	0
42	0	0
42.5	0	0
43	0	0
43.5	0	0
44	0	0
44.5	0	0
45	0	0
45.5	0	0
46	0	0
46.5	0	0
47	0	0
47.5	0	0
48	0	0
48.5	0	0
49	0	0
49.5	0	0
50	0	0

