0	8	0
0.25	8	0
0.75	8	0
1.25	8	0
1.75	8	0
2.25	8	0
2.75	8	0
3.25	8	0
3.75	8	0
4.25	8	0
4.75	8	0
5.25	8	0
5.75	8	0
6.25	8	0
6.75	8	0
7.25	8	0
7.75	8	0
8.25	8	0
8.75	8	0
9.25	8	0
9.75	8	0
10.25	8	0
10.75	8	0
11.25	8	0
11.75	8	0
12.25	8	0
12.75	8	0
13.25	8	0
13.75	8	0
14.25	8	0
14.75	8	0
15.25	8	0
15.75	8	0
16.25	8	0
16.75	8	0
17.25	8	0
17.75	8	0
18.25	8	0
18.75	8	0
19.25	8	0
19.75	8	0
20.25	8	0
20.75	8	0
21.25	8	0
21.75	8	0
22.25	8	0
22.75	8	0
23.25	8	0
23.75	8	0
24.25	8	0
24.75	8	0
25.25	8	0
25.75	8	0
26.25	8	0
26.75	8	0
27.25	8	0
27.75	8	0
28.25	8	0
28.75	8	0
29.25	8	0
29.75	8	0
30.25	8	0
30.75	8	0
31.25	8	0
31.75	8	0
32.25	8	0
32.75	8	0
33.25	8	0
33.75	8	0
34.25	8	0
34.75	8	0
35.25	8	0
35.75	8	0
36.25	8	0
36.75	8	0
37.25	8	0
37.75	8	0
38.25	8	0
38.75	8	0
39.25	8	0
39.75	8	0
40.25	8	0
40.75	8	0
41.25	8	0
41.75	8	0
42.25	8	0
42.75	8	0
43.25	8	0
43.75	8	0
44.25	8	0
44.75	8	0
45.25	8	0
45.75	8	0
46.25	8	0
46.75	8	0
47.25	8	0
47.75	8	0
48.25	8	0
48.75	8	0
49.25	8	0
49.75	8	0
50	8	0

0	7.5	0
0.25	7.5	0.000991509
0.75	7.5	0.000831146
1.25	7.5	0.000514214
1.75	7.5	0.000305113
2.25	7.5	0.000185356
2.75	7.5	0.000117256
3.25	7.5	7.7393e-005
3.75	7.5	5.34353e-005
4.25	7.5	3.89911e-005
4.75	7.5	3.05688e-005
5.25	7.5	2.60745e-005
5.75	7.5	2.41076e-005
6.25	7.5	2.36412e-005
6.75	7.5	2.38841e-005
7.25	7.5	2.42293e-005
7.75	7.5	2.42397e-005
8.25	7.5	2.36437e-005
8.75	7.5	2.23263e-005
9.25	7.5	2.03101e-005
9.75	7.5	1.77239e-005
10.25	7.5	1.47643e-005
10.75	7.5	1.16548e-005
11.25	7.5	8.60941e-006
11.75	7.5	5.80512e-006
12.25	7.5	3.36556e-006
12.75	7.5	1.35636e-006
13.25	7.5	-2.10046e-007
13.75	7.5	-1.36327e-006
14.25	7.5	-2.16079e-006
14.75	7.5	-2.67397e-006
15.25	7.5	-2.97617e-006
15.75	7.5	-3.13427e-006
16.25	7.5	-3.20369e-006
16.75	7.5	-3.22655e-006
17.25	7.5	-3.23206e-006
17.75	7.5	-3.23843e-006
18.25	7.5	-3.25531e-006
18.75	7.5	-3.28637e-006
19.25	7.5	-3.33153e-006
19.75	7.5	-3.38866e-006
20.25	7.5	-3.45487e-006
20.75	7.5	-3.52724e-006
21.25	7.5	-3.6033e-006
21.75	7.5	-3.68117e-006
22.25	7.5	-3.75961e-006
22.75	7.5	-3.838e-006
23.25	7.5	-3.91628e-006
23.75	7.5	-3.99485e-006
24.25	7.5	-4.07461e-006
24.75	7.5	-4.15691e-006
25.25	7.5	-4.2436e-006
25.75	7.5	-4.33709e-006
26.25	7.5	-4.44045e-006
26.75	7.5	-4.55757e-006
27.25	7.5	-4.69333e-006
27.75	7.5	-4.85378e-006
28.25	7.5	-5.04646e-006
28.75	7.5	-5.28075e-006
29.25	7.5	-5.56824e-006
29.75	7.5	-5.92328e-006
30.25	7.5	-6.36358e-006
30.75	7.5	-6.91105e-006
31.25	7.5	-7.59272e-006
31.75	7.5	-8.44194e-006
32.25	7.5	-9.49986e-006
32.75	7.5	-1.08173e-005
33.25	7.5	-1.24569e-005
33.75	7.5	-1.44959e-005
34.25	7.5	-1.70297e-005
34.75	7.5	-2.01761e-005
35.25	7.5	-2.40803e-005
35.75	7.5	-2.89212e-005
36.25	7.5	-3.492e-005
36.75	7.5	-4.23488e-005
37.25	7.5	-5.15433e-005
37.75	7.5	-6.2917e-005
38.25	7.5	-7.69785e-005
38.75	7.5	-9.43534e-005
39.25	7.5	-0.00011581
39.75	7.5	-0.000142292
40.25	7.5	-0.000174952
40.75	7.5	-0.000215204
41.25	7.5	-0.00026477
41.75	7.5	-0.00032575
42.25	7.5	-0.000400698
42.75	7.5	-0.000492723
43.25	7.5	-0.000605616
43.75	7.5	-0.000744044
44.25	7.5	-0.000913852
44.75	7.5	-0.00112261
45.25	7.5	-0.00138062
45.75	7.5	-0.00170283
46.25	7.5	-0.00211226
46.75	7.5	-0.00264531
47.25	7.5	-0.00335759
47.75	7.5	-0.00432041
48.25	7.5	-0.00557323
48.75	7.5	-0.00693724
49.25	7.5	-0.00753216
49.75	7.5	-0.00529594
50	7.5	-0.00398593

0	7	0
0.25	7	0.000828149
0.75	7	0.00110355
1.25	7	0.000919612
1.75	7	0.000674884
2.25	7	0.00047649
2.75	7	0.000334848
3.25	7	0.000238215
3.75	7	0.000173939
4.25	7	0.000132486
4.75	7	0.000107128
5.25	7	9.30055e-005
5.75	7	8.64265e-005
6.25	7	8.44546e-005
6.75	7	8.47206e-005
7.25	7	8.53596e-005
7.75	7	8.50072e-005
8.25	7	8.28036e-005
8.75	7	7.83751e-005
9.25	7	7.17776e-005
9.75	7	6.34024e-005
10.25	7	5.38577e-005
10.75	7	4.38422e-005
11.25	7	3.40303e-005
11.75	7	2.49856e-005
12.25	7	1.71071e-005
12.75	7	1.06128e-005
13.25	7	5.55227e-006
13.75	7	1.84008e-006
14.25	7	-7.00742e-007
14.75	7	-2.29477e-006
15.25	7	-3.1765e-006
15.75	7	-3.56267e-006
16.25	7	-3.63558e-006
16.75	7	-3.53614e-006
17.25	7	-3.36445e-006
17.75	7	-3.18497e-006
18.25	7	-3.03417e-006
18.75	7	-2.92838e-006
19.25	7	-2.87096e-006
19.75	7	-2.85794e-006
20.25	7	-2.88215e-006
20.75	7	-2.93586e-006
21.25	7	-3.01232e-006
21.75	7	-3.10653e-006
22.25	7	-3.2154e-006
22.75	7	-3.33774e-006
23.25	7	-3.47412e-006
23.75	7	-3.62667e-006
24.25	7	-3.79904e-006
24.75	7	-3.99637e-006
25.25	7	-4.22544e-006
25.75	7	-4.49485e-006
26.25	7	-4.81536e-006
26.75	7	-5.2004e-006
27.25	7	-5.66657e-006
27.75	7	-6.23448e-006
28.25	7	-6.9296e-006
28.75	7	-7.78348e-006
29.25	7	-8.83514e-006
29.75	7	-1.01328e-005
30.25	7	-1.17363e-005
30.75	7	-1.37192e-005
31.25	7	-1.61729e-005
31.75	7	-1.92102e-005
32.25	7	-2.29704e-005
32.75	7	-2.76259e-005
33.25	7	-3.33896e-005
33.75	7	-4.05247e-005
34.25	7	-4.93563e-005
34.75	7	-6.0286e-005
35.25	7	-7.38099e-005
35.75	7	-9.05406e-005
36.25	7	-0.000111234
36.75	7	-0.000136824
37.25	7	-0.000168459
37.75	7	-0.00020756
38.25	7	-0.000255874
38.75	7	-0.00031555
39.25	7	-0.000389232
39.75	7	-0.000480169
40.25	7	-0.000592343
40.75	7	-0.000730635
41.25	7	-0.000901011
41.75	7	-0.00111076
42.25	7	-0.00136879
42.75	7	-0.00168595
43.25	7	-0.00207555
43.75	7	-0.002554
44.25	7	-0.0031418
44.75	7	-0.00386519
45.25	7	-0.00475895
45.75	7	-0.00587109
46.25	7	-0.00727062
46.75	7	-0.00905833
47.25	7	-0.0113773
47.75	7	-0.0144069
48.25	7	-0.0182936
48.75	7	-0.0229119
49.25	7	-0.0272411
49.75	7	-0.027825
50	7	-0.0222007

0	6.5	0
0.25	6.5	0.000552728
0.75	6.5	0.000992316
1.25	6.5	0.00100926
1.75	6.5	0.000859579
2.25	6.5	0.000678114
2.75	6.5	0.00051732
3.25	6.5	0.00039115
3.75	6.5	0.000298897
4.25	6.5	0.000235382
4.75	6.5	0.000194649
5.25	6.5	0.000171072
5.75	6.5	0.000159597
6.25	6.5	0.000155771
6.75	6.5	0.000155773
7.25	6.5	0.000156482
7.75	6.5	0.000155553
8.25	6.5	0.000151474
8.75	6.5	0.000143555
9.25	6.5	0.000131852
9.75	6.5	0.000117011
10.25	6.5	0.000100068
10.75	6.5	8.22328e-005
11.25	6.5	6.46898e-005
11.75	6.5	4.84417e-005
12.25	6.5	3.42124e-005
12.75	6.5	2.24117e-005
13.25	6.5	1.31528e-005
13.75	6.5	6.30698e-006
14.25	6.5	1.57764e-006
14.75	6.5	-1.4231e-006
15.25	6.5	-3.10743e-006
15.75	6.5	-3.86171e-006
16.25	6.5	-4.01517e-006
16.75	6.5	-3.82589e-006
17.25	6.5	-3.4802e-006
17.75	6.5	-3.10091e-006
18.25	6.5	-2.75998e-006
18.75	6.5	-2.49227e-006
19.25	6.5	-2.30819e-006
19.75	6.5	-2.20389e-006
20.25	6.5	-2.1688e-006
20.75	6.5	-2.19066e-006
21.25	6.5	-2.25848e-006
21.75	6.5	-2.36401e-006
22.25	6.5	-2.50237e-006
22.75	6.5	-2.67199e-006
23.25	6.5	-2.87446e-006
23.75	6.5	-3.11433e-006
24.25	6.5	-3.39892e-006
24.75	6.5	-3.73847e-006
25.25	6.5	-4.14626e-006
25.75	6.5	-4.63913e-006
26.25	6.5	-5.23812e-006
26.75	6.5	-5.96929e-006
27.25	6.5	-6.86496e-006
27.75	6.5	-7.96507e-006
28.25	6.5	-9.31903e-006
28.75	6.5	-1.0988e-005
29.25	6.5	-1.30475e-005
29.75	6.5	-1.5591e-005
30.25	6.5	-1.87343e-005
30.75	6.5	-2.26201e-005
31.25	6.5	-2.74255e-005
31.75	6.5	-3.33691e-005
32.25	6.5	-4.07212e-005
32.75	6.5	-4.98162e-005
33.25	6.5	-6.10673e-005
33.75	6.5	-7.49855e-005
34.25	6.5	-9.22023e-005
34.75	6.5	-0.000113498
35.25	6.5	-0.000139837
35.75	6.5	-0.00017241
36.25	6.5	-0.000212689
36.75	6.5	-0.000262489
37.25	6.5	-0.000324051
37.75	6.5	-0.000400139
38.25	6.5	-0.000494159
38.75	6.5	-0.000610309
39.25	6.5	-0.000753752
39.75	6.5	-0.000930839
40.25	6.5	-0.00114937
40.75	6.5	-0.00141891
41.25	6.5	-0.00175119
41.75	6.5	-0.00216055
42.25	6.5	-0.00266454
42.75	6.5	-0.00328462
43.25	6.5	-0.00404708
43.75	6.5	-0.00498428
44.25	6.5	-0.00613639
44.75	6.5	-0.00755404
45.25	6.5	-0.00930238
45.75	6.5	-0.0114675
46.25	6.5	-0.0141658
46.75	6.5	-0.0175557
47.25	6.5	-0.0218449
47.75	6.5	-0.0272738
48.25	6.5	-0.0340139
48.75	6.5	-0.0418465
49.25	6.5	-0.0493163
49.75	6.5	-0.051698
50	6.5	-0.0457184

0	6	0
0.25	6	0.000348194
0.75	6	0.000761256
1.25	6	0.000890012
1.75	6	0.000846108
2.25	6	0.000727626
2.75	6	0.000593605
3.25	6	0.000472735
3.75	6	0.000375904
4.25	6	0.000304899
4.75	6	0.000257258
5.25	6	0.000228711
5.75	6	0.000214368
6.25	6	0.000209338
6.75	6	0.00020911
7.25	6	0.00020983
7.75	6	0.000208518
8.25	6	0.000203194
8.75	6	0.000192914
9.25	6	0.00017769
9.75	6	0.000158306
10.25	6	0.000136073
10.75	6	0.000112553
11.25	6	8.92973e-005
11.75	6	6.76366e-005
12.25	6	4.85521e-005
12.75	6	3.26193e-005
13.25	6	2.00237e-005
13.75	6	1.06278e-005
14.25	6	4.06477e-006
14.75	6	-1.62027e-007
15.25	6	-2.59043e-006
15.75	6	-3.73159e-006
16.25	6	-4.02642e-006
16.75	6	-3.82488e-006
17.25	6	-3.38319e-006
17.75	6	-2.87324e-006
18.25	6	-2.39852e-006
18.75	6	-2.01186e-006
19.25	6	-1.73208e-006
19.75	6	-1.55772e-006
20.25	6	-1.47729e-006
20.75	6	-1.47623e-006
21.25	6	-1.54114e-006
21.75	6	-1.66205e-006
22.25	6	-1.83329e-006
22.75	6	-2.05372e-006
23.25	6	-2.32655e-006
23.75	6	-2.65915e-006
24.25	6	-3.06298e-006
24.75	6	-3.55374e-006
25.25	6	-4.15173e-006
25.75	6	-4.88259e-006
26.25	6	-5.77828e-006
26.75	6	-6.87846e-006
27.25	6	-8.23217e-006
27.75	6	-9.9001e-006
28.25	6	-1.19573e-005
28.75	6	-1.44965e-005
29.25	6	-1.76325e-005
29.75	6	-2.15072e-005
30.25	6	-2.62962e-005
30.75	6	-3.22166e-005
31.25	6	-3.95371e-005
31.75	6	-4.85897e-005
32.25	6	-5.97853e-005
32.75	6	-7.36319e-005
33.25	6	-9.07576e-005
33.75	6	-0.000111939
34.25	6	-0.000138137
34.75	6	-0.000170538
35.25	6	-0.00021061
35.75	6	-0.000260164
36.25	6	-0.000321442
36.75	6	-0.000397208
37.25	6	-0.000490879
37.75	6	-0.000606667
38.25	6	-0.000749773
38.75	6	-0.000926604
39.25	6	-0.00114506
39.75	6	-0.00141485
40.25	6	-0.00174793
40.75	6	-0.00215898
41.25	6	-0.00266603
41.75	6	-0.00329116
42.25	6	-0.00406144
42.75	6	-0.00500998
43.25	6	-0.00617734
43.75	6	-0.0076133
44.25	6	-0.00937915
44.75	6	-0.0115509
45.25	6	-0.0142238
45.75	6	-0.0175186
46.25	6	-0.0215891
46.75	6	-0.0266304
47.25	6	-0.0328777
47.75	6	-0.0405727
48.25	6	-0.0498372
48.75	6	-0.0603093
49.25	6	-0.0702436
49.75	6	-0.0745036
50	6	-0.0687624

0	5.5	0
0.25	5.5	0.000213943
0.75	5.5	0.000529709
1.25	5.5	0.000681207
1.75	5.5	0.000701078
2.25	5.5	0.000643388
2.75	5.5	0.000553149
3.25	5.5	0.000459349
3.75	5.5	0.000377467
4.25	5.5	0.000313867
4.75	5.5	0.000269437
5.25	5.5	0.000242025
5.75	5.5	0.000227946
6.25	5.5	0.000222916
6.75	5.5	0.000222676
7.25	5.5	0.000223421
7.75	5.5	0.000222118
8.25	5.5	0.0002167
8.75	5.5	0.000206137
9.25	5.5	0.000190382
9.75	5.5	0.000170201
10.25	5.5	0.000146926
10.75	5.5	0.000122173
11.25	5.5	9.75679e-005
11.75	5.5	7.45282e-005
12.25	5.5	5.41152e-005
12.75	5.5	3.69707e-005
13.25	5.5	2.33264e-005
13.75	5.5	1.30691e-005
14.25	5.5	5.8355e-006
14.75	5.5	1.11632e-006
15.25	5.5	-1.64983e-006
15.75	5.5	-3.0033e-006
16.25	5.5	-3.41529e-006
16.75	5.5	-3.26372e-006
17.25	5.5	-2.82851e-006
17.75	5.5	-2.30016e-006
18.25	5.5	-1.79573e-006
18.75	5.5	-1.37732e-006
19.25	5.5	-1.0696e-006
19.75	5.5	-8.74493e-007
20.25	5.5	-7.82373e-007
20.75	5.5	-7.79703e-007
21.25	5.5	-8.53831e-007
21.75	5.5	-9.9561e-007
22.25	5.5	-1.20058e-006
22.75	5.5	-1.46932e-006
23.25	5.5	-1.80744e-006
23.75	5.5	-2.22552e-006
24.25	5.5	-2.73916e-006
24.75	5.5	-3.36928e-006
25.25	5.5	-4.14274e-006
25.75	5.5	-5.09336e-006
26.25	5.5	-6.2632e-006
26.75	5.5	-7.70442e-006
27.25	5.5	-9.48157e-006
27.75	5.5	-1.16745e-005
28.25	5.5	-1.43818e-005
28.75	5.5	-1.77258e-005
29.25	5.5	-2.18572e-005
29.75	5.5	-2.6963e-005
30.25	5.5	-3.32741e-005
30.75	5.5	-4.10763e-005
31.25	5.5	-5.07232e-005
31.75	5.5	-6.26519e-005
32.25	5.5	-7.74035e-005
32.75	5.5	-9.56467e-005
33.25	5.5	-0.000118209
33.75	5.5	-0.000146114
34.25	5.5	-0.000180626
34.75	5.5	-0.00022331
35.25	5.5	-0.0002761
35.75	5.5	-0.000341386
36.25	5.5	-0.000422122
36.75	5.5	-0.00052196
37.25	5.5	-0.000645408
37.75	5.5	-0.000798034
38.25	5.5	-0.000986711
38.75	5.5	-0.00121992
39.25	5.5	-0.00150812
39.75	5.5	-0.00186419
40.25	5.5	-0.00230401
40.75	5.5	-0.0028471
41.25	5.5	-0.00351746
41.75	5.5	-0.00434457
42.25	5.5	-0.00536458
42.75	5.5	-0.00662179
43.25	5.5	-0.00817044
43.75	5.5	-0.0100769
44.25	5.5	-0.0124223
44.75	5.5	-0.0153061
45.25	5.5	-0.0188498
45.75	5.5	-0.0232023
46.25	5.5	-0.0285439
46.75	5.5	-0.035088
47.25	5.5	-0.0430697
47.75	5.5	-0.0527001
48.25	5.5	-0.064028
48.75	5.5	-0.0765846
49.25	5.5	-0.0885402
49.75	5.5	-0.0948237
50	5.5	-0.0896678

0	5	0
0.25	5	0.000124002
0.75	5	0.000329537
1.25	5	0.000450287
1.75	5	0.000488808
2.25	5	0.000469378
2.75	5	0.00041902
3.25	5	0.00035883
3.75	5	0.00030221
4.25	5	0.000256085
4.75	5	0.000222803
5.25	5	0.000201807
5.75	5	0.000190874
6.25	5	0.000186972
6.75	5	0.000186866
7.25	5	0.000187558
7.75	5	0.000186592
8.25	5	0.00018226
8.75	5	0.000173684
9.25	5	0.000160784
9.75	5	0.000144161
10.25	5	0.000124892
10.75	5	0.000104304
11.25	5	8.37496e-005
11.75	5	6.44194e-005
12.25	5	4.72171e-005
12.75	5	3.27017e-005
13.25	5	2.1091e-005
13.75	5	1.23116e-005
14.25	5	6.07647e-006
14.75	5	1.97065e-006
15.25	5	-4.70219e-007
15.75	5	-1.69767e-006
16.25	5	-2.10883e-006
16.75	5	-2.02486e-006
17.25	5	-1.68578e-006
17.75	5	-1.25678e-006
18.25	5	-8.41016e-007
18.75	5	-4.94848e-007
19.25	5	-2.42482e-007
19.75	5	-8.84191e-008
20.25	5	-2.6996e-008
20.75	5	-4.90444e-008
21.25	5	-1.46126e-007
21.75	5	-3.12938e-007
22.25	5	-5.48505e-007
22.75	5	-8.56664e-007
23.25	5	-1.24625e-006
23.75	5	-1.73124e-006
24.25	5	-2.33104e-006
24.75	5	-3.07105e-006
25.25	5	-3.98354e-006
25.75	5	-5.10888e-006
26.25	5	-6.49723e-006
26.75	5	-8.21076e-006
27.25	5	-1.03264e-005
27.75	5	-1.29392e-005
28.25	5	-1.61668e-005
28.75	5	-2.01547e-005
29.25	5	-2.50828e-005
29.75	5	-3.11738e-005
30.25	5	-3.8703e-005
30.75	5	-4.80112e-005
31.25	5	-5.95197e-005
31.75	5	-7.375e-005
32.25	5	-9.13471e-005
32.75	5	-0.000113109
33.25	5	-0.000140022
33.75	5	-0.000173307
34.25	5	-0.000214475
34.75	5	-0.000265391
35.25	5	-0.000328366
35.75	5	-0.000406253
36.25	5	-0.000502583
36.75	5	-0.000621718
37.25	5	-0.00076905
37.75	5	-0.000951242
38.25	5	-0.00117652
38.75	5	-0.00145506
39.25	5	-0.00179939
39.75	5	-0.00222501
40.25	5	-0.00275099
40.75	5	-0.00340086
41.25	5	-0.00420359
41.75	5	-0.00519482
42.25	5	-0.00641834
42.75	5	-0.00792787
43.25	5	-0.00978924
43.75	5	-0.0120829
44.25	5	-0.0149069
44.75	5	-0.0183803
45.25	5	-0.0226464
45.75	5	-0.0278762
46.25	5	-0.0342692
46.75	5	-0.0420484
47.25	5	-0.0514415
47.75	5	-0.0626254
48.25	5	-0.0755903
48.75	5	-0.0898146
49.25	5	-0.103507
49.75	5	-0.111841
50	5	-0.107474

0	4.5	0
0.25	4.5	5.76839e-005
0.75	4.5	0.000157777
1.25	4.5	0.000222648
1.75	4.5	0.000249145
2.25	4.5	0.000245723
2.75	4.5	0.000224418
3.25	4.5	0.000195879
3.75	4.5	0.000167563
4.25	4.5	0.000143739
4.75	4.5	0.000126182
5.25	4.5	0.000114955
5.75	4.5	0.000109073
6.25	4.5	0.000106998
6.75	4.5	0.000107006
7.25	4.5	0.000107456
7.75	4.5	0.00010698
8.25	4.5	0.000104613
8.75	4.5	9.98489e-005
9.25	4.5	9.2629e-005
9.75	4.5	8.32792e-005
10.25	4.5	7.24e-005
10.75	4.5	6.07387e-005
11.25	4.5	4.90619e-005
11.75	4.5	3.80496e-005
12.25	4.5	2.82225e-005
12.75	4.5	1.99071e-005
13.25	4.5	1.32362e-005
13.75	4.5	8.17599e-006
14.25	4.5	4.56914e-006
14.75	4.5	2.18328e-006
15.25	4.5	7.55752e-007
15.75	4.5	2.9376e-008
16.25	4.5	-2.23424e-007
16.75	4.5	-1.87811e-007
17.25	4.5	-3.15556e-009
17.75	4.5	2.3368e-007
18.25	4.5	4.61228e-007
18.75	4.5	6.4481e-007
19.25	4.5	7.68158e-007
19.75	4.5	8.26222e-007
20.25	4.5	8.19609e-007
20.75	4.5	7.50619e-007
21.25	4.5	6.20654e-007
21.75	4.5	4.28659e-007
22.25	4.5	1.70222e-007
22.75	4.5	-1.62945e-007
23.25	4.5	-5.834e-007
23.75	4.5	-1.1084e-006
24.25	4.5	-1.76048e-006
24.75	4.5	-2.56832e-006
25.25	4.5	-3.56784e-006
25.75	4.5	-4.80373e-006
26.25	4.5	-6.33139e-006
26.75	4.5	-8.21939e-006
27.25	4.5	-1.05525e-005
27.75	4.5	-1.34357e-005
28.25	4.5	-1.69988e-005
28.75	4.5	-2.14021e-005
29.25	4.5	-2.68442e-005
29.75	4.5	-3.35708e-005
30.25	4.5	-4.18858e-005
30.75	4.5	-5.2165e-005
31.25	4.5	-6.48738e-005
31.75	4.5	-8.05875e-005
32.25	4.5	-0.000100018
32.75	4.5	-0.000124047
33.25	4.5	-0.000153763
33.75	4.5	-0.000190514
34.25	4.5	-0.000235969
34.75	4.5	-0.00029219
35.25	4.5	-0.000361729
35.75	4.5	-0.000447742
36.25	4.5	-0.000554131
36.75	4.5	-0.000685724
37.25	4.5	-0.000848489
37.75	4.5	-0.00104981
38.25	4.5	-0.0012988
38.75	4.5	-0.00160674
39.25	4.5	-0.00198757
39.75	4.5	-0.0024585
40.25	4.5	-0.00304078
40.75	4.5	-0.00376066
41.25	4.5	-0.00465053
41.75	4.5	-0.00575029
42.25	4.5	-0.00710913
42.75	4.5	-0.00878749
43.25	4.5	-0.0108596
43.75	4.5	-0.0134164
44.25	4.5	-0.0165685
44.75	4.5	-0.02045
45.25	4.5	-0.0252215
45.75	4.5	-0.0310722
46.25	4.5	-0.0382184
46.75	4.5	-0.046895
47.25	4.5	-0.0573303
47.75	4.5	-0.0696872
48.25	4.5	-0.0839304
48.75	4.5	-0.0995309
49.25	4.5	-0.114778
49.75	4.5	-0.125094
50	4.5	-0.121637

0	4	0
0.25	4	1.33759e-006
0.75	4	1.20483e-006
1.25	4	1.09338e-006
1.75	4	1.08643e-006
2.25	4	1.11011e-006
2.75	4	1.14206e-006
3.25	4	1.17353e-006
3.75	4	1.20163e-006
4.25	4	1.22745e-006
4.75	4	1.25357e-006
5.25	4	1.28245e-006
5.75	4	1.31554e-006
6.25	4	1.35316e-006
6.75	4	1.39467e-006
7.25	4	1.43879e-006
7.75	4	1.484e-006
8.25	4	1.52878e-006
8.75	4	1.57186e-006
9.25	4	1.61234e-006
9.75	4	1.64974e-006
10.25	4	1.684e-006
10.75	4	1.71541e-006
11.25	4	1.74454e-006
11.75	4	1.77205e-006
12.25	4	1.7986e-006
12.75	4	1.82473e-006
13.25	4	1.85075e-006
13.75	4	1.87672e-006
14.25	4	1.9024e-006
14.75	4	1.92729e-006
15.25	4	1.9506e-006
15.75	4	1.9713e-006
16.25	4	1.98816e-006
16.75	4	1.99972e-006
17.25	4	2.00428e-006
17.75	4	1.99987e-006
18.25	4	1.98421e-006
18.75	4	1.95459e-006
19.25	4	1.90781e-006
19.75	4	1.83997e-006
20.25	4	1.7464e-006
20.75	4	1.62134e-006
21.25	4	1.45777e-006
21.75	4	1.24707e-006
22.25	4	9.78607e-007
22.75	4	6.39306e-007
23.25	4	2.13036e-007
23.75	4	-3.20103e-007
24.25	4	-9.84675e-007
24.75	4	-1.81101e-006
25.25	4	-2.83659e-006
25.75	4	-4.10772e-006
26.25	4	-5.68163e-006
26.75	4	-7.62909e-006
27.25	4	-1.00376e-005
27.75	4	-1.30154e-005
28.25	4	-1.66964e-005
28.75	4	-2.12463e-005
29.25	4	-2.68698e-005
29.75	4	-3.38205e-005
30.25	4	-4.24122e-005
30.75	4	-5.30328e-005
31.25	4	-6.61627e-005
31.75	4	-8.23961e-005
32.25	4	-0.000102468
32.75	4	-0.000127288
33.25	4	-0.000157982
33.75	4	-0.000195943
34.25	4	-0.000242893
34.75	4	-0.000300965
35.25	4	-0.000372795
35.75	4	-0.000461647
36.25	4	-0.000571559
36.75	4	-0.000707526
37.25	4	-0.000875727
37.75	4	-0.00108381
38.25	4	-0.00134123
38.75	4	-0.00165969
39.25	4	-0.00205367
39.75	4	-0.00254107
40.25	4	-0.00314405
40.75	4	-0.00388999
41.25	4	-0.00481278
41.75	4	-0.00595429
42.25	4	-0.00736622
42.75	4	-0.00911242
43.25	4	-0.0112715
43.75	4	-0.0139402
44.25	4	-0.0172368
44.75	4	-0.0213052
45.25	4	-0.0263186
45.75	4	-0.0324816
46.25	4	-0.040029
46.75	4	-0.0492163
47.25	4	-0.060293
47.75	4	-0.073442
48.25	4	-0.0886485
48.75	4	-0.105415
49.25	4	-0.122108
49.75	4	-0.134301
50	4	-0.131838

0	3.5	0
0.25	3.5	-5.50112e-005
0.75	3.5	-0.000155371
1.25	3.5	-0.000220463
1.75	3.5	-0.000246972
2.25	3.5	-0.000243502
2.75	3.5	-0.000222133
3.25	3.5	-0.000193531
3.75	3.5	-0.000165159
4.25	3.5	-0.000141284
4.75	3.5	-0.000123675
5.25	3.5	-0.00011239
5.75	3.5	-0.000106442
6.25	3.5	-0.000104293
6.75	3.5	-0.000104219
7.25	3.5	-0.00010458
7.75	3.5	-0.000104015
8.25	3.5	-0.00010156
8.75	3.5	-9.67097e-005
9.25	3.5	-8.94093e-005
9.75	3.5	-7.99847e-005
10.25	3.5	-6.90368e-005
10.75	3.5	-5.73122e-005
11.25	3.5	-4.55765e-005
11.75	3.5	-3.45083e-005
12.25	3.5	-2.46271e-005
12.75	3.5	-1.62585e-005
13.25	3.5	-9.53443e-006
13.75	3.5	-4.42114e-006
14.25	3.5	-7.61796e-007
14.75	3.5	1.67499e-006
15.25	3.5	3.15035e-006
15.75	3.5	3.91947e-006
16.25	3.5	4.20751e-006
16.75	3.5	4.19679e-006
17.25	3.5	4.02337e-006
17.75	3.5	3.78032e-006
18.25	3.5	3.52465e-006
18.75	3.5	3.28579e-006
19.25	3.5	3.07378e-006
19.75	3.5	2.88614e-006
20.25	3.5	2.71314e-006
20.75	3.5	2.54137e-006
21.25	3.5	2.35578e-006
21.75	3.5	2.1407e-006
22.25	3.5	1.87995e-006
22.75	3.5	1.55646e-006
23.25	3.5	1.15153e-006
23.75	3.5	6.43848e-007
24.25	3.5	8.35031e-009
24.75	3.5	-7.85076e-007
25.25	3.5	-1.77311e-006
25.75	3.5	-3.0008e-006
26.25	3.5	-4.52362e-006
26.75	3.5	-6.41013e-006
27.25	3.5	-8.74505e-006
27.75	3.5	-1.16332e-005
28.25	3.5	-1.52041e-005
28.75	3.5	-1.96183e-005
29.25	3.5	-2.50741e-005
29.75	3.5	-3.18171e-005
30.25	3.5	-4.01511e-005
30.75	3.5	-5.04519e-005
31.25	3.5	-6.31849e-005
31.75	3.5	-7.89257e-005
32.25	3.5	-9.83865e-005
32.75	3.5	-0.000122449
33.25	3.5	-0.000152204
33.75	3.5	-0.000189001
34.25	3.5	-0.000234511
34.75	3.5	-0.0002908
35.25	3.5	-0.000360427
35.75	3.5	-0.000446559
36.25	3.5	-0.000553113
36.75	3.5	-0.000684939
37.25	3.5	-0.00084804
37.75	3.5	-0.00104985
38.25	3.5	-0.00129957
38.75	3.5	-0.00160859
39.25	3.5	-0.00199103
39.75	3.5	-0.00246436
40.25	3.5	-0.00305024
40.75	3.5	-0.00377551
41.25	3.5	-0.00467344
41.75	3.5	-0.00578526
42.25	3.5	-0.0071621
42.75	3.5	-0.00886735
43.25	3.5	-0.0109795
43.75	3.5	-0.0135958
44.25	3.5	-0.0168363
44.75	3.5	-0.0208484
45.25	3.5	-0.0258123
45.75	3.5	-0.0319449
46.25	3.5	-0.0395012
46.75	3.5	-0.0487686
47.25	3.5	-0.0600437
47.75	3.5	-0.0735738
48.25	3.5	-0.0894233
48.75	3.5	-0.107177
49.25	3.5	-0.125259
49.75	3.5	-0.13924
50	3.5	-0.137843

0	3	0
0.25	3	-0.000121337
0.75	3	-0.000327145
1.25	3	-0.000448107
1.75	3	-0.000486636
2.25	3	-0.000467155
2.75	3	-0.000416733
3.25	3	-0.000356481
3.75	3	-0.000299807
4.25	3	-0.000253631
4.75	3	-0.000220296
5.25	3	-0.000199244
5.75	3	-0.000188246
6.25	3	-0.00018427
6.75	3	-0.000184084
7.25	3	-0.00018469
7.75	3	-0.000183637
8.25	3	-0.000179219
8.75	3	-0.000170558
9.25	3	-0.000157579
9.75	3	-0.000140881
10.25	3	-0.000121542
10.75	3	-0.00010089
11.25	3	-8.02747e-005
11.75	3	-6.08861e-005
12.25	3	-4.36269e-005
12.75	3	-2.90552e-005
13.25	3	-1.73882e-005
13.75	3	-8.55248e-006
14.25	3	-2.26164e-006
14.75	3	1.89843e-006
15.25	3	4.39066e-006
15.75	3	5.66471e-006
16.25	3	6.11549e-006
16.75	3	6.06156e-006
17.25	3	5.73991e-006
17.75	3	5.31225e-006
18.25	3	4.87767e-006
18.75	3	4.48774e-006
19.25	3	4.16098e-006
19.75	3	3.89503e-006
20.25	3	3.67593e-006
20.75	3	3.48438e-006
21.25	3	3.29956e-006
21.75	3	3.10095e-006
22.25	3	2.86888e-006
22.75	3	2.58417e-006
23.25	3	2.22727e-006
23.75	3	1.77718e-006
24.25	3	1.21014e-006
24.75	3	4.98246e-007
25.25	3	-3.92059e-007
25.75	3	-1.50173e-006
26.25	3	-2.8811e-006
26.75	3	-4.59227e-006
27.25	3	-6.71197e-006
27.75	3	-9.3351e-006
28.25	3	-1.25791e-005
28.75	3	-1.65891e-005
29.25	3	-2.1545e-005
29.75	3	-2.7669e-005
30.25	3	-3.52366e-005
30.75	3	-4.45881e-005
31.25	3	-5.61451e-005
31.75	3	-7.04292e-005
32.25	3	-8.8086e-005
32.75	3	-0.000109914
33.25	3	-0.000136903
33.75	3	-0.000170276
34.25	3	-0.000211548
34.75	3	-0.000262593
35.25	3	-0.000325732
35.75	3	-0.000403839
36.25	3	-0.000500469
36.75	3	-0.000620027
37.25	3	-0.000767968
37.75	3	-0.000951048
38.25	3	-0.00117764
38.75	3	-0.00145811
39.25	3	-0.00180534
39.75	3	-0.00223528
40.25	3	-0.00276772
40.75	3	-0.00342727
41.25	3	-0.00424449
41.75	3	-0.00525738
42.25	3	-0.00651327
42.75	3	-0.00807114
43.25	3	-0.0100046
43.75	3	-0.0124055
44.25	3	-0.0153887
44.75	3	-0.019098
45.25	3	-0.0237127
45.75	3	-0.0294554
46.25	3	-0.0365995
46.75	3	-0.0454713
47.25	3	-0.0564387
47.75	3	-0.0698626
48.25	3	-0.0859615
48.75	3	-0.104481
49.25	3	-0.12392
49.75	3	-0.139663
50	3	-0.139409

0	2.5	0
0.25	2.5	-0.000211292
0.75	2.5	-0.000527339
1.25	2.5	-0.000679034
1.75	2.5	-0.000698904
2.25	2.5	-0.000641162
2.75	2.5	-0.000550859
3.25	2.5	-0.000457
3.75	2.5	-0.000375063
4.25	2.5	-0.000311413
4.75	2.5	-0.000266932
5.25	2.5	-0.000239463
5.75	2.5	-0.00022532
6.25	2.5	-0.000220219
6.75	2.5	-0.000219902
7.25	2.5	-0.000220565
7.75	2.5	-0.000219178
8.25	2.5	-0.000213677
8.75	2.5	-0.000203032
9.25	2.5	-0.000187199
9.75	2.5	-0.000166943
10.25	2.5	-0.000143598
10.75	2.5	-0.000118778
11.25	2.5	-9.41087e-005
11.75	2.5	-7.10068e-005
12.25	2.5	-5.05325e-005
12.75	2.5	-3.33269e-005
13.25	2.5	-1.96215e-005
13.75	2.5	-9.30304e-006
14.25	2.5	-2.00873e-006
14.75	2.5	2.76982e-006
15.25	2.5	5.59274e-006
15.75	2.5	6.99877e-006
16.25	2.5	7.45719e-006
16.75	2.5	7.34367e-006
17.25	2.5	6.93553e-006
17.75	2.5	6.4203e-006
18.25	2.5	5.91158e-006
18.75	2.5	5.46738e-006
19.25	2.5	5.10752e-006
19.75	2.5	4.82813e-006
20.25	2.5	4.61253e-006
20.75	2.5	4.43864e-006
21.25	2.5	4.28332e-006
21.75	2.5	4.1246e-006
22.25	2.5	3.94226e-006
22.75	2.5	3.7175e-006
23.25	2.5	3.43207e-006
23.75	2.5	3.06713e-006
24.25	2.5	2.602e-006
24.75	2.5	2.01284e-006
25.25	2.5	1.27127e-006
25.75	2.5	3.42827e-007
26.25	2.5	-8.14735e-007
26.75	2.5	-2.2535e-006
27.25	2.5	-4.03779e-006
27.75	2.5	-6.24715e-006
28.25	2.5	-8.97997e-006
28.75	2.5	-1.2358e-005
29.25	2.5	-1.65319e-005
29.75	2.5	-2.1688e-005
30.25	2.5	-2.80572e-005
30.75	2.5	-3.59249e-005
31.25	2.5	-4.56445e-005
31.75	2.5	-5.76535e-005
32.25	2.5	-7.24933e-005
32.75	2.5	-9.08341e-005
33.25	2.5	-0.000113505
33.75	2.5	-0.000141534
34.25	2.5	-0.000176191
34.75	2.5	-0.00021905
35.25	2.5	-0.00027206
35.75	2.5	-0.000337632
36.25	2.5	-0.000418756
36.75	2.5	-0.000519133
37.25	2.5	-0.000643348
37.75	2.5	-0.000797086
38.25	2.5	-0.000987395
38.75	2.5	-0.00122302
39.25	2.5	-0.00151481
39.75	2.5	-0.00187624
40.25	2.5	-0.00232408
40.75	2.5	-0.00287916
41.25	2.5	-0.00356749
41.75	2.5	-0.00442147
42.25	2.5	-0.00548166
42.75	2.5	-0.00679888
43.25	2.5	-0.00843705
43.75	2.5	-0.0104769
44.25	2.5	-0.0130208
44.75	2.5	-0.0161994
45.25	2.5	-0.0201805
45.75	2.5	-0.0251812
46.25	2.5	-0.031482
46.75	2.5	-0.0394439
47.25	2.5	-0.0495167
47.75	2.5	-0.0622167
48.25	2.5	-0.0780067
48.75	2.5	-0.0969273
49.25	2.5	-0.117648
49.75	2.5	-0.135226
50	2.5	-0.136212

0	2	0
0.25	2	-0.000345566
0.75	2	-0.000758916
1.25	2	-0.000887848
1.75	2	-0.000843932
2.25	2	-0.000725394
2.75	2	-0.000591311
3.25	2	-0.000470384
3.75	2	-0.000373501
4.25	2	-0.000302446
4.75	2	-0.000254754
5.25	2	-0.000226151
5.75	2	-0.000211746
6.25	2	-0.000206649
6.75	2	-0.000206347
7.25	2	-0.00020699
7.75	2	-0.000205598
8.25	2	-0.000200194
8.75	2	-0.000189835
9.25	2	-0.000174534
9.75	2	-0.000155075
10.25	2	-0.000132771
10.75	2	-0.000109181
11.25	2	-8.58569e-005
11.75	2	-6.41291e-005
12.25	2	-4.49779e-005
12.75	2	-2.89782e-005
13.25	2	-1.63156e-005
13.75	2	-6.85254e-006
14.25	2	-2.22749e-007
14.75	2	4.0697e-006
15.25	2	6.56157e-006
15.75	2	7.76269e-006
16.25	2	8.11244e-006
16.75	2	7.95898e-006
17.25	2	7.55647e-006
17.75	2	7.07446e-006
18.25	2	6.61368e-006
18.75	2	6.2238e-006
19.25	2	5.91986e-006
19.75	2	5.69587e-006
20.25	2	5.53489e-006
20.75	2	5.41576e-006
21.25	2	5.31701e-006
21.75	2	5.21881e-006
22.25	2	5.10342e-006
22.75	2	4.95486e-006
23.25	2	4.75812e-006
23.75	2	4.49813e-006
24.25	2	4.15872e-006
24.75	2	3.72149e-006
25.25	2	3.16471e-006
25.75	2	2.46213e-006
26.25	2	1.58163e-006
26.75	2	4.83633e-007
27.25	2	-8.80671e-007
27.75	2	-2.57164e-006
28.25	2	-4.66392e-006
28.75	2	-7.24986e-006
29.25	2	-1.04437e-005
29.75	2	-1.4387e-005
30.25	2	-1.92546e-005
30.75	2	-2.52634e-005
31.25	2	-3.26815e-005
31.75	2	-4.18409e-005
32.25	2	-5.31528e-005
32.75	2	-6.71261e-005
33.25	2	-8.43907e-005
33.75	2	-0.000105727
34.25	2	-0.0001321
34.75	2	-0.000164707
35.25	2	-0.000205028
35.75	2	-0.000254898
36.25	2	-0.00031659
36.75	2	-0.000392919
37.25	2	-0.000487378
37.75	2	-0.000604295
38.25	2	-0.000749043
38.75	2	-0.00092829
39.25	2	-0.00115032
39.75	2	-0.00142545
40.25	2	-0.00176649
40.75	2	-0.00218945
41.25	2	-0.00271432
41.75	2	-0.00336612
42.25	2	-0.00417628
42.75	2	-0.00518444
43.25	2	-0.00644083
43.75	2	-0.0080096
44.25	2	-0.00997343
44.75	2	-0.0124402
45.25	2	-0.0155531
45.75	2	-0.019505
46.25	2	-0.0245618
46.75	2	-0.0310931
47.25	2	-0.0396116
47.75	2	-0.0507984
48.25	2	-0.0654403
48.75	2	-0.0840699
49.25	2	-0.105805
49.75	2	-0.125411
50	2	-0.12777

0	1.5	0
0.25	1.5	-0.000550139
0.75	1.5	-0.000990017
1.25	1.5	-0.0010071
1.75	1.5	-0.000857396
2.25	1.5	-0.000675872
2.75	1.5	-0.000515021
3.25	1.5	-0.000388797
3.75	1.5	-0.000296494
4.25	1.5	-0.000232931
4.75	1.5	-0.000192148
5.25	1.5	-0.000168517
5.75	1.5	-0.000156981
6.25	1.5	-0.00015309
6.75	1.5	-0.000153023
7.25	1.5	-0.000153659
7.75	1.5	-0.000152655
8.25	1.5	-0.0001485
8.75	1.5	-0.000140505
9.25	1.5	-0.000128726
9.75	1.5	-0.00011381
10.25	1.5	-9.67933e-005
10.75	1.5	-7.88849e-005
11.25	1.5	-6.12693e-005
11.75	1.5	-4.49488e-005
12.25	1.5	-3.06469e-005
12.75	1.5	-1.87732e-005
13.25	1.5	-9.44101e-006
13.75	1.5	-2.52172e-006
14.25	1.5	2.28084e-006
14.75	1.5	5.3539e-006
15.25	1.5	7.10886e-006
15.75	1.5	7.93108e-006
16.25	1.5	8.14865e-006
16.75	1.5	8.01834e-006
17.25	1.5	7.72501e-006
17.75	1.5	7.38978e-006
18.25	1.5	7.08268e-006
18.75	1.5	6.83633e-006
19.25	1.5	6.65852e-006
19.75	1.5	6.54227e-006
20.25	1.5	6.47328e-006
20.75	1.5	6.43477e-006
21.25	1.5	6.4103e-006
21.75	1.5	6.385e-006
22.25	1.5	6.34586e-006
22.75	1.5	6.28142e-006
23.25	1.5	6.18115e-006
23.75	1.5	6.03467e-006
24.25	1.5	5.83103e-006
24.75	1.5	5.55792e-006
25.25	1.5	5.20089e-006
25.75	1.5	4.74258e-006
26.25	1.5	4.16179e-006
26.75	1.5	3.43249e-006
27.25	1.5	2.52259e-006
27.75	1.5	1.39246e-006
28.25	1.5	-6.87299e-009
28.75	1.5	-1.73601e-006
29.25	1.5	-3.8699e-006
29.75	1.5	-6.50134e-006
30.25	1.5	-9.74518e-006
30.75	1.5	-1.37436e-005
31.25	1.5	-1.86729e-005
31.75	1.5	-2.47509e-005
32.25	1.5	-3.22478e-005
32.75	1.5	-4.14982e-005
33.25	1.5	-5.29162e-005
33.75	1.5	-6.7015e-005
34.25	1.5	-8.44299e-005
34.75	1.5	-0.000105948
35.25	1.5	-0.000132544
35.75	1.5	-0.000165427
36.25	1.5	-0.000206093
36.75	1.5	-0.000256397
37.25	1.5	-0.000318643
37.75	1.5	-0.000395683
38.25	1.5	-0.000491065
38.75	1.5	-0.000609192
39.25	1.5	-0.000755541
39.75	1.5	-0.000936931
40.25	1.5	-0.00116187
40.75	1.5	-0.00144097
41.25	1.5	-0.00178754
41.75	1.5	-0.00221827
42.25	1.5	-0.00275423
42.75	1.5	-0.00342211
43.25	1.5	-0.004256
43.75	1.5	-0.00529987
44.25	1.5	-0.00661124
44.75	1.5	-0.00826683
45.25	1.5	-0.0103716
45.75	1.5	-0.0130736
46.25	1.5	-0.01659
46.75	1.5	-0.0212489
47.25	1.5	-0.0275583
47.75	1.5	-0.036296
48.25	1.5	-0.0485695
48.75	1.5	-0.0656053
49.25	1.5	-0.0875271
49.75	1.5	-0.109389
50	1.5	-0.113327

0	1	0
0.25	1	-0.000825633
0.75	1	-0.00110129
1.25	1	-0.000917451
1.75	1	-0.000672682
2.25	1	-0.000474233
2.75	1	-0.000332539
3.25	1	-0.000235858
3.75	1	-0.000171536
4.25	1	-0.000130037
4.75	1	-0.000104629
5.25	1	-9.04537e-005
5.75	1	-8.38173e-005
6.25	1	-8.17838e-005
6.75	1	-8.19844e-005
7.25	1	-8.2555e-005
7.75	1	-8.21316e-005
8.25	1	-7.98552e-005
8.75	1	-7.53527e-005
9.25	1	-6.86803e-005
9.75	1	-6.02298e-005
10.25	1	-5.06093e-005
10.75	1	-4.05174e-005
11.25	1	-3.06288e-005
11.75	1	-2.15067e-005
12.25	1	-1.35502e-005
12.75	1	-6.97734e-006
13.25	1	-1.83774e-006
13.75	1	1.95372e-006
14.25	1	4.57367e-006
14.75	1	6.2462e-006
15.25	1	7.20522e-006
15.75	1	7.6668e-006
16.25	1	7.81247e-006
16.75	1	7.78231e-006
17.25	1	7.67543e-006
17.75	1	7.55527e-006
18.25	1	7.45709e-006
18.75	1	7.39588e-006
19.25	1	7.37343e-006
19.75	1	7.38397e-006
20.25	1	7.41816e-006
20.75	1	7.46576e-006
21.25	1	7.51699e-006
21.75	1	7.56321e-006
22.25	1	7.59695e-006
22.75	1	7.61172e-006
23.25	1	7.60165e-006
23.75	1	7.56102e-006
24.25	1	7.48389e-006
24.75	1	7.3637e-006
25.25	1	7.19281e-006
25.75	1	6.96214e-006
26.25	1	6.66071e-006
26.75	1	6.2751e-006
27.25	1	5.78885e-006
27.75	1	5.18167e-006
28.25	1	4.42855e-006
28.75	1	3.4986e-006
29.25	1	2.35358e-006
29.75	1	9.46182e-007
30.25	1	-7.82223e-007
30.75	1	-2.90427e-006
31.25	1	-5.51e-006
31.75	1	-8.71102e-006
32.25	1	-1.26457e-005
32.75	1	-1.74856e-005
33.25	1	-2.34432e-005
33.75	1	-3.07822e-005
34.25	1	-3.98292e-005
34.75	1	-5.0989e-005
35.25	1	-6.47634e-005
35.75	1	-8.17744e-005
36.25	1	-0.000102793
36.75	1	-0.000128776
37.25	1	-0.000160909
37.75	1	-0.000200667
38.25	1	-0.000249877
38.75	1	-0.000310815
39.25	1	-0.000386312
39.75	1	-0.000479897
40.25	1	-0.000595972
40.75	1	-0.000740048
41.25	1	-0.000919036
41.75	1	-0.00114163
42.25	1	-0.00141885
42.75	1	-0.00176468
43.25	1	-0.0021971
43.75	1	-0.0027395
44.25	1	-0.00342282
44.75	1	-0.00428904
45.25	1	-0.00539719
45.75	1	-0.00683416
46.25	1	-0.00873514
46.75	1	-0.0113232
47.25	1	-0.0149851
47.75	1	-0.0204097
48.25	1	-0.0287989
48.75	1	-0.0420215
49.25	1	-0.0619125
49.75	1	-0.0857066
50	1	-0.0915803

0	0.5	0
0.25	0.5	-0.000989132
0.75	0.5	-0.000828923
1.25	0.5	-0.000512017
1.75	0.5	-0.000302874
2.25	0.5	-0.000183074
2.75	0.5	-0.000114934
3.25	0.5	-7.50293e-005
3.75	0.5	-5.10295e-005
4.25	0.5	-3.65407e-005
4.75	0.5	-2.80705e-005
5.25	0.5	-2.35247e-005
5.75	0.5	-2.15028e-005
6.25	0.5	-2.09778e-005
6.75	0.5	-2.11587e-005
7.25	0.5	-2.1439e-005
7.75	0.5	-2.13818e-005
8.25	0.5	-2.07156e-005
8.75	0.5	-1.93261e-005
9.25	0.5	-1.72358e-005
9.75	0.5	-1.45738e-005
10.25	0.5	-1.1537e-005
10.75	0.5	-8.34883e-006
11.25	0.5	-5.22359e-006
11.75	0.5	-2.33833e-006
12.25	0.5	1.83167e-007
12.75	0.5	2.27507e-006
13.25	0.5	3.92474e-006
13.75	0.5	5.1615e-006
14.25	0.5	6.04254e-006
14.75	0.5	6.63882e-006
15.25	0.5	7.02333e-006
15.75	0.5	7.26249e-006
16.25	0.5	7.41127e-006
16.75	0.5	7.51124e-006
17.25	0.5	7.59111e-006
17.75	0.5	7.66846e-006
18.25	0.5	7.75233e-006
18.75	0.5	7.8457e-006
19.25	0.5	7.94771e-006
19.75	0.5	8.05541e-006
20.25	0.5	8.16496e-006
20.75	0.5	8.27239e-006
21.25	0.5	8.37403e-006
21.75	0.5	8.46661e-006
22.25	0.5	8.54732e-006
22.75	0.5	8.61369e-006
23.25	0.5	8.66349e-006
23.75	0.5	8.69459e-006
24.25	0.5	8.70485e-006
24.75	0.5	8.692e-006
25.25	0.5	8.65355e-006
25.75	0.5	8.58663e-006
26.25	0.5	8.48795e-006
26.75	0.5	8.35357e-006
27.25	0.5	8.17879e-006
27.75	0.5	7.95793e-006
28.25	0.5	7.68402e-006
28.75	0.5	7.34854e-006
29.25	0.5	6.94093e-006
29.75	0.5	6.44809e-006
30.25	0.5	5.85375e-006
30.75	0.5	5.13765e-006
31.25	0.5	4.2745e-006
31.75	0.5	3.23279e-006
32.25	0.5	1.97321e-006
32.75	0.5	4.4675e-007
33.25	0.5	-1.40763e-006
33.75	0.5	-3.66592e-006
34.25	0.5	-6.42268e-006
34.75	0.5	-9.79546e-006
35.25	0.5	-1.39304e-005
35.75	0.5	-1.90088e-005
36.25	0.5	-2.52562e-005
36.75	0.5	-3.29525e-005
37.25	0.5	-4.2445e-005
37.75	0.5	-5.41658e-005
38.25	0.5	-6.86516e-005
38.75	0.5	-8.65701e-005
39.25	0.5	-0.000108753
39.75	0.5	-0.000136238
40.25	0.5	-0.000170319
40.75	0.5	-0.00021262
41.25	0.5	-0.000265177
41.75	0.5	-0.000330557
42.25	0.5	-0.000412014
42.75	0.5	-0.000513694
43.25	0.5	-0.000640935
43.75	0.5	-0.000800703
44.25	0.5	-0.00100226
44.75	0.5	-0.00125829
45.25	0.5	-0.00158694
45.75	0.5	-0.00201578
46.25	0.5	-0.00259028
46.75	0.5	-0.00339264
47.25	0.5	-0.0045857
47.75	0.5	-0.00651616
48.25	0.5	-0.0099507
48.75	0.5	-0.0165565
49.25	0.5	-0.0294937
49.75	0.5	-0.0514699
50	0.5	-0.0599901

0	0	0
0.25	0	0
0.75	0	0
1.25	0	0
1.75	0	0
2.25	0	0
2.75	0	0
3.25	0	0
3.75	0	0
4.25	0	0
4.75	0	0
5.25	0	0
5.75	0	0
6.25	0	0
6.75	0	0
7.25	0	0
7.75	0	0
8.25	0	0
8.75	0	0
9.25	0	0
9.75	0	0
10.25	0	0
10.75	0	0
11.25	0	0
11.75	0	0
12.25	0	0
12.75	0	0
13.25	0	0
13.75	0	0
14.25	0	0
14.75	0	0
15.25	0	0
15.75	0	0
16.25	0	0
16.75	0	0
17.25	0	0
17.75	0	0
18.25	0	0
18.75	0	0
19.25	0	0
19.75	0	0
20.25	0	0
20.75	0	0
21.25	0	0
21.75	0	0
22.25	0	0
22.75	0	0
23.25	0	0
23.75	0	0
24.25	0	0
24.75	0	0
25.25	0	0
25.75	0	0
26.25	0	0
26.75	0	0
27.25	0	0
27.75	0	0
28.25	0	0
28.75	0	0
29.25	0	0
29.75	0	0
30.25	0	0
30.75	0	0
31.25	0	0
31.75	0	0
32.25	0	0
32.75	0	0
33.25	0	0
33.75	0	0
34.25	0	0
34.75	0	0
35.25	0	0
35.75	0	0
36.25	0	0
36.75	0	0
37.25	0	0
37.75	0	0
38.25	0	0
38.75	0	0
39.25	0	0
39.75	0	0
40.25	0	0
40.75	0	0
41.25	0	0
41.75	0	0
42.25	0	0
42.75	0	0
43.25	0	0
43.75	0	0
44.25	0	0
44.75	0	0
45.25	0	0
45.75	0	0
46.25	0	0
46.75	0	0
47.25	0	0
47.75	0	0
48.25	0	0
48.75	0	0
49.25	0	0
49.75	0	0
50	0	0

