0
0.0666667
0.2
0.333333
0.466667
0.6
0.733333
0.866667
1
1.13333
1.26667
1.4
1.53333
1.66667
1.8
1.93333
2.06667
2.2
2.33333
2.46667
2.6
2.73333
2.86667
3
3.13333
3.26667
3.4
3.53333
3.66667
3.8
3.93333
4.06667
4.2
4.33333
4.46667
4.6
4.73333
4.86667
5
5.13333
5.26667
5.4
5.53333
5.66667
5.8
5.93333
6.06667
6.2
6.33333
6.46667
6.6
6.73333
6.86667
7
7.13333
7.26667
7.4
7.53333
7.66667
7.8
7.93333
8.06667
8.2
8.33333
8.46667
8.6
8.73333
8.86667
9
9.13333
9.26667
9.4
9.53333
9.66667
9.8
9.93333
10.0667
10.2
10.3333
10.4667
10.6
10.7333
10.8667
11
11.1333
11.2667
11.4
11.5333
11.6667
11.8
11.9333
12.05
12.15
12.25
12.35
12.45
12.55
12.65
12.75
12.85
12.95
13.0617
13.185
13.3083
13.4317
13.555
13.6783
13.8017
13.925
14.0483
14.1717
14.295
14.4183
14.5417
14.665
14.7883
14.9117
15.035
15.1583
15.2817
15.405
15.5283
15.6517
15.775
15.8983
16.0217
16.145
16.2683
16.3917
16.515
16.6383
16.7617
16.885
17.0083
17.1317
17.255
17.3783
17.5017
17.625
17.7483
17.8717
17.995
18.1183
18.2417
18.365
18.4883
18.6117
18.735
18.8583
18.9817
19.105
19.2283
19.3517
19.475
19.5983
19.7217
19.845
19.9683
20.0917
20.215
20.3383
20.4617
20.585
20.7083
20.8317
20.955
21.0783
21.2017
21.325
21.4483
21.5717
21.695
21.8183
21.9417
22.065
22.1883
22.3117
22.435
22.5583
22.6817
22.805
22.9283
23.0517
23.175
23.2983
23.4217
23.545
23.6683
23.7917
23.915
24.0383
24.1617
24.285
24.4083
24.5317
24.655
24.7783
24.9017
25.025
25.1483
25.2717
25.395
25.5183
25.6417
25.765
25.8883
26.0117
26.135
26.2583
26.3817
26.505
26.6283
26.7517
26.875
26.9983
27.1217
27.245
27.3683
27.4917
27.615
27.7383
27.8617
27.985
28.1083
28.2317
28.355
28.4783
28.6017
28.725
28.8483
28.9717
29.095
29.2183
29.3417
29.465
29.5883
29.7117
29.835
29.9583
30.0817
30.205
30.3283
30.4517
30.575
30.6983
30.8217
30.945
31.0683
31.1917
31.315
31.4383
31.5617
31.685
31.8083
31.9317
32.055
32.1783
32.3017
32.425
32.5483
32.6717
32.795
32.9183
33.0417
33.165
33.2883
33.4117
33.535
33.6583
33.7817
33.905
34.0283
34.1517
34.275
34.3983
34.5217
34.645
34.7683
34.8917
35.015
35.1383
35.2617
35.385
35.5083
35.6317
35.755
35.8783
36.0017
36.125
36.2483
36.3717
36.495
36.6183
36.7417
36.865
36.9883
37.1117
37.235
37.3583
37.4817
37.605
37.7283
37.8517
37.975
38.0983
38.2217
38.345
38.4683
38.5917
38.715
38.8383
38.9617
39.085
39.2083
39.3317
39.455
39.5783
39.7017
39.825
39.9483
40.0717
40.195
40.3183
40.4417
40.565
40.6883
40.8117
40.935
41.0583
41.1817
41.305
41.4283
41.5517
41.675
41.7983
41.9217
42.045
42.1683
42.2917
42.415
42.5383
42.6617
42.785
42.9083
43.0317
43.155
43.2783
43.4017
43.525
43.6483
43.7717
43.895
44.0183
44.1417
44.265
44.3883
44.5117
44.635
44.7583
44.8817
45.005
45.1283
45.2517
45.375
45.4983
45.6217
45.745
45.8683
45.9917
46.115
46.2383
46.3617
46.485
46.6083
46.7317
46.855
46.9783
47.1017
47.225
47.3483
47.4717
47.595
47.7183
47.8417
47.965
48.0883
48.2117
48.335
48.4583
48.5817
48.705
48.8283
48.9517
49.075
49.1983
49.3217
49.445
49.5683
49.6917
49.815
49.9383
50
