0	1	0
0.01	1	0
0.03	1	0
0.05	1	0
0.07	1	0
0.09	1	0
0.11	1	0
0.13	1	0
0.15	1	0
0.17	1	0
0.19	1	0
0.21	1	0
0.23	1	0
0.25	1	0
0.27	1	0
0.29	1	0
0.31	1	0
0.33	1	0
0.35	1	0
0.37	1	0
0.39	1	0
0.41	1	0
0.43	1	0
0.45	1	0
0.47	1	0
0.49	1	0
0.51	1	0
0.53	1	0
0.55	1	0
0.57	1	0
0.59	1	0
0.61	1	0
0.63	1	0
0.65	1	0
0.67	1	0
0.69	1	0
0.71	1	0
0.73	1	0
0.75	1	0
0.77	1	0
0.79	1	0
0.81	1	0
0.83	1	0
0.85	1	0
0.87	1	0
0.89	1	0
0.91	1	0
0.93	1	0
0.95	1	0
0.97	1	0
0.99	1	0
1	1	0

0	0.99	0
0.01	0.99	-0.000758248
0.03	0.99	0.00264355
0.05	0.99	0.0111501
0.07	0.99	0.024268
0.09	0.99	0.0411747
0.11	0.99	0.0610583
0.13	0.99	0.0832022
0.15	0.99	0.106994
0.17	0.99	0.131911
0.19	0.99	0.157511
0.21	0.99	0.18341
0.23	0.99	0.209281
0.25	0.99	0.23484
0.27	0.99	0.259841
0.29	0.99	0.284073
0.31	0.99	0.307351
0.33	0.99	0.329518
0.35	0.99	0.350434
0.37	0.99	0.369982
0.39	0.99	0.388056
0.41	0.99	0.404566
0.43	0.99	0.41943
0.45	0.99	0.432573
0.47	0.99	0.443925
0.49	0.99	0.453418
0.51	0.99	0.460984
0.53	0.99	0.466552
0.55	0.99	0.470046
0.57	0.99	0.471384
0.59	0.99	0.470477
0.61	0.99	0.467224
0.63	0.99	0.461519
0.65	0.99	0.453243
0.67	0.99	0.442273
0.69	0.99	0.428481
0.71	0.99	0.41174
0.73	0.99	0.391934
0.75	0.99	0.368968
0.77	0.99	0.342785
0.79	0.99	0.313389
0.81	0.99	0.280875
0.83	0.99	0.245473
0.85	0.99	0.207609
0.87	0.99	0.167981
0.89	0.99	0.127678
0.91	0.99	0.088331
0.93	0.99	0.052316
0.95	0.99	0.022948
0.97	0.99	0.00438512
0.99	0.99	0
1	0.99	0

0	0.97	0
0.01	0.97	0.00339778
0.03	0.97	0.0172556
0.05	0.97	0.0423871
0.07	0.97	0.0780205
0.09	0.97	0.122713
0.11	0.97	0.174843
0.13	0.97	0.232833
0.15	0.97	0.29524
0.17	0.97	0.360771
0.19	0.97	0.428284
0.21	0.97	0.496777
0.23	0.97	0.565369
0.25	0.97	0.633286
0.27	0.97	0.699851
0.29	0.97	0.764471
0.31	0.97	0.826625
0.33	0.97	0.88586
0.35	0.97	0.941775
0.37	0.97	0.99402
0.39	0.97	1.04228
0.41	0.97	1.08629
0.43	0.97	1.12579
0.45	0.97	1.16055
0.47	0.97	1.19036
0.49	0.97	1.215
0.51	0.97	1.23428
0.53	0.97	1.24799
0.55	0.97	1.25591
0.57	0.97	1.2578
0.59	0.97	1.25345
0.61	0.97	1.24258
0.63	0.97	1.22494
0.65	0.97	1.20024
0.67	0.97	1.16821
0.69	0.97	1.12858
0.71	0.97	1.08111
0.73	0.97	1.02561
0.75	0.97	0.961965
0.77	0.97	0.890215
0.79	0.97	0.810578
0.81	0.97	0.723548
0.83	0.97	0.629999
0.85	0.97	0.531313
0.87	0.97	0.429553
0.89	0.97	0.327657
0.91	0.97	0.229666
0.93	0.97	0.140915
0.95	0.97	0.0680567
0.97	0.97	0.0186488
0.99	0.97	0
1	0.97	0

0	0.95	0
0.01	0.95	0.00843128
0.03	0.95	0.0334
0.05	0.95	0.0742743
0.07	0.95	0.129692
0.09	0.95	0.197792
0.11	0.95	0.276499
0.13	0.95	0.363735
0.15	0.95	0.45752
0.17	0.95	0.556035
0.19	0.95	0.65763
0.21	0.95	0.760823
0.23	0.95	0.864296
0.25	0.95	0.966876
0.27	0.95	1.06752
0.29	0.95	1.16532
0.31	0.95	1.25945
0.33	0.95	1.34919
0.35	0.95	1.43391
0.37	0.95	1.51304
0.39	0.95	1.58608
0.41	0.95	1.65258
0.43	0.95	1.71211
0.45	0.95	1.7643
0.47	0.95	1.8088
0.49	0.95	1.84525
0.51	0.95	1.87333
0.53	0.95	1.89269
0.55	0.95	1.90301
0.57	0.95	1.90393
0.59	0.95	1.89509
0.61	0.95	1.87613
0.63	0.95	1.84667
0.65	0.95	1.80635
0.67	0.95	1.7548
0.69	0.95	1.6917
0.71	0.95	1.6168
0.73	0.95	1.52995
0.75	0.95	1.43115
0.77	0.95	1.32063
0.79	0.95	1.19894
0.81	0.95	1.06706
0.83	0.95	0.926515
0.85	0.95	0.779579
0.87	0.95	0.629437
0.89	0.95	0.480403
0.91	0.95	0.338117
0.93	0.95	0.209671
0.95	0.95	0.103624
0.97	0.95	0.0298875
0.99	0.95	0
1	0.95	0

0	0.93	0
0.01	0.93	0.0128724
0.03	0.93	0.0479604
0.05	0.93	0.102898
0.07	0.93	0.175458
0.09	0.93	0.263293
0.11	0.93	0.363974
0.13	0.93	0.47508
0.15	0.93	0.594288
0.17	0.93	0.719418
0.19	0.93	0.848462
0.21	0.93	0.979593
0.23	0.93	1.11116
0.25	0.93	1.24168
0.27	0.93	1.36981
0.29	0.93	1.49438
0.31	0.93	1.61432
0.33	0.93	1.72869
0.35	0.93	1.83665
0.37	0.93	1.93743
0.39	0.93	2.03036
0.41	0.93	2.11483
0.43	0.93	2.19027
0.45	0.93	2.25615
0.47	0.93	2.312
0.49	0.93	2.35735
0.51	0.93	2.39173
0.53	0.93	2.41472
0.55	0.93	2.42585
0.57	0.93	2.4247
0.59	0.93	2.41081
0.61	0.93	2.38375
0.63	0.93	2.34306
0.65	0.93	2.28833
0.67	0.93	2.2192
0.69	0.93	2.13535
0.71	0.93	2.03659
0.73	0.93	1.92287
0.75	0.93	1.79438
0.77	0.93	1.65161
0.79	0.93	1.49548
0.81	0.93	1.32743
0.83	0.93	1.14961
0.85	0.93	0.965008
0.87	0.93	0.777687
0.89	0.93	0.592929
0.91	0.93	0.417424
0.93	0.93	0.259405
0.95	0.93	0.128769
0.97	0.93	0.0373652
0.99	0.93	0
1	0.93	0

0	0.91	0
0.01	0.91	0.0163942
0.03	0.91	0.0599416
0.05	0.91	0.126774
0.07	0.91	0.213741
0.09	0.91	0.317949
0.11	0.91	0.436611
0.13	0.91	0.567028
0.15	0.91	0.706623
0.17	0.91	0.852968
0.19	0.91	1.00381
0.21	0.91	1.15706
0.23	0.91	1.31084
0.25	0.91	1.46342
0.27	0.91	1.61325
0.29	0.91	1.75894
0.31	0.91	1.89922
0.33	0.91	2.03298
0.35	0.91	2.15918
0.37	0.91	2.27692
0.39	0.91	2.38536
0.41	0.91	2.48376
0.43	0.91	2.57141
0.45	0.91	2.64767
0.47	0.91	2.71193
0.49	0.91	2.76363
0.51	0.91	2.80221
0.53	0.91	2.82714
0.55	0.91	2.83787
0.57	0.91	2.83391
0.59	0.91	2.81474
0.61	0.91	2.77986
0.63	0.91	2.72883
0.65	0.91	2.66121
0.67	0.91	2.57665
0.69	0.91	2.47492
0.71	0.91	2.35591
0.73	0.91	2.21974
0.75	0.91	2.06681
0.77	0.91	1.89789
0.79	0.91	1.71425
0.81	0.91	1.51777
0.83	0.91	1.31112
0.85	0.91	1.09786
0.87	0.91	0.882697
0.89	0.91	0.671592
0.91	0.91	0.471952
0.93	0.91	0.292799
0.95	0.91	0.145015
0.97	0.91	0.0418426
0.99	0.91	0
1	0.91	0

0	0.89	0
0.01	0.89	0.0190303
0.03	0.89	0.0692426
0.05	0.89	0.145647
0.07	0.89	0.244276
0.09	0.89	0.361691
0.11	0.89	0.494741
0.13	0.89	0.640471
0.15	0.89	0.796095
0.17	0.89	0.958999
0.19	0.89	1.12675
0.21	0.89	1.2971
0.23	0.89	1.46797
0.25	0.89	1.63749
0.27	0.89	1.80394
0.29	0.89	1.96576
0.31	0.89	2.12154
0.33	0.89	2.27002
0.35	0.89	2.41003
0.37	0.89	2.54054
0.39	0.89	2.66059
0.41	0.89	2.7693
0.43	0.89	2.86588
0.45	0.89	2.94957
0.47	0.89	3.01968
0.49	0.89	3.07554
0.51	0.89	3.11652
0.53	0.89	3.142
0.55	0.89	3.1514
0.57	0.89	3.14415
0.59	0.89	3.1197
0.61	0.89	3.07755
0.63	0.89	3.01724
0.65	0.89	2.93836
0.67	0.89	2.84064
0.69	0.89	2.72391
0.71	0.89	2.5882
0.73	0.89	2.43381
0.75	0.89	2.26136
0.77	0.89	2.0719
0.79	0.89	1.86702
0.81	0.89	1.64898
0.83	0.89	1.42086
0.85	0.89	1.18669
0.87	0.89	0.951615
0.89	0.89	0.722082
0.91	0.89	0.505979
0.93	0.89	0.312856
0.95	0.89	0.154231
0.97	0.89	0.0441269
0.99	0.89	0
1	0.89	0

0	0.87	0
0.01	0.87	0.0209092
0.03	0.87	0.0761031
0.05	0.87	0.159834
0.07	0.87	0.267489
0.09	0.87	0.395143
0.11	0.87	0.539303
0.13	0.87	0.696773
0.15	0.87	0.864585
0.17	0.87	1.03998
0.19	0.87	1.22039
0.21	0.87	1.40344
0.23	0.87	1.58695
0.25	0.87	1.76892
0.27	0.87	1.94752
0.29	0.87	2.12108
0.31	0.87	2.28808
0.33	0.87	2.44716
0.35	0.87	2.59704
0.37	0.87	2.73659
0.39	0.87	2.86477
0.41	0.87	2.9806
0.43	0.87	3.0832
0.45	0.87	3.17173
0.47	0.87	3.24543
0.49	0.87	3.30355
0.51	0.87	3.3454
0.53	0.87	3.37032
0.55	0.87	3.37767
0.57	0.87	3.36686
0.59	0.87	3.33733
0.61	0.87	3.28857
0.63	0.87	3.22015
0.65	0.87	3.13172
0.67	0.87	3.02307
0.69	0.87	2.89415
0.71	0.87	2.74514
0.73	0.87	2.5765
0.75	0.87	2.38909
0.77	0.87	2.1842
0.79	0.87	1.96371
0.81	0.87	1.7302
0.83	0.87	1.48707
0.85	0.87	1.23869
0.87	0.87	0.990534
0.89	0.87	0.749348
0.91	0.87	0.523315
0.93	0.87	0.322276
0.95	0.87	0.158034
0.97	0.87	0.0448266
0.99	0.87	0
1	0.87	0

0	0.85	0
0.01	0.85	0.0221687
0.03	0.85	0.0808635
0.05	0.85	0.169873
0.07	0.85	0.284113
0.09	0.85	0.41927
0.11	0.85	0.571553
0.13	0.85	0.737545
0.15	0.85	0.914122
0.17	0.85	1.0984
0.19	0.85	1.28772
0.21	0.85	1.47963
0.23	0.85	1.67185
0.25	0.85	1.86233
0.27	0.85	2.04915
0.29	0.85	2.23058
0.31	0.85	2.40503
0.33	0.85	2.57105
0.35	0.85	2.72732
0.37	0.85	2.87262
0.39	0.85	3.00584
0.41	0.85	3.12596
0.43	0.85	3.23201
0.45	0.85	3.32311
0.47	0.85	3.39843
0.49	0.85	3.45719
0.51	0.85	3.49863
0.53	0.85	3.52207
0.55	0.85	3.52686
0.57	0.85	3.51237
0.59	0.85	3.47807
0.61	0.85	3.42346
0.63	0.85	3.34815
0.65	0.85	3.25186
0.67	0.85	3.13447
0.69	0.85	2.99605
0.71	0.85	2.83692
0.73	0.85	2.65774
0.75	0.85	2.45953
0.77	0.85	2.24384
0.79	0.85	2.01279
0.81	0.85	1.7692
0.83	0.85	1.51673
0.85	0.85	1.25998
0.87	0.85	1.00463
0.89	0.85	0.757596
0.91	0.85	0.527185
0.93	0.85	0.323295
0.95	0.85	0.157692
0.97	0.85	0.0443703
0.99	0.85	0
1	0.85	0

0	0.83	0
0.01	0.83	0.0229305
0.03	0.83	0.0838659
0.05	0.83	0.176347
0.07	0.83	0.294981
0.09	0.83	0.43516
0.11	0.83	0.592856
0.13	0.83	0.76447
0.15	0.83	0.946745
0.17	0.83	1.1367
0.19	0.83	1.33161
0.21	0.83	1.52896
0.23	0.83	1.72645
0.25	0.83	1.92195
0.27	0.83	2.11353
0.29	0.83	2.29941
0.31	0.83	2.47797
0.33	0.83	2.64771
0.35	0.83	2.80729
0.37	0.83	2.95543
0.39	0.83	3.09099
0.41	0.83	3.21289
0.43	0.83	3.32015
0.45	0.83	3.41183
0.47	0.83	3.48707
0.49	0.83	3.54506
0.51	0.83	3.58503
0.53	0.83	3.60626
0.55	0.83	3.60811
0.57	0.83	3.58996
0.59	0.83	3.55128
0.61	0.83	3.49162
0.63	0.83	3.41065
0.65	0.83	3.30816
0.67	0.83	3.18412
0.69	0.83	3.03874
0.71	0.83	2.87246
0.73	0.83	2.68612
0.75	0.83	2.48092
0.77	0.83	2.2586
0.79	0.83	2.02149
0.81	0.83	1.7726
0.83	0.83	1.51576
0.85	0.83	1.25572
0.87	0.83	0.998264
0.89	0.83	0.750351
0.91	0.83	0.520246
0.93	0.83	0.317702
0.95	0.83	0.154171
0.97	0.83	0.0430591
0.99	0.83	0
1	0.83	0

0	0.81	0
0.01	0.81	0.0232949
0.03	0.81	0.0854161
0.05	0.81	0.179809
0.07	0.81	0.300898
0.09	0.81	0.443882
0.11	0.81	0.604555
0.13	0.81	0.779182
0.15	0.81	0.964403
0.17	0.81	1.15717
0.19	0.81	1.35471
0.21	0.81	1.55447
0.23	0.81	1.75414
0.25	0.81	1.95159
0.27	0.81	2.14486
0.29	0.81	2.33218
0.31	0.81	2.5119
0.33	0.81	2.68252
0.35	0.81	2.84268
0.37	0.81	2.9911
0.39	0.81	3.1266
0.41	0.81	3.24811
0.43	0.81	3.3546
0.45	0.81	3.44514
0.47	0.81	3.51884
0.49	0.81	3.57489
0.51	0.81	3.61249
0.53	0.81	3.63096
0.55	0.81	3.62962
0.57	0.81	3.60791
0.59	0.81	3.56532
0.61	0.81	3.50145
0.63	0.81	3.41602
0.65	0.81	3.30892
0.67	0.81	3.18022
0.69	0.81	3.03023
0.71	0.81	2.85956
0.73	0.81	2.66915
0.75	0.81	2.46041
0.77	0.81	2.23521
0.79	0.81	1.99604
0.81	0.81	1.74606
0.83	0.81	1.48921
0.85	0.81	1.23029
0.87	0.81	0.975112
0.89	0.81	0.730542
0.91	0.81	0.504667
0.93	0.81	0.306916
0.95	0.81	0.148205
0.97	0.81	0.0411099
0.99	0.81	0
1	0.81	0

0	0.79	0
0.01	0.79	0.0233418
0.03	0.79	0.0857714
0.05	0.79	0.180741
0.07	0.79	0.302595
0.09	0.79	0.446417
0.11	0.79	0.607891
0.13	0.79	0.783187
0.15	0.79	0.968881
0.17	0.79	1.16188
0.19	0.79	1.3594
0.21	0.79	1.55887
0.23	0.79	1.758
0.25	0.79	1.95465
0.27	0.79	2.1469
0.29	0.79	2.33297
0.31	0.79	2.51125
0.33	0.79	2.68025
0.35	0.79	2.8386
0.37	0.79	2.98504
0.39	0.79	3.1184
0.41	0.79	3.2376
0.43	0.79	3.34162
0.45	0.79	3.42953
0.47	0.79	3.50045
0.49	0.79	3.55356
0.51	0.79	3.58809
0.53	0.79	3.60335
0.55	0.79	3.59871
0.57	0.79	3.57362
0.59	0.79	3.52762
0.61	0.79	3.46038
0.63	0.79	3.37168
0.65	0.79	3.26149
0.67	0.79	3.12999
0.69	0.79	2.97759
0.71	0.79	2.80503
0.73	0.79	2.6134
0.75	0.79	2.40421
0.77	0.79	2.17949
0.79	0.79	1.94183
0.81	0.79	1.69447
0.83	0.79	1.4414
0.85	0.79	1.18743
0.87	0.79	0.938264
0.89	0.79	0.700602
0.91	0.79	0.48222
0.93	0.79	0.292068
0.95	0.79	0.140366
0.97	0.79	0.0386834
0.99	0.79	0
1	0.79	0

0	0.77	0
0.01	0.77	0.023133
0.03	0.77	0.0851405
0.05	0.77	0.179548
0.07	0.77	0.300696
0.09	0.77	0.443622
0.11	0.77	0.603956
0.13	0.77	0.777824
0.15	0.77	0.961769
0.17	0.77	1.15269
0.19	0.77	1.3478
0.21	0.77	1.54457
0.23	0.77	1.7407
0.25	0.77	1.93412
0.27	0.77	2.12292
0.29	0.77	2.30539
0.31	0.77	2.47992
0.33	0.77	2.64508
0.35	0.77	2.79952
0.37	0.77	2.94201
0.39	0.77	3.0714
0.41	0.77	3.18664
0.43	0.77	3.28673
0.45	0.77	3.37075
0.47	0.77	3.43783
0.49	0.77	3.48719
0.51	0.77	3.51808
0.53	0.77	3.52983
0.55	0.77	3.52186
0.57	0.77	3.49364
0.59	0.77	3.44479
0.61	0.77	3.37501
0.63	0.77	3.28418
0.65	0.77	3.17235
0.67	0.77	3.03979
0.69	0.77	2.88702
0.71	0.77	2.71489
0.73	0.77	2.52459
0.75	0.77	2.31776
0.77	0.77	2.0965
0.79	0.77	1.86349
0.81	0.77	1.62201
0.83	0.77	1.37604
0.85	0.77	1.13029
0.87	0.77	0.890325
0.89	0.77	0.662557
0.91	0.77	0.454353
0.93	0.77	0.274068
0.95	0.77	0.131098
0.97	0.77	0.0359025
0.99	0.77	0
1	0.77	0

0	0.75	0
0.01	0.75	0.0227153
0.03	0.75	0.083687
0.05	0.75	0.176558
0.07	0.75	0.295718
0.09	0.75	0.436218
0.11	0.75	0.593684
0.13	0.75	0.764242
0.15	0.75	0.944441
0.17	0.75	1.1312
0.19	0.75	1.32176
0.21	0.75	1.51364
0.23	0.75	1.7046
0.25	0.75	1.8926
0.27	0.75	2.07581
0.29	0.75	2.25256
0.31	0.75	2.42132
0.33	0.75	2.58069
0.35	0.75	2.72937
0.37	0.75	2.86619
0.39	0.75	2.99004
0.41	0.75	3.09989
0.43	0.75	3.19479
0.45	0.75	3.27385
0.47	0.75	3.33624
0.49	0.75	3.3812
0.51	0.75	3.40802
0.53	0.75	3.41608
0.55	0.75	3.40482
0.57	0.75	3.3738
0.59	0.75	3.32266
0.61	0.75	3.25119
0.63	0.75	3.15934
0.65	0.75	3.04724
0.67	0.75	2.91524
0.69	0.75	2.76398
0.71	0.75	2.59439
0.73	0.75	2.40775
0.75	0.75	2.20578
0.77	0.75	1.99066
0.79	0.75	1.76509
0.81	0.75	1.53233
0.83	0.75	1.2963
0.85	0.75	1.06158
0.87	0.75	0.833494
0.89	0.75	0.6181
0.91	0.75	0.422263
0.93	0.75	0.253654
0.95	0.75	0.120759
0.97	0.75	0.0328634
0.99	0.75	0
1	0.75	0

0	0.73	0
0.01	0.73	0.0221229
0.03	0.73	0.0815359
0.05	0.73	0.172027
0.07	0.73	0.288075
0.09	0.73	0.424792
0.11	0.73	0.577847
0.13	0.73	0.743403
0.15	0.73	0.918056
0.17	0.73	1.09878
0.19	0.73	1.28286
0.21	0.73	1.46789
0.23	0.73	1.6517
0.25	0.73	1.83234
0.27	0.73	2.00805
0.29	0.73	2.17722
0.31	0.73	2.3384
0.33	0.73	2.49027
0.35	0.73	2.63159
0.37	0.73	2.76124
0.39	0.73	2.87818
0.41	0.73	2.98143
0.43	0.73	3.07009
0.45	0.73	3.1433
0.47	0.73	3.2003
0.49	0.73	3.24035
0.51	0.73	3.26281
0.53	0.73	3.26709
0.55	0.73	3.2527
0.57	0.73	3.21923
0.59	0.73	3.16641
0.61	0.73	3.09409
0.63	0.73	3.00228
0.65	0.73	2.89121
0.67	0.73	2.76131
0.69	0.73	2.61329
0.71	0.73	2.44816
0.73	0.73	2.26728
0.75	0.73	2.07243
0.77	0.73	1.86581
0.79	0.73	1.65011
0.81	0.73	1.42854
0.83	0.73	1.20492
0.85	0.73	0.98361
0.87	0.73	0.769639
0.89	0.73	0.568653
0.91	0.73	0.386944
0.93	0.73	0.231432
0.95	0.73	0.109639
0.97	0.73	0.0296434
0.99	0.73	0
1	0.73	0

0	0.71	0
0.01	0.71	0.0213801
0.03	0.71	0.0787789
0.05	0.71	0.166147
0.07	0.71	0.278088
0.09	0.71	0.40981
0.11	0.71	0.557066
0.13	0.71	0.716096
0.15	0.71	0.883573
0.17	0.71	1.05655
0.19	0.71	1.23241
0.21	0.71	1.40883
0.23	0.71	1.58373
0.25	0.71	1.75526
0.27	0.71	1.92175
0.29	0.71	2.08169
0.31	0.71	2.23371
0.33	0.71	2.37658
0.35	0.71	2.50914
0.37	0.71	2.63034
0.39	0.71	2.73921
0.41	0.71	2.83483
0.43	0.71	2.91637
0.45	0.71	2.98303
0.47	0.71	3.03408
0.49	0.71	3.06886
0.51	0.71	3.08678
0.53	0.71	3.0873
0.55	0.71	3.06998
0.57	0.71	3.03449
0.59	0.71	2.98061
0.61	0.71	2.90827
0.63	0.71	2.81755
0.65	0.71	2.70874
0.67	0.71	2.58236
0.69	0.71	2.43917
0.71	0.71	2.28027
0.73	0.71	2.10706
0.75	0.71	1.92134
0.77	0.71	1.72531
0.79	0.71	1.52161
0.81	0.71	1.31338
0.83	0.71	1.10425
0.85	0.71	0.898347
0.87	0.71	0.700345
0.89	0.71	0.515416
0.91	0.71	0.349227
0.93	0.71	0.207903
0.95	0.71	0.0979752
0.97	0.71	0.0263053
0.99	0.71	0
1	0.71	0

0	0.69	0
0.01	0.69	0.0205031
0.03	0.69	0.0754809
0.05	0.69	0.159061
0.07	0.69	0.265999
0.09	0.69	0.391631
0.11	0.69	0.53183
0.13	0.69	0.682949
0.15	0.69	0.841772
0.17	0.69	1.00546
0.19	0.69	1.17152
0.21	0.69	1.33773
0.23	0.69	1.50213
0.25	0.69	1.66299
0.27	0.69	1.81874
0.29	0.69	1.96798
0.31	0.69	2.10946
0.33	0.69	2.24202
0.35	0.69	2.36461
0.37	0.69	2.47626
0.39	0.69	2.57608
0.41	0.69	2.66323
0.43	0.69	2.73693
0.45	0.69	2.79647
0.47	0.69	2.84117
0.49	0.69	2.87045
0.51	0.69	2.88375
0.53	0.69	2.8806
0.55	0.69	2.86065
0.57	0.69	2.8236
0.59	0.69	2.76932
0.61	0.69	2.69778
0.63	0.69	2.60915
0.65	0.69	2.50378
0.67	0.69	2.38225
0.69	0.69	2.24539
0.71	0.69	2.09432
0.73	0.69	1.93049
0.75	0.69	1.75569
0.77	0.69	1.57209
0.79	0.69	1.38226
0.81	0.69	1.1892
0.83	0.69	0.996325
0.85	0.69	0.807493
0.87	0.69	0.626967
0.89	0.69	0.459403
0.91	0.69	0.30981
0.93	0.69	0.183488
0.95	0.69	0.085964
0.97	0.69	0.0229007
0.99	0.69	0
1	0.69	0

0	0.67	0
0.01	0.67	0.0195018
0.03	0.67	0.0716851
0.05	0.67	0.150869
0.07	0.67	0.251982
0.09	0.67	0.370523
0.11	0.67	0.502516
0.13	0.67	0.644458
0.15	0.67	0.793276
0.17	0.67	0.946275
0.19	0.67	1.10109
0.21	0.67	1.25565
0.23	0.67	1.40812
0.25	0.67	1.55691
0.27	0.67	1.70056
0.29	0.67	1.83782
0.31	0.67	1.96753
0.33	0.67	2.08866
0.35	0.67	2.20024
0.37	0.67	2.30142
0.39	0.67	2.39137
0.41	0.67	2.46936
0.43	0.67	2.53467
0.45	0.67	2.58667
0.47	0.67	2.62475
0.49	0.67	2.64839
0.51	0.67	2.6571
0.53	0.67	2.65048
0.55	0.67	2.62823
0.57	0.67	2.59014
0.59	0.67	2.53611
0.61	0.67	2.4662
0.63	0.67	2.38064
0.65	0.67	2.27982
0.67	0.67	2.16439
0.69	0.67	2.03522
0.71	0.67	1.89346
0.73	0.67	1.74055
0.75	0.67	1.57827
0.77	0.67	1.40872
0.79	0.67	1.23437
0.81	0.67	1.05804
0.83	0.67	0.88291
0.85	0.67	0.712507
0.87	0.67	0.55066
0.89	0.67	0.401478
0.91	0.67	0.269281
0.93	0.67	0.158536
0.95	0.67	0.0737691
0.97	0.67	0.0194725
0.99	0.67	0
1	0.67	0

0	0.65	0
0.01	0.65	0.0183814
0.03	0.65	0.0674181
0.05	0.65	0.141636
0.07	0.65	0.236162
0.09	0.65	0.346684
0.11	0.65	0.469408
0.13	0.65	0.601008
0.15	0.65	0.738583
0.17	0.65	0.879604
0.19	0.65	1.02187
0.21	0.65	1.16347
0.23	0.65	1.30273
0.25	0.65	1.43819
0.27	0.65	1.56857
0.29	0.65	1.69271
0.31	0.65	1.8096
0.33	0.65	1.91832
0.35	0.65	2.01802
0.37	0.65	2.10795
0.39	0.65	2.18738
0.41	0.65	2.25566
0.43	0.65	2.31216
0.45	0.65	2.35632
0.47	0.65	2.38762
0.49	0.65	2.4056
0.51	0.65	2.40984
0.53	0.65	2.40001
0.55	0.65	2.37587
0.57	0.65	2.33727
0.59	0.65	2.28419
0.61	0.65	2.21673
0.63	0.65	2.13517
0.65	0.65	2.03998
0.67	0.65	1.93183
0.69	0.65	1.81161
0.71	0.65	1.68049
0.73	0.65	1.53989
0.75	0.65	1.39154
0.77	0.65	1.23745
0.79	0.65	1.07996
0.81	0.65	0.921682
0.83	0.65	0.765522
0.85	0.65	0.614642
0.87	0.65	0.472414
0.89	0.65	0.342372
0.91	0.65	0.228137
0.93	0.65	0.13334
0.95	0.65	0.061527
0.97	0.65	0.0160559
0.99	0.65	0
1	0.65	0

0	0.63	0
0.01	0.63	0.0171438
0.03	0.63	0.0626941
0.05	0.63	0.131404
0.07	0.63	0.218622
0.09	0.63	0.320255
0.11	0.63	0.432721
0.13	0.63	0.552899
0.15	0.63	0.678089
0.17	0.63	0.805957
0.19	0.63	0.934489
0.21	0.63	1.06195
0.23	0.63	1.18685
0.25	0.63	1.30788
0.27	0.63	1.42391
0.29	0.63	1.53395
0.31	0.63	1.63711
0.33	0.63	1.7326
0.35	0.63	1.8197
0.37	0.63	1.89775
0.39	0.63	1.96613
0.41	0.63	2.02429
0.43	0.63	2.07169
0.45	0.63	2.10785
0.47	0.63	2.13231
0.49	0.63	2.1447
0.51	0.63	2.14467
0.53	0.63	2.13195
0.55	0.63	2.10638
0.57	0.63	2.06785
0.59	0.63	2.0164
0.61	0.63	1.9522
0.63	0.63	1.87558
0.65	0.63	1.78702
0.67	0.63	1.68724
0.69	0.63	1.57714
0.71	0.63	1.45788
0.73	0.63	1.33083
0.75	0.63	1.19766
0.77	0.63	1.06027
0.79	0.63	0.920808
0.81	0.63	0.781677
0.83	0.63	0.645476
0.85	0.63	0.514977
0.87	0.63	0.393073
0.89	0.63	0.282707
0.91	0.63	0.186797
0.93	0.63	0.108148
0.95	0.63	0.0493508
0.97	0.63	0.01268
0.99	0.63	0
1	0.63	0

0	0.61	0
0.01	0.61	0.0157883
0.03	0.61	0.057519
0.05	0.61	0.120195
0.07	0.61	0.199418
0.09	0.61	0.291339
0.11	0.61	0.392618
0.13	0.61	0.500371
0.15	0.61	0.612122
0.17	0.61	0.725758
0.19	0.61	0.839475
0.21	0.61	0.951738
0.23	0.61	1.06124
0.25	0.61	1.16686
0.27	0.61	1.26763
0.29	0.61	1.36272
0.31	0.61	1.45138
0.33	0.61	1.53296
0.35	0.61	1.60686
0.37	0.61	1.67254
0.39	0.61	1.72948
0.41	0.61	1.77723
0.43	0.61	1.81535
0.45	0.61	1.84342
0.47	0.61	1.8611
0.49	0.61	1.86805
0.51	0.61	1.86402
0.53	0.61	1.8488
0.55	0.61	1.82228
0.57	0.61	1.78442
0.59	0.61	1.73532
0.61	0.61	1.67518
0.63	0.61	1.60437
0.65	0.61	1.52342
0.67	0.61	1.43303
0.69	0.61	1.33413
0.71	0.61	1.22782
0.73	0.61	1.11543
0.75	0.61	0.998535
0.77	0.61	0.878884
0.79	0.61	0.758448
0.81	0.61	0.639362
0.83	0.61	0.523904
0.85	0.61	0.414437
0.87	0.61	0.313356
0.89	0.61	0.223008
0.91	0.61	0.145613
0.93	0.61	0.0831644
0.95	0.61	0.037334
0.97	0.61	0.00936878
0.99	0.61	0
1	0.61	0

0	0.59	0
0.01	0.59	0.0143131
0.03	0.59	0.0518933
0.05	0.59	0.108024
0.07	0.59	0.178587
0.09	0.59	0.260013
0.11	0.59	0.349231
0.13	0.59	0.443622
0.15	0.59	0.540963
0.17	0.59	0.639383
0.19	0.59	0.737307
0.21	0.59	0.833419
0.23	0.59	0.926614
0.25	0.59	1.01596
0.27	0.59	1.10068
0.29	0.59	1.1801
0.31	0.59	1.25362
0.33	0.59	1.32073
0.35	0.59	1.38096
0.37	0.59	1.4339
0.39	0.59	1.47913
0.41	0.59	1.51629
0.43	0.59	1.54504
0.45	0.59	1.56507
0.47	0.59	1.57608
0.49	0.59	1.57783
0.51	0.59	1.57013
0.53	0.59	1.55284
0.55	0.59	1.52589
0.57	0.59	1.48932
0.59	0.59	1.44326
0.61	0.59	1.38797
0.63	0.59	1.32383
0.65	0.59	1.25139
0.67	0.59	1.17136
0.69	0.59	1.08462
0.71	0.59	0.992255
0.73	0.59	0.895515
0.75	0.59	0.795836
0.77	0.59	0.694824
0.79	0.59	0.594225
0.81	0.59	0.495902
0.83	0.59	0.401784
0.85	0.59	0.313812
0.87	0.59	0.233873
0.89	0.59	0.163718
0.91	0.59	0.104876
0.93	0.59	0.0585575
0.95	0.59	0.0255531
0.97	0.59	0.0061413
0.99	0.59	0
1	0.59	0

0	0.57	0
0.01	0.57	0.0127159
0.03	0.57	0.0458157
0.05	0.57	0.094899
0.07	0.57	0.156162
0.09	0.57	0.226344
0.11	0.57	0.302679
0.13	0.57	0.382836
0.15	0.57	0.464873
0.17	0.57	0.54718
0.19	0.57	0.628434
0.21	0.57	0.707551
0.23	0.57	0.783645
0.25	0.57	0.855988
0.27	0.57	0.923981
0.29	0.57	0.987122
0.31	0.57	1.04498
0.33	0.57	1.09719
0.35	0.57	1.14341
0.37	0.57	1.18334
0.39	0.57	1.21668
0.41	0.57	1.24318
0.43	0.57	1.26259
0.45	0.57	1.27467
0.47	0.57	1.27921
0.49	0.57	1.27605
0.51	0.57	1.26506
0.53	0.57	1.24616
0.55	0.57	1.21934
0.57	0.57	1.18469
0.59	0.57	1.14238
0.61	0.57	1.09269
0.63	0.57	1.03603
0.65	0.57	0.972948
0.67	0.57	0.904147
0.69	0.57	0.830474
0.71	0.57	0.752937
0.73	0.57	0.672695
0.75	0.57	0.591048
0.77	0.57	0.509416
0.79	0.57	0.429312
0.81	0.57	0.352302
0.83	0.57	0.279954
0.85	0.57	0.213774
0.87	0.57	0.155138
0.89	0.57	0.105206
0.91	0.57	0.06483
0.93	0.57	0.0344655
0.95	0.57	0.0140696
0.97	0.57	0.00301269
0.99	0.57	0
1	0.57	0

0	0.55	0
0.01	0.55	0.0109943
0.03	0.55	0.0392852
0.05	0.55	0.0808284
0.07	0.55	0.132172
0.09	0.55	0.190401
0.11	0.55	0.25308
0.13	0.55	0.318199
0.15	0.55	0.384115
0.17	0.55	0.449504
0.19	0.55	0.513309
0.21	0.55	0.574694
0.23	0.55	0.633001
0.25	0.55	0.687714
0.27	0.55	0.738427
0.29	0.55	0.784816
0.31	0.55	0.826614
0.33	0.55	0.863595
0.35	0.55	0.895559
0.37	0.55	0.922321
0.39	0.55	0.94371
0.41	0.55	0.959559
0.43	0.55	0.969711
0.45	0.55	0.974021
0.47	0.55	0.972361
0.49	0.55	0.964631
0.51	0.55	0.950767
0.53	0.55	0.930751
0.55	0.55	0.90463
0.57	0.55	0.872522
0.59	0.55	0.834635
0.61	0.55	0.791274
0.63	0.55	0.742861
0.65	0.55	0.689936
0.67	0.55	0.633168
0.69	0.55	0.573355
0.71	0.55	0.511424
0.73	0.55	0.448417
0.75	0.55	0.385479
0.77	0.55	0.32383
0.79	0.55	0.26473
0.81	0.55	0.209432
0.83	0.55	0.159132
0.85	0.55	0.114894
0.87	0.55	0.0775829
0.89	0.55	0.0477751
0.91	0.55	0.0256702
0.93	0.55	0.0109988
0.95	0.55	0.00293127
0.97	0.55	-5.59589e-006
0.99	0.55	0
1	0.55	0

0	0.53	0
0.01	0.53	0.0091471
0.03	0.53	0.0323035
0.05	0.53	0.0658272
0.07	0.53	0.106659
0.09	0.53	0.152264
0.11	0.53	0.20057
0.13	0.53	0.249912
0.15	0.53	0.298973
0.17	0.53	0.346731
0.19	0.53	0.392411
0.21	0.53	0.435434
0.23	0.53	0.475383
0.25	0.53	0.511958
0.27	0.53	0.544954
0.29	0.53	0.574224
0.31	0.53	0.599668
0.33	0.53	0.621207
0.35	0.53	0.638776
0.37	0.53	0.652315
0.39	0.53	0.661761
0.41	0.53	0.66705
0.43	0.53	0.668116
0.45	0.53	0.664898
0.47	0.53	0.657345
0.49	0.53	0.645425
0.51	0.53	0.629134
0.53	0.53	0.60851
0.55	0.53	0.583645
0.57	0.53	0.554694
0.59	0.53	0.521888
0.61	0.53	0.48555
0.63	0.53	0.446097
0.65	0.53	0.404049
0.67	0.53	0.360033
0.69	0.53	0.314783
0.71	0.53	0.269125
0.73	0.53	0.223972
0.75	0.53	0.180295
0.77	0.53	0.139096
0.79	0.53	0.101368
0.81	0.53	0.0680404
0.83	0.53	0.0399263
0.85	0.53	0.0176479
0.87	0.53	0.00156178
0.89	0.53	-0.00832593
0.91	0.53	-0.0124466
0.93	0.53	-0.0117573
0.95	0.53	-0.0078255
0.97	0.53	-0.00290533
0.99	0.53	0
1	0.53	0

0	0.51	0
0.01	0.51	0.00717427
0.03	0.51	0.0248774
0.05	0.51	0.0499197
0.07	0.51	0.0796784
0.09	0.51	0.112035
0.11	0.51	0.145313
0.13	0.51	0.178216
0.15	0.51	0.209775
0.17	0.51	0.239287
0.19	0.51	0.266269
0.21	0.51	0.290414
0.23	0.51	0.311548
0.25	0.51	0.329595
0.27	0.51	0.344549
0.29	0.51	0.356449
0.31	0.51	0.365356
0.33	0.51	0.371342
0.35	0.51	0.374476
0.37	0.51	0.374818
0.39	0.51	0.372417
0.41	0.51	0.367308
0.43	0.51	0.359515
0.45	0.51	0.349059
0.47	0.51	0.335962
0.49	0.51	0.320257
0.51	0.51	0.302001
0.53	0.51	0.281279
0.55	0.51	0.258222
0.57	0.51	0.233017
0.59	0.51	0.205913
0.61	0.51	0.177236
0.63	0.51	0.147391
0.65	0.51	0.116867
0.67	0.51	0.0862372
0.69	0.51	0.0561514
0.71	0.51	0.0273263
0.73	0.51	0.000525715
0.75	0.51	-0.0234658
0.77	0.51	-0.0438778
0.79	0.51	-0.0599989
0.81	0.51	-0.0712296
0.83	0.51	-0.077145
0.85	0.51	-0.0775658
0.87	0.51	-0.0726351
0.89	0.51	-0.0629009
0.91	0.51	-0.0493995
0.93	0.51	-0.0337389
0.95	0.51	-0.0181752
0.97	0.51	-0.00568124
0.99	0.51	0
1	0.51	0

0	0.49	0
0.01	0.49	0.00507773
0.03	0.49	0.01702
0.05	0.49	0.0331434
0.07	0.49	0.0513068
0.09	0.49	0.069846
0.11	0.49	0.0875098
0.13	0.49	0.103398
0.15	0.49	0.116904
0.17	0.49	0.12766
0.19	0.49	0.135487
0.21	0.49	0.140353
0.23	0.49	0.142335
0.25	0.49	0.141582
0.27	0.49	0.13829
0.29	0.49	0.132678
0.31	0.49	0.124974
0.33	0.49	0.115396
0.35	0.49	0.104145
0.37	0.49	0.091402
0.39	0.49	0.077322
0.41	0.49	0.0620382
0.43	0.49	0.0456635
0.45	0.49	0.0282975
0.47	0.49	0.0100331
0.49	0.49	-0.00903353
0.51	0.49	-0.0287938
0.53	0.49	-0.0491158
0.55	0.49	-0.069834
0.57	0.49	-0.0907394
0.59	0.49	-0.111571
0.61	0.49	-0.132009
0.63	0.49	-0.15167
0.65	0.49	-0.170108
0.67	0.49	-0.186817
0.69	0.49	-0.201241
0.71	0.49	-0.21279
0.73	0.49	-0.220861
0.75	0.49	-0.224868
0.77	0.49	-0.224286
0.79	0.49	-0.218691
0.81	0.49	-0.207824
0.83	0.49	-0.191646
0.85	0.49	-0.17042
0.87	0.49	-0.144775
0.89	0.49	-0.115797
0.91	0.49	-0.0850991
0.93	0.49	-0.0549018
0.95	0.49	-0.0281018
0.97	0.49	-0.00833065
0.99	0.49	0
1	0.49	0

0	0.47	0
0.01	0.47	0.00286172
0.03	0.47	0.00875271
0.05	0.47	0.0155526
0.07	0.47	0.0216485
0.09	0.47	0.0258681
0.11	0.47	0.0274148
0.13	0.47	0.0258062
0.15	0.47	0.0208161
0.17	0.47	0.0124219
0.19	0.47	0.000757412
0.21	0.47	-0.0139291
0.23	0.47	-0.0313107
0.25	0.47	-0.0510128
0.27	0.47	-0.0726377
0.29	0.47	-0.0957855
0.31	0.47	-0.120069
0.33	0.47	-0.145125
0.35	0.47	-0.170622
0.37	0.47	-0.196263
0.39	0.47	-0.221788
0.41	0.47	-0.246968
0.43	0.47	-0.271605
0.45	0.47	-0.295523
0.47	0.47	-0.318563
0.49	0.47	-0.340567
0.51	0.47	-0.361379
0.53	0.47	-0.380825
0.55	0.47	-0.398712
0.57	0.47	-0.414813
0.59	0.47	-0.428864
0.61	0.47	-0.440558
0.63	0.47	-0.449545
0.65	0.47	-0.455431
0.67	0.47	-0.457789
0.69	0.47	-0.456169
0.71	0.47	-0.450118
0.73	0.47	-0.439206
0.75	0.47	-0.423059
0.77	0.47	-0.401403
0.79	0.47	-0.374111
0.81	0.47	-0.341263
0.83	0.47	-0.30321
0.85	0.47	-0.260645
0.87	0.47	-0.214676
0.89	0.47	-0.166901
0.91	0.47	-0.119483
0.93	0.47	-0.0752188
0.95	0.47	-0.0375975
0.97	0.47	-0.0108533
0.99	0.47	0
1	0.47	0

0	0.45	0
0.01	0.45	0.00053321
0.03	0.45	0.000106634
0.05	0.45	-0.0027786
0.07	0.45	-0.00916056
0.09	0.45	-0.0196832
0.11	0.45	-0.0346607
0.13	0.45	-0.0541381
0.15	0.45	-0.0779474
0.17	0.45	-0.105757
0.19	0.45	-0.137117
0.21	0.45	-0.171498
0.23	0.45	-0.208322
0.25	0.45	-0.246992
0.27	0.45	-0.286912
0.29	0.45	-0.327505
0.31	0.45	-0.368229
0.33	0.45	-0.408579
0.35	0.45	-0.448098
0.37	0.45	-0.486376
0.39	0.45	-0.52305
0.41	0.45	-0.557801
0.43	0.45	-0.590349
0.45	0.45	-0.620443
0.47	0.45	-0.647859
0.49	0.45	-0.672386
0.51	0.45	-0.693819
0.53	0.45	-0.711951
0.55	0.45	-0.726562
0.57	0.45	-0.737416
0.59	0.45	-0.744253
0.61	0.45	-0.746786
0.63	0.45	-0.744705
0.65	0.45	-0.73768
0.67	0.45	-0.725373
0.69	0.45	-0.707449
0.71	0.45	-0.683603
0.73	0.45	-0.653588
0.75	0.45	-0.617248
0.77	0.45	-0.574567
0.79	0.45	-0.52572
0.81	0.45	-0.471127
0.83	0.45	-0.411522
0.85	0.45	-0.348022
0.87	0.45	-0.282194
0.89	0.45	-0.21613
0.91	0.45	-0.152513
0.93	0.45	-0.0946774
0.95	0.45	-0.046662
0.97	0.45	-0.0132509
0.99	0.45	0
1	0.45	0

0	0.43	0
0.01	0.43	-0.0018977
0.03	0.43	-0.00887609
0.05	0.43	-0.0217539
0.07	0.43	-0.0409485
0.09	0.43	-0.0665409
0.11	0.43	-0.0983382
0.13	0.43	-0.135932
0.15	0.43	-0.178748
0.17	0.43	-0.226098
0.19	0.43	-0.277214
0.21	0.43	-0.331285
0.23	0.43	-0.387488
0.25	0.43	-0.445007
0.27	0.43	-0.503055
0.29	0.43	-0.560885
0.31	0.43	-0.6178
0.33	0.43	-0.673164
0.35	0.43	-0.726396
0.37	0.43	-0.776979
0.39	0.43	-0.824453
0.41	0.43	-0.868408
0.43	0.43	-0.908487
0.45	0.43	-0.94437
0.47	0.43	-0.975769
0.49	0.43	-1.00242
0.51	0.43	-1.02408
0.53	0.43	-1.04051
0.55	0.43	-1.05146
0.57	0.43	-1.0567
0.59	0.43	-1.05598
0.61	0.43	-1.04903
0.63	0.43	-1.0356
0.65	0.43	-1.01543
0.67	0.43	-0.988269
0.69	0.43	-0.953914
0.71	0.43	-0.912215
0.73	0.43	-0.863113
0.75	0.43	-0.806679
0.77	0.43	-0.743158
0.79	0.43	-0.673024
0.81	0.43	-0.597038
0.83	0.43	-0.51631
0.85	0.43	-0.432366
0.87	0.43	-0.347219
0.89	0.43	-0.263428
0.91	0.43	-0.184168
0.93	0.43	-0.113277
0.95	0.43	-0.055301
0.97	0.43	-0.0155272
0.99	0.43	0
1	0.43	0

0	0.41	0
0.01	0.41	-0.00441746
0.03	0.41	-0.0181411
0.05	0.41	-0.041252
0.07	0.41	-0.0735031
0.09	0.41	-0.114381
0.11	0.41	-0.163165
0.13	0.41	-0.21898
0.15	0.41	-0.280841
0.17	0.41	-0.347698
0.19	0.41	-0.418471
0.21	0.41	-0.492073
0.23	0.41	-0.567439
0.25	0.41	-0.643545
0.27	0.41	-0.719417
0.29	0.41	-0.794146
0.31	0.41	-0.866893
0.33	0.41	-0.93689
0.35	0.41	-1.00344
0.37	0.41	-1.06593
0.39	0.41	-1.1238
0.41	0.41	-1.17656
0.43	0.41	-1.22377
0.45	0.41	-1.26505
0.47	0.41	-1.30005
0.49	0.41	-1.32846
0.51	0.41	-1.35
0.53	0.41	-1.36439
0.55	0.41	-1.37138
0.57	0.41	-1.37073
0.59	0.41	-1.3622
0.61	0.41	-1.34557
0.63	0.41	-1.32064
0.65	0.41	-1.28721
0.67	0.41	-1.24515
0.69	0.41	-1.19438
0.71	0.41	-1.13492
0.73	0.41	-1.06689
0.75	0.41	-0.990607
0.77	0.41	-0.906569
0.79	0.41	-0.815549
0.81	0.41	-0.718642
0.83	0.41	-0.617323
0.85	0.41	-0.513517
0.87	0.41	-0.409659
0.89	0.41	-0.308755
0.91	0.41	-0.214441
0.93	0.41	-0.131026
0.95	0.41	-0.0635248
0.97	0.41	-0.0176872
0.99	0.41	0
1	0.41	0

0	0.39	0
0.01	0.39	-0.00700877
0.03	0.39	-0.0276208
0.05	0.39	-0.0611244
0.07	0.39	-0.106568
0.09	0.39	-0.162818
0.11	0.39	-0.228609
0.13	0.39	-0.302589
0.15	0.39	-0.383363
0.17	0.39	-0.469523
0.19	0.39	-0.55968
0.21	0.39	-0.652482
0.23	0.39	-0.746633
0.25	0.39	-0.840906
0.27	0.39	-0.934155
0.29	0.39	-1.02532
0.31	0.39	-1.11341
0.33	0.39	-1.19756
0.35	0.39	-1.27696
0.37	0.39	-1.35088
0.39	0.39	-1.41869
0.41	0.39	-1.47981
0.43	0.39	-1.53374
0.45	0.39	-1.58003
0.47	0.39	-1.61827
0.49	0.39	-1.64811
0.51	0.39	-1.66923
0.53	0.39	-1.68132
0.55	0.39	-1.68414
0.57	0.39	-1.67742
0.59	0.39	-1.66096
0.61	0.39	-1.63458
0.63	0.39	-1.59811
0.65	0.39	-1.55147
0.67	0.39	-1.49461
0.69	0.39	-1.42761
0.71	0.39	-1.35063
0.73	0.39	-1.26401
0.75	0.39	-1.16827
0.77	0.39	-1.06418
0.79	0.39	-0.952815
0.81	0.39	-0.835583
0.83	0.39	-0.714316
0.85	0.39	-0.591319
0.87	0.39	-0.469431
0.89	0.39	-0.352079
0.91	0.39	-0.243332
0.93	0.39	-0.147937
0.95	0.39	-0.0713471
0.97	0.39	-0.019737
0.99	0.39	0
1	0.39	0

0	0.37	0
0.01	0.37	-0.00965025
0.03	0.37	-0.0372329
0.05	0.37	-0.0811934
0.07	0.37	-0.139842
0.09	0.37	-0.211401
0.11	0.37	-0.294049
0.13	0.37	-0.385959
0.15	0.37	-0.485326
0.17	0.37	-0.590395
0.19	0.37	-0.699475
0.21	0.37	-0.810961
0.23	0.37	-0.923339
0.25	0.37	-1.03519
0.27	0.37	-1.14522
0.29	0.37	-1.2522
0.31	0.37	-1.35505
0.33	0.37	-1.45275
0.35	0.37	-1.54442
0.37	0.37	-1.62923
0.39	0.37	-1.70647
0.41	0.37	-1.77549
0.43	0.37	-1.83571
0.45	0.37	-1.88662
0.47	0.37	-1.92778
0.49	0.37	-1.95876
0.51	0.37	-1.97923
0.53	0.37	-1.98885
0.55	0.37	-1.98737
0.57	0.37	-1.97453
0.59	0.37	-1.95014
0.61	0.37	-1.91406
0.63	0.37	-1.86619
0.65	0.37	-1.80654
0.67	0.37	-1.73516
0.69	0.37	-1.65227
0.71	0.37	-1.55819
0.73	0.37	-1.45347
0.75	0.37	-1.33884
0.77	0.37	-1.21534
0.79	0.37	-1.0843
0.81	0.37	-0.947477
0.83	0.37	-0.807022
0.85	0.37	-0.665604
0.87	0.37	-0.526443
0.89	0.37	-0.393364
0.91	0.37	-0.270838
0.93	0.37	-0.164024
0.95	0.37	-0.0787821
0.97	0.37	-0.0216833
0.99	0.37	0
1	0.37	0

0	0.35	0
0.01	0.35	-0.0123162
0.03	0.35	-0.0468801
0.05	0.35	-0.10125
0.07	0.35	-0.17297
0.09	0.35	-0.259605
0.11	0.35	-0.358775
0.13	0.35	-0.468179
0.15	0.35	-0.585613
0.17	0.35	-0.708983
0.19	0.35	-0.836319
0.21	0.35	-0.965773
0.23	0.35	-1.09563
0.25	0.35	-1.2243
0.27	0.35	-1.35033
0.29	0.35	-1.47238
0.31	0.35	-1.58923
0.33	0.35	-1.69979
0.35	0.35	-1.80306
0.37	0.35	-1.89815
0.39	0.35	-1.98425
0.41	0.35	-2.06066
0.43	0.35	-2.12673
0.45	0.35	-2.18189
0.47	0.35	-2.22565
0.49	0.35	-2.25754
0.51	0.35	-2.2772
0.53	0.35	-2.28427
0.55	0.35	-2.27847
0.57	0.35	-2.25956
0.59	0.35	-2.22739
0.61	0.35	-2.18183
0.63	0.35	-2.12287
0.65	0.35	-2.05058
0.67	0.35	-1.96514
0.69	0.35	-1.86689
0.71	0.35	-1.75632
0.73	0.35	-1.63417
0.75	0.35	-1.5014
0.77	0.35	-1.35928
0.79	0.35	-1.20943
0.81	0.35	-1.05388
0.83	0.35	-0.895126
0.85	0.35	-0.736166
0.87	0.35	-0.580578
0.89	0.35	-0.432555
0.91	0.35	-0.296948
0.93	0.35	-0.179296
0.95	0.35	-0.0858423
0.97	0.35	-0.0235325
0.99	0.35	0
1	0.35	0

0	0.33	0
0.01	0.33	-0.0149762
0.03	0.33	-0.0564485
0.05	0.33	-0.121053
0.07	0.33	-0.205547
0.09	0.33	-0.306834
0.11	0.33	-0.421979
0.13	0.33	-0.548218
0.15	0.33	-0.682962
0.17	0.33	-0.823801
0.19	0.33	-0.968499
0.21	0.33	-1.11499
0.23	0.33	-1.26137
0.25	0.33	-1.40589
0.27	0.33	-1.54698
0.29	0.33	-1.68317
0.31	0.33	-1.81314
0.33	0.33	-1.93572
0.35	0.33	-2.04982
0.37	0.33	-2.15448
0.39	0.33	-2.24883
0.41	0.33	-2.33208
0.43	0.33	-2.40354
0.45	0.33	-2.46258
0.47	0.33	-2.50866
0.49	0.33	-2.54129
0.51	0.33	-2.56004
0.53	0.33	-2.56456
0.55	0.33	-2.55455
0.57	0.33	-2.52978
0.59	0.33	-2.49011
0.61	0.33	-2.43546
0.63	0.33	-2.36588
0.65	0.33	-2.28152
0.67	0.33	-2.18267
0.69	0.33	-2.06979
0.71	0.33	-1.94355
0.73	0.33	-1.80486
0.75	0.33	-1.65488
0.77	0.33	-1.49513
0.79	0.33	-1.32748
0.81	0.33	-1.15426
0.83	0.33	-0.978232
0.85	0.33	-0.802733
0.87	0.33	-0.631665
0.89	0.33	-0.469562
0.91	0.33	-0.321624
0.93	0.33	-0.193748
0.95	0.33	-0.0925348
0.97	0.33	-0.02529
0.99	0.33	0
1	0.33	0

0	0.31	0
0.01	0.31	-0.017595
0.03	0.31	-0.0658068
0.05	0.31	-0.140324
0.07	0.31	-0.237111
0.09	0.31	-0.352412
0.11	0.31	-0.482751
0.13	0.31	-0.62492
0.15	0.31	-0.77597
0.17	0.31	-0.933195
0.19	0.31	-1.09412
0.21	0.31	-1.25647
0.23	0.31	-1.41819
0.25	0.31	-1.5774
0.27	0.31	-1.7324
0.29	0.31	-1.88163
0.31	0.31	-2.02369
0.33	0.31	-2.15731
0.35	0.31	-2.28135
0.37	0.31	-2.39478
0.39	0.31	-2.49667
0.41	0.31	-2.58617
0.43	0.31	-2.66254
0.45	0.31	-2.72509
0.47	0.31	-2.77325
0.49	0.31	-2.80647
0.51	0.31	-2.82431
0.53	0.31	-2.82639
0.55	0.31	-2.81239
0.57	0.31	-2.7821
0.59	0.31	-2.73538
0.61	0.31	-2.67221
0.63	0.31	-2.59267
0.65	0.31	-2.49701
0.67	0.31	-2.38561
0.69	0.31	-2.25906
0.71	0.31	-2.11818
0.73	0.31	-1.96403
0.75	0.31	-1.79801
0.77	0.31	-1.62182
0.79	0.31	-1.4376
0.81	0.31	-1.24792
0.83	0.31	-1.05582
0.85	0.31	-0.864934
0.87	0.31	-0.679457
0.89	0.31	-0.504236
0.91	0.31	-0.344793
0.93	0.31	-0.207353
0.95	0.31	-0.0988568
0.97	0.31	-0.0269588
0.99	0.31	0
1	0.31	0

0	0.29	0
0.01	0.29	-0.020132
0.03	0.29	-0.0748052
0.05	0.29	-0.158749
0.07	0.29	-0.267139
0.09	0.29	-0.395579
0.11	0.29	-0.540074
0.13	0.29	-0.697002
0.15	0.29	-0.86308
0.17	0.29	-1.03534
0.19	0.29	-1.21108
0.21	0.29	-1.38787
0.23	0.29	-1.56352
0.25	0.29	-1.73601
0.27	0.29	-1.90356
0.29	0.29	-2.06453
0.31	0.29	-2.21746
0.33	0.29	-2.361
0.35	0.29	-2.49396
0.37	0.29	-2.61526
0.39	0.29	-2.7239
0.41	0.29	-2.819
0.43	0.29	-2.89976
0.45	0.29	-2.96545
0.47	0.29	-3.01545
0.49	0.29	-3.04918
0.51	0.29	-3.06617
0.53	0.29	-3.066
0.55	0.29	-3.04836
0.57	0.29	-3.01303
0.59	0.29	-2.95988
0.61	0.29	-2.88893
0.63	0.29	-2.80031
0.65	0.29	-2.69432
0.67	0.29	-2.57146
0.69	0.29	-2.43243
0.71	0.29	-2.27817
0.73	0.29	-2.10992
0.75	0.29	-1.92924
0.77	0.29	-1.73805
0.79	0.29	-1.5387
0.81	0.29	-1.33398
0.83	0.29	-1.12721
0.85	0.29	-0.922255
0.87	0.29	-0.723592
0.89	0.29	-0.536344
0.91	0.29	-0.366321
0.93	0.29	-0.220049
0.95	0.29	-0.10479
0.97	0.29	-0.0285381
0.99	0.29	0
1	0.29	0

0	0.27	0
0.01	0.27	-0.0225411
0.03	0.27	-0.0832739
0.05	0.27	-0.175973
0.07	0.27	-0.295046
0.09	0.27	-0.435486
0.11	0.27	-0.592818
0.13	0.27	-0.763041
0.15	0.27	-0.942576
0.17	0.27	-1.12822
0.19	0.27	-1.3171
0.21	0.27	-1.50663
0.23	0.27	-1.69451
0.25	0.27	-1.87864
0.27	0.27	-2.05716
0.29	0.27	-2.22836
0.31	0.27	-2.39074
0.33	0.27	-2.54291
0.35	0.27	-2.68362
0.37	0.27	-2.81174
0.39	0.27	-2.92625
0.41	0.27	-3.02622
0.43	0.27	-3.11081
0.45	0.27	-3.17925
0.47	0.27	-3.23087
0.49	0.27	-3.26506
0.51	0.27	-3.28131
0.53	0.27	-3.2792
0.55	0.27	-3.25838
0.57	0.27	-3.21863
0.59	0.27	-3.15984
0.61	0.27	-3.08204
0.63	0.27	-2.98541
0.65	0.27	-2.87032
0.67	0.27	-2.73733
0.69	0.27	-2.58724
0.71	0.27	-2.42114
0.73	0.27	-2.24038
0.75	0.27	-2.04669
0.77	0.27	-1.84219
0.79	0.27	-1.62939
0.81	0.27	-1.41131
0.83	0.27	-1.19148
0.85	0.27	-0.973994
0.87	0.27	-0.763558
0.89	0.27	-0.565537
0.91	0.27	-0.385994
0.93	0.27	-0.231726
0.95	0.27	-0.110292
0.97	0.27	-0.0300208
0.99	0.27	0
1	0.27	0

0	0.25	0
0.01	0.25	-0.0247696
0.03	0.25	-0.0910207
0.05	0.25	-0.191597
0.07	0.25	-0.320178
0.09	0.25	-0.471194
0.11	0.25	-0.639736
0.13	0.25	-0.821474
0.15	0.25	-1.01258
0.17	0.25	-1.20965
0.19	0.25	-1.40967
0.21	0.25	-1.60996
0.23	0.25	-1.8081
0.25	0.25	-2.00195
0.27	0.25	-2.18959
0.29	0.25	-2.36929
0.31	0.25	-2.53949
0.33	0.25	-2.69878
0.35	0.25	-2.84589
0.37	0.25	-2.97967
0.39	0.25	-3.09905
0.41	0.25	-3.20307
0.43	0.25	-3.29085
0.45	0.25	-3.3616
0.47	0.25	-3.41461
0.49	0.25	-3.44923
0.51	0.25	-3.46493
0.53	0.25	-3.46124
0.55	0.25	-3.43782
0.57	0.25	-3.39442
0.59	0.25	-3.33094
0.61	0.25	-3.24742
0.63	0.25	-3.14408
0.65	0.25	-3.02133
0.67	0.25	-2.87979
0.69	0.25	-2.72036
0.71	0.25	-2.5442
0.73	0.25	-2.35282
0.75	0.25	-2.14807
0.77	0.25	-1.93221
0.79	0.25	-1.70794
0.81	0.25	-1.47845
0.83	0.25	-1.24744
0.85	0.25	-1.01921
0.87	0.25	-0.798641
0.89	0.25	-0.591311
0.91	0.25	-0.403489
0.93	0.25	-0.242206
0.95	0.25	-0.115288
0.97	0.25	-0.0313915
0.99	0.25	0
1	0.25	0

0	0.23	0
0.01	0.23	-0.0267578
0.03	0.23	-0.0978287
0.05	0.23	-0.205174
0.07	0.23	-0.341806
0.09	0.23	-0.501657
0.11	0.23	-0.679452
0.13	0.23	-0.870588
0.15	0.23	-1.07103
0.17	0.23	-1.27724
0.19	0.23	-1.48609
0.21	0.23	-1.6948
0.23	0.23	-1.90094
0.25	0.23	-2.1023
0.27	0.23	-2.29695
0.29	0.23	-2.48314
0.31	0.23	-2.6593
0.33	0.23	-2.82401
0.35	0.23	-2.97599
0.37	0.23	-3.11406
0.39	0.23	-3.23715
0.41	0.23	-3.34428
0.43	0.23	-3.43454
0.45	0.23	-3.50711
0.47	0.23	-3.56124
0.49	0.23	-3.59627
0.51	0.23	-3.61162
0.53	0.23	-3.60681
0.55	0.23	-3.58146
0.57	0.23	-3.53532
0.59	0.23	-3.46826
0.61	0.23	-3.38035
0.63	0.23	-3.27181
0.65	0.23	-3.14308
0.67	0.23	-2.99484
0.69	0.23	-2.82804
0.71	0.23	-2.64393
0.73	0.23	-2.44412
0.75	0.23	-2.23056
0.77	0.23	-2.00564
0.79	0.23	-1.77219
0.81	0.23	-1.53354
0.83	0.23	-1.29355
0.85	0.23	-1.05665
0.87	0.23	-0.827878
0.89	0.23	-0.612965
0.91	0.23	-0.418341
0.93	0.23	-0.25122
0.95	0.23	-0.119661
0.97	0.23	-0.0326222
0.99	0.23	0
1	0.23	0

0	0.21	0
0.01	0.21	-0.0284373
0.03	0.21	-0.103452
0.05	0.21	-0.216199
0.07	0.21	-0.359114
0.09	0.21	-0.525722
0.11	0.21	-0.710456
0.13	0.21	-0.908509
0.15	0.21	-1.11571
0.17	0.21	-1.3284
0.19	0.21	-1.5434
0.21	0.21	-1.7579
0.23	0.21	-1.96942
0.25	0.21	-2.17578
0.27	0.21	-2.37502
0.29	0.21	-2.56541
0.31	0.21	-2.7454
0.33	0.21	-2.91357
0.35	0.21	-3.06865
0.37	0.21	-3.20946
0.39	0.21	-3.33494
0.41	0.21	-3.44409
0.43	0.21	-3.53599
0.45	0.21	-3.6098
0.47	0.21	-3.66475
0.49	0.21	-3.70015
0.51	0.21	-3.71538
0.53	0.21	-3.70994
0.55	0.21	-3.68341
0.57	0.21	-3.63554
0.59	0.21	-3.56618
0.61	0.21	-3.47538
0.63	0.21	-3.36336
0.65	0.21	-3.23059
0.67	0.21	-3.07777
0.69	0.21	-2.90589
0.71	0.21	-2.71626
0.73	0.21	-2.51053
0.75	0.21	-2.29077
0.77	0.21	-2.05943
0.79	0.21	-1.81945
0.81	0.21	-1.57427
0.83	0.21	-1.32784
0.85	0.21	-1.0847
0.87	0.21	-0.85
0.89	0.21	-0.629556
0.91	0.21	-0.429905
0.93	0.21	-0.258387
0.95	0.21	-0.123234
0.97	0.21	-0.0336684
0.99	0.21	0
1	0.21	0

0	0.19	0
0.01	0.19	-0.0297289
0.03	0.19	-0.107608
0.05	0.19	-0.224104
0.07	0.19	-0.371196
0.09	0.19	-0.542111
0.11	0.19	-0.731089
0.13	0.19	-0.933195
0.15	0.19	-1.14417
0.17	0.19	-1.36033
0.19	0.19	-1.57844
0.21	0.19	-1.79571
0.23	0.19	-2.00967
0.25	0.19	-2.21815
0.27	0.19	-2.41923
0.29	0.19	-2.61123
0.31	0.19	-2.79262
0.33	0.19	-2.96202
0.35	0.19	-3.11818
0.37	0.19	-3.25997
0.39	0.19	-3.38631
0.41	0.19	-3.49621
0.43	0.19	-3.58877
0.45	0.19	-3.66313
0.47	0.19	-3.71849
0.49	0.19	-3.75415
0.51	0.19	-3.76947
0.53	0.19	-3.76391
0.55	0.19	-3.73704
0.57	0.19	-3.68856
0.59	0.19	-3.6183
0.61	0.19	-3.52629
0.63	0.19	-3.41274
0.65	0.19	-3.27812
0.67	0.19	-3.12312
0.69	0.19	-2.94875
0.71	0.19	-2.75634
0.73	0.19	-2.5476
0.75	0.19	-2.32461
0.77	0.19	-2.08989
0.79	0.19	-1.84644
0.81	0.19	-1.59776
0.83	0.19	-1.34785
0.85	0.19	-1.10133
0.87	0.19	-0.863372
0.89	0.19	-0.639844
0.91	0.19	-0.437317
0.93	0.19	-0.263178
0.95	0.19	-0.125753
0.97	0.19	-0.034463
0.99	0.19	0
1	0.19	0

0	0.17	0
0.01	0.17	-0.0305392
0.03	0.17	-0.109972
0.05	0.17	-0.228241
0.07	0.17	-0.377032
0.09	0.17	-0.549411
0.11	0.17	-0.739535
0.13	0.17	-0.942426
0.15	0.17	-1.15381
0.17	0.17	-1.36999
0.19	0.17	-1.58779
0.21	0.17	-1.80442
0.23	0.17	-2.01747
0.25	0.17	-2.22484
0.27	0.17	-2.42467
0.29	0.17	-2.61534
0.31	0.17	-2.79538
0.33	0.17	-2.96347
0.35	0.17	-3.11842
0.37	0.17	-3.25913
0.39	0.17	-3.38456
0.41	0.17	-3.49375
0.43	0.17	-3.5858
0.45	0.17	-3.65985
0.47	0.17	-3.71511
0.49	0.17	-3.75086
0.51	0.17	-3.76643
0.53	0.17	-3.76126
0.55	0.17	-3.73489
0.57	0.17	-3.68698
0.59	0.17	-3.61735
0.61	0.17	-3.52598
0.63	0.17	-3.41305
0.65	0.17	-3.279
0.67	0.17	-3.12451
0.69	0.17	-2.95058
0.71	0.17	-2.75852
0.73	0.17	-2.55004
0.75	0.17	-2.32722
0.77	0.17	-2.09261
0.79	0.17	-1.84921
0.81	0.17	-1.60052
0.83	0.17	-1.35058
0.85	0.17	-1.10399
0.87	0.17	-0.86594
0.89	0.17	-0.642248
0.91	0.17	-0.43945
0.93	0.17	-0.264886
0.95	0.17	-0.126869
0.97	0.17	-0.0349091
0.99	0.17	0
1	0.17	0

0	0.15	0
0.01	0.15	-0.0307553
0.03	0.15	-0.110162
0.05	0.15	-0.22787
0.07	0.15	-0.37548
0.09	0.15	-0.546063
0.11	0.15	-0.733811
0.13	0.15	-0.93379
0.15	0.15	-1.14178
0.17	0.15	-1.35414
0.19	0.15	-1.56775
0.21	0.15	-1.77992
0.23	0.15	-1.98832
0.25	0.15	-2.19094
0.27	0.15	-2.38603
0.29	0.15	-2.57206
0.31	0.15	-2.74764
0.33	0.15	-2.91156
0.35	0.15	-3.06268
0.37	0.15	-3.19997
0.39	0.15	-3.32246
0.41	0.15	-3.42921
0.43	0.15	-3.51936
0.45	0.15	-3.59207
0.47	0.15	-3.64655
0.49	0.15	-3.68207
0.51	0.15	-3.69797
0.53	0.15	-3.69366
0.55	0.15	-3.66864
0.57	0.15	-3.62254
0.59	0.15	-3.55515
0.61	0.15	-3.46639
0.63	0.15	-3.35643
0.65	0.15	-3.22563
0.67	0.15	-3.07464
0.69	0.15	-2.9044
0.71	0.15	-2.7162
0.73	0.15	-2.51169
0.75	0.15	-2.29292
0.77	0.15	-2.06238
0.79	0.15	-1.82306
0.81	0.15	-1.57841
0.83	0.15	-1.33242
0.85	0.15	-1.08964
0.87	0.15	-0.855194
0.89	0.15	-0.634803
0.91	0.15	-0.434874
0.93	0.15	-0.262593
0.95	0.15	-0.126115
0.97	0.15	-0.0348707
0.99	0.15	0
1	0.15	0

0	0.13	0
0.01	0.13	-0.030237
0.03	0.13	-0.107723
0.05	0.13	-0.22214
0.07	0.13	-0.365263
0.09	0.13	-0.530352
0.11	0.13	-0.71176
0.13	0.13	-0.904683
0.15	0.13	-1.10501
0.17	0.13	-1.30924
0.19	0.13	-1.51435
0.21	0.13	-1.71778
0.23	0.13	-1.91733
0.25	0.13	-2.11114
0.27	0.13	-2.29758
0.29	0.13	-2.47524
0.31	0.13	-2.64288
0.33	0.13	-2.79938
0.35	0.13	-2.94372
0.37	0.13	-3.07493
0.39	0.13	-3.19213
0.41	0.13	-3.29444
0.43	0.13	-3.38104
0.45	0.13	-3.45114
0.47	0.13	-3.50396
0.49	0.13	-3.53879
0.51	0.13	-3.55496
0.53	0.13	-3.55187
0.55	0.13	-3.52901
0.57	0.13	-3.48597
0.59	0.13	-3.42248
0.61	0.13	-3.33845
0.63	0.13	-3.23396
0.65	0.13	-3.10932
0.67	0.13	-2.96511
0.69	0.13	-2.80219
0.71	0.13	-2.62176
0.73	0.13	-2.42539
0.75	0.13	-2.21505
0.77	0.13	-1.99313
0.79	0.13	-1.76251
0.81	0.13	-1.52654
0.83	0.13	-1.28912
0.85	0.13	-1.05466
0.87	0.13	-0.828145
0.89	0.13	-0.615143
0.91	0.13	-0.42184
0.93	0.13	-0.255143
0.95	0.13	-0.122879
0.97	0.13	-0.0341605
0.99	0.13	0
1	0.13	0

0	0.11	0
0.01	0.11	-0.0288052
0.03	0.11	-0.102116
0.05	0.11	-0.210085
0.07	0.11	-0.344971
0.09	0.11	-0.500419
0.11	0.11	-0.671059
0.13	0.11	-0.852304
0.15	0.11	-1.04023
0.17	0.11	-1.2315
0.19	0.11	-1.42328
0.21	0.11	-1.61319
0.23	0.11	-1.79922
0.25	0.11	-1.97967
0.27	0.11	-2.1531
0.29	0.11	-2.31825
0.31	0.11	-2.47404
0.33	0.11	-2.61949
0.35	0.11	-2.7537
0.37	0.11	-2.87581
0.39	0.11	-2.98503
0.41	0.11	-3.08058
0.43	0.11	-3.1617
0.45	0.11	-3.22765
0.47	0.11	-3.27769
0.49	0.11	-3.31115
0.51	0.11	-3.32737
0.53	0.11	-3.32574
0.55	0.11	-3.30575
0.57	0.11	-3.26697
0.59	0.11	-3.20909
0.61	0.11	-3.13196
0.63	0.11	-3.0356
0.65	0.11	-2.92025
0.67	0.11	-2.78639
0.69	0.11	-2.63478
0.71	0.11	-2.46649
0.73	0.11	-2.28296
0.75	0.11	-2.086
0.77	0.11	-1.87786
0.79	0.11	-1.66124
0.81	0.11	-1.43931
0.83	0.11	-1.21579
0.85	0.11	-0.994878
0.87	0.11	-0.781353
0.89	0.11	-0.580528
0.91	0.11	-0.398287
0.93	0.11	-0.24114
0.95	0.11	-0.116391
0.97	0.11	-0.0325268
0.99	0.11	0
1	0.11	0

0	0.09	0
0.01	0.09	-0.0262293
0.03	0.09	-0.0927064
0.05	0.09	-0.190636
0.07	0.09	-0.313099
0.09	0.09	-0.454299
0.11	0.09	-0.609251
0.13	0.09	-0.773666
0.15	0.09	-0.943881
0.17	0.09	-1.11681
0.19	0.09	-1.28987
0.21	0.09	-1.46092
0.23	0.09	-1.62821
0.25	0.09	-1.79024
0.27	0.09	-1.94581
0.29	0.09	-2.09384
0.31	0.09	-2.23345
0.33	0.09	-2.36379
0.35	0.09	-2.48412
0.37	0.09	-2.59374
0.39	0.09	-2.69194
0.41	0.09	-2.77807
0.43	0.09	-2.85143
0.45	0.09	-2.91138
0.47	0.09	-2.95724
0.49	0.09	-2.98839
0.51	0.09	-3.00419
0.53	0.09	-3.00409
0.55	0.09	-2.98755
0.57	0.09	-2.95415
0.59	0.09	-2.90355
0.61	0.09	-2.83556
0.63	0.09	-2.75012
0.65	0.09	-2.6474
0.67	0.09	-2.52775
0.69	0.09	-2.39181
0.71	0.09	-2.24049
0.73	0.09	-2.07504
0.75	0.09	-1.89708
0.77	0.09	-1.70862
0.79	0.09	-1.51208
0.81	0.09	-1.3104
0.83	0.09	-1.10696
0.85	0.09	-0.905683
0.87	0.09	-0.711021
0.89	0.09	-0.527941
0.91	0.09	-0.36193
0.93	0.09	-0.218993
0.95	0.09	-0.105728
0.97	0.09	-0.0296416
0.99	0.09	0
1	0.09	0

0	0.07	0
0.01	0.07	-0.0222217
0.03	0.07	-0.078812
0.05	0.07	-0.162727
0.07	0.07	-0.268168
0.09	0.07	-0.390031
0.11	0.07	-0.523812
0.13	0.07	-0.665615
0.15	0.07	-0.812145
0.17	0.07	-0.960671
0.19	0.07	-1.10896
0.21	0.07	-1.2552
0.23	0.07	-1.39792
0.25	0.07	-1.53594
0.27	0.07	-1.66827
0.29	0.07	-1.7941
0.31	0.07	-1.9127
0.33	0.07	-2.02346
0.35	0.07	-2.12577
0.37	0.07	-2.21909
0.39	0.07	-2.30285
0.41	0.07	-2.3765
0.43	0.07	-2.43949
0.45	0.07	-2.49124
0.47	0.07	-2.5312
0.49	0.07	-2.5588
0.51	0.07	-2.57348
0.53	0.07	-2.57472
0.55	0.07	-2.56204
0.57	0.07	-2.53501
0.59	0.07	-2.4933
0.61	0.07	-2.43667
0.63	0.07	-2.36504
0.65	0.07	-2.27845
0.67	0.07	-2.17716
0.69	0.07	-2.06165
0.71	0.07	-1.93264
0.73	0.07	-1.79115
0.75	0.07	-1.63853
0.77	0.07	-1.47646
0.79	0.07	-1.30703
0.81	0.07	-1.13277
0.83	0.07	-0.95664
0.85	0.07	-0.78212
0.87	0.07	-0.613181
0.89	0.07	-0.454313
0.91	0.07	-0.310486
0.93	0.07	-0.187097
0.95	0.07	-0.0899032
0.97	0.07	-0.025106
0.99	0.07	0
1	0.07	0

0	0.05	0
0.01	0.05	-0.0164866
0.03	0.05	-0.0598876
0.05	0.05	-0.125562
0.07	0.05	-0.208993
0.09	0.05	-0.305856
0.11	0.05	-0.412252
0.13	0.05	-0.524843
0.15	0.05	-0.640871
0.17	0.05	-0.758111
0.19	0.05	-0.874797
0.21	0.05	-0.989537
0.23	0.05	-1.10124
0.25	0.05	-1.20903
0.27	0.05	-1.31223
0.29	0.05	-1.41025
0.31	0.05	-1.5026
0.33	0.05	-1.58885
0.35	0.05	-1.66857
0.37	0.05	-1.74139
0.39	0.05	-1.80688
0.41	0.05	-1.86464
0.43	0.05	-1.91425
0.45	0.05	-1.95526
0.47	0.05	-1.98724
0.49	0.05	-2.00971
0.51	0.05	-2.02224
0.53	0.05	-2.02437
0.55	0.05	-2.0157
0.57	0.05	-1.99586
0.59	0.05	-1.96452
0.61	0.05	-1.92146
0.63	0.05	-1.86655
0.65	0.05	-1.79977
0.67	0.05	-1.72126
0.69	0.05	-1.63133
0.71	0.05	-1.5305
0.73	0.05	-1.41952
0.75	0.05	-1.29939
0.77	0.05	-1.17141
0.79	0.05	-1.0372
0.81	0.05	-0.898752
0.83	0.05	-0.758446
0.85	0.05	-0.619099
0.87	0.05	-0.483999
0.89	0.05	-0.356924
0.91	0.05	-0.242128
0.93	0.05	-0.144256
0.95	0.05	-0.0681451
0.97	0.05	-0.018532
0.99	0.05	0
1	0.05	0

0	0.03	0
0.01	0.03	-0.00898678
0.03	0.03	-0.0361123
0.05	0.03	-0.0792801
0.07	0.03	-0.135216
0.09	0.03	-0.200536
0.11	0.03	-0.27224
0.13	0.03	-0.34786
0.15	0.03	-0.425442
0.17	0.03	-0.503475
0.19	0.03	-0.580805
0.21	0.03	-0.656554
0.23	0.03	-0.73006
0.25	0.03	-0.800812
0.27	0.03	-0.868413
0.29	0.03	-0.932541
0.31	0.03	-0.992925
0.33	0.03	-1.04932
0.35	0.03	-1.10149
0.37	0.03	-1.1492
0.39	0.03	-1.19222
0.41	0.03	-1.23029
0.43	0.03	-1.26313
0.45	0.03	-1.29047
0.47	0.03	-1.312
0.49	0.03	-1.32742
0.51	0.03	-1.33641
0.53	0.03	-1.33867
0.55	0.03	-1.33389
0.57	0.03	-1.3218
0.59	0.03	-1.30217
0.61	0.03	-1.27479
0.63	0.03	-1.23953
0.65	0.03	-1.19635
0.67	0.03	-1.14528
0.69	0.03	-1.0865
0.71	0.03	-1.02028
0.73	0.03	-0.947079
0.75	0.03	-0.867521
0.77	0.03	-0.782425
0.79	0.03	-0.692841
0.81	0.03	-0.600068
0.83	0.03	-0.505696
0.85	0.03	-0.411639
0.87	0.03	-0.320183
0.89	0.03	-0.234028
0.91	0.03	-0.156322
0.93	0.03	-0.0906238
0.95	0.03	-0.0406935
0.97	0.03	-0.00989945
0.99	0.03	0
1	0.03	0

0	0.01	0
0.01	0.01	-0.00101062
0.03	0.01	-0.00997261
0.05	0.01	-0.0263085
0.07	0.01	-0.0481559
0.09	0.01	-0.073741
0.11	0.01	-0.101654
0.13	0.01	-0.130836
0.15	0.01	-0.160512
0.17	0.01	-0.190118
0.19	0.01	-0.219248
0.21	0.01	-0.247613
0.23	0.01	-0.275002
0.25	0.01	-0.301263
0.27	0.01	-0.326283
0.29	0.01	-0.349974
0.31	0.01	-0.372261
0.33	0.01	-0.393075
0.35	0.01	-0.412349
0.37	0.01	-0.43001
0.39	0.01	-0.445979
0.41	0.01	-0.460172
0.43	0.01	-0.472491
0.45	0.01	-0.482832
0.47	0.01	-0.491084
0.49	0.01	-0.497127
0.51	0.01	-0.500837
0.53	0.01	-0.50209
0.55	0.01	-0.500762
0.57	0.01	-0.496735
0.59	0.01	-0.489903
0.61	0.01	-0.480175
0.63	0.01	-0.46748
0.65	0.01	-0.451775
0.67	0.01	-0.433055
0.69	0.01	-0.411353
0.71	0.01	-0.386753
0.73	0.01	-0.359397
0.75	0.01	-0.329493
0.77	0.01	-0.297326
0.79	0.01	-0.263267
0.81	0.01	-0.227787
0.83	0.01	-0.191474
0.85	0.01	-0.155053
0.87	0.01	-0.119413
0.89	0.01	-0.0856534
0.91	0.01	-0.0551329
0.93	0.01	-0.0295221
0.95	0.01	-0.01079
0.97	0.01	-0.000858812
0.99	0.01	0
1	0.01	0

0	0	0
0.01	0	0
0.03	0	0
0.05	0	0
0.07	0	0
0.09	0	0
0.11	0	0
0.13	0	0
0.15	0	0
0.17	0	0
0.19	0	0
0.21	0	0
0.23	0	0
0.25	0	0
0.27	0	0
0.29	0	0
0.31	0	0
0.33	0	0
0.35	0	0
0.37	0	0
0.39	0	0
0.41	0	0
0.43	0	0
0.45	0	0
0.47	0	0
0.49	0	0
0.51	0	0
0.53	0	0
0.55	0	0
0.57	0	0
0.59	0	0
0.61	0	0
0.63	0	0
0.65	0	0
0.67	0	0
0.69	0	0
0.71	0	0
0.73	0	0
0.75	0	0
0.77	0	0
0.79	0	0
0.81	0	0
0.83	0	0
0.85	0	0
0.87	0	0
0.89	0	0
0.91	0	0
0.93	0	0
0.95	0	0
0.97	0	0
0.99	0	0
1	0	0

