0	1	0
0.025	1	0
0.075	1	0
0.125	1	0
0.175	1	0
0.225	1	0
0.275	1	0
0.325	1	0
0.375	1	0
0.425	1	0
0.475	1	0
0.525	1	0
0.575	1	0
0.625	1	0
0.675	1	0
0.725	1	0
0.775	1	0
0.825	1	0
0.875	1	0
0.925	1	0
0.975	1	0
1	1	0

0	0.975	0
0.025	0.975	0
0.075	0.975	0
0.125	0.975	0
0.175	0.975	0
0.225	0.975	0
0.275	0.975	0
0.325	0.975	0
0.375	0.975	0
0.425	0.975	0
0.475	0.975	0
0.525	0.975	0
0.575	0.975	0
0.625	0.975	0
0.675	0.975	0
0.725	0.975	0
0.775	0.975	0
0.825	0.975	0
0.875	0.975	0
0.925	0.975	0
0.975	0.975	0
1	0.975	0

0	0.925	0
0.025	0.925	0.0393021
0.075	0.925	0.116446
0.125	0.925	0.160635
0.175	0.925	0.176326
0.225	0.925	0.171939
0.275	0.925	0.15445
0.325	0.925	0.12906
0.375	0.925	0.0994884
0.425	0.925	0.0682108
0.475	0.925	0.0366208
0.525	0.925	0.00519067
0.575	0.925	-0.0263399
0.625	0.925	-0.0587036
0.675	0.925	-0.0927097
0.725	0.925	-0.128592
0.775	0.925	-0.164889
0.825	0.925	-0.196517
0.875	0.925	-0.211633
0.925	0.925	-0.187557
0.975	0.925	-0.0907302
1	0.925	0

0	0.875	0
0.025	0.875	0.153219
0.075	0.875	0.378149
0.125	0.875	0.509012
0.175	0.875	0.560167
0.225	0.875	0.551295
0.275	0.875	0.500397
0.325	0.875	0.422146
0.375	0.875	0.327703
0.425	0.875	0.224891
0.475	0.875	0.118506
0.525	0.875	0.010753
0.575	0.875	-0.0981449
0.625	0.875	-0.209058
0.675	0.875	-0.322617
0.725	0.875	-0.437151
0.775	0.875	-0.545501
0.825	0.875	-0.630291
0.875	0.875	-0.657562
0.925	0.875	-0.570096
0.975	0.875	-0.28582
1	0.875	0

0	0.825	0
0.025	0.825	0.307421
0.075	0.825	0.720935
0.125	0.825	0.959249
0.175	0.825	1.055
0.225	0.825	1.04173
0.275	0.825	0.949829
0.325	0.825	0.804748
0.375	0.825	0.626382
0.425	0.825	0.429094
0.475	0.825	0.222142
0.525	0.825	0.0104513
0.575	0.825	-0.204218
0.625	0.825	-0.42158
0.675	0.825	-0.640331
0.725	0.825	-0.85448
0.775	0.825	-1.04808
0.825	0.825	-1.18807
0.875	0.825	-1.21554
0.925	0.825	-1.03687
0.975	0.825	-0.517823
1	0.825	0

0	0.775	0
0.025	0.775	0.475571
0.075	0.775	1.09611
0.125	0.775	1.45007
0.175	0.775	1.59266
0.225	0.775	1.57374
0.275	0.775	1.43707
0.325	0.775	1.21921
0.375	0.775	0.948915
0.425	0.775	0.647244
0.475	0.775	0.328191
0.525	0.775	-7.338e-005
0.575	0.775	-0.333411
0.625	0.775	-0.669149
0.675	0.775	-1.00244
0.725	0.775	-1.32115
0.775	0.775	-1.59887
0.825	0.775	-1.78605
0.875	0.775	-1.79965
0.925	0.775	-1.51274
0.975	0.775	-0.745256
1	0.775	0

0	0.725	0
0.025	0.725	0.641757
0.075	0.725	1.46932
0.125	0.725	1.93702
0.175	0.725	2.12344
0.225	0.725	2.09618
0.275	0.725	1.91305
0.325	0.725	1.62166
0.375	0.725	1.25924
0.425	0.725	0.853066
0.475	0.725	0.421619
0.525	0.725	-0.0236367
0.575	0.725	-0.475723
0.625	0.725	-0.928736
0.675	0.725	-1.3732
0.725	0.725	-1.7898
0.775	0.725	-2.14125
0.825	0.725	-2.36239
0.875	0.725	-2.3492
0.925	0.725	-1.94785
0.975	0.725	-0.944576
1	0.725	0

0	0.675	0
0.025	0.675	0.796777
0.075	0.675	1.81712
0.125	0.675	2.38789
0.175	0.675	2.61058
0.225	0.675	2.57107
0.275	0.675	2.34129
0.325	0.675	1.9795
0.375	0.675	1.53061
0.425	0.675	1.02731
0.475	0.675	0.491902
0.525	0.675	-0.0611667
0.575	0.675	-0.622018
0.625	0.675	-1.18113
0.675	0.675	-1.72391
0.725	0.675	-2.22362
0.775	0.675	-2.6327
0.825	0.675	-2.87256
0.875	0.675	-2.8228
0.925	0.675	-2.3109
0.975	0.675	-1.10324
1	0.675	0

0	0.625	0
0.025	0.625	0.934747
0.075	0.625	2.12284
0.125	0.625	2.77885
0.175	0.625	3.02667
0.225	0.625	2.97025
0.275	0.625	2.69517
0.325	0.625	2.26942
0.375	0.625	1.74447
0.425	0.625	1.15729
0.475	0.625	0.53309
0.525	0.625	-0.111312
0.575	0.625	-0.763398
0.625	0.625	-1.41008
0.675	0.625	-2.03169
0.725	0.625	-2.59457
0.775	0.625	-3.04228
0.825	0.625	-3.28587
0.875	0.625	-3.19395
0.925	0.625	-2.58404
0.975	0.625	-1.21561
1	0.625	0

0	0.575	0
0.025	0.575	1.05097
0.075	0.575	2.37348
0.125	0.575	3.09151
0.175	0.575	3.35096
0.225	0.575	3.27307
0.275	0.575	2.95596
0.325	0.575	2.47589
0.375	0.575	1.88937
0.425	0.575	1.23626
0.475	0.575	0.543553
0.525	0.575	-0.170336
0.575	0.575	-0.89078
0.625	0.575	-1.60152
0.675	0.575	-2.27834
0.725	0.575	-2.88171
0.775	0.575	-3.3484
0.825	0.575	-3.58261
0.875	0.575	-3.44764
0.925	0.575	-2.75915
0.975	0.575	-1.28054
1	0.575	0

0	0.525	0
0.025	0.525	1.14086
0.075	0.525	2.5578
0.125	0.525	3.31101
0.175	0.525	3.56769
0.225	0.525	3.46495
0.275	0.525	3.11152
0.325	0.525	2.58994
0.375	0.525	1.95989
0.425	0.525	1.26254
0.475	0.525	0.525402
0.525	0.525	-0.23242
0.575	0.525	-0.99488
0.625	0.525	-1.74321
0.675	0.525	-2.44959
0.725	0.525	-3.07009
0.775	0.525	-3.53712
0.825	0.525	-3.75185
0.875	0.525	-3.57758
0.925	0.525	-2.83504
0.975	0.525	-1.29984
1	0.525	0

0	0.475	0
0.025	0.475	1.19963
0.075	0.475	2.66563
0.125	0.475	3.42524
0.175	0.475	3.66536
0.225	0.475	3.53652
0.275	0.475	3.15537
0.325	0.475	2.60819
0.375	0.475	1.95567
0.425	0.475	1.23855
0.475	0.475	0.483609
0.525	0.475	-0.29034
0.575	0.475	-1.06664
0.625	0.475	-1.82489
0.675	0.475	-2.53484
0.725	0.475	-3.14997
0.775	0.475	-3.60098
0.825	0.475	-3.78966
0.875	0.475	-3.58401
0.925	0.475	-2.81535
0.975	0.475	-1.27711
1	0.475	0

0	0.425	0
0.025	0.425	1.2224
0.075	0.425	2.68799
0.125	0.425	3.42497
0.175	0.425	3.63667
0.225	0.425	3.48336
0.275	0.425	3.08614
0.325	0.425	2.53203
0.375	0.425	1.88036
0.425	0.425	1.16973
0.475	0.425	0.424944
0.525	0.425	-0.336435
0.575	0.425	-1.098
0.625	0.425	-1.83871
0.675	0.425	-2.52728
0.725	0.425	-3.11653
0.775	0.425	-3.5381
0.825	0.425	-3.69772
0.875	0.425	-3.47202
0.925	0.425	-2.70688
0.975	0.425	-1.21692
1	0.425	0

0	0.375	0
0.025	0.375	1.20463
0.075	0.375	2.61792
0.125	0.375	3.30461
0.175	0.375	3.47905
0.225	0.375	3.30622
0.275	0.375	2.90737
0.325	0.375	2.36703
0.375	0.375	1.74079
0.425	0.375	1.06348
0.475	0.375	0.356825
0.525	0.375	-0.36373
0.575	0.375	-1.08288
0.625	0.375	-1.78005
0.675	0.375	-2.42435
0.725	0.375	-2.96991
0.775	0.375	-3.35175
0.825	0.375	-3.48248
0.875	0.375	-3.25031
0.925	0.375	-2.51836
0.975	0.375	-1.12411
1	0.375	0

0	0.325	0
0.025	0.325	1.14283
0.075	0.325	2.45178
0.125	0.325	3.06352
0.175	0.325	3.19568
0.225	0.325	3.0115
0.275	0.325	2.62763
0.325	0.325	2.12266
0.375	0.325	1.5463
0.425	0.325	0.92825
0.475	0.325	0.286234
0.525	0.325	-0.367101
0.575	0.325	-1.01837
0.625	0.325	-1.64849
0.675	0.325	-2.22845
0.725	0.325	-2.71553
0.775	0.325	-3.05033
0.825	0.325	-3.15463
0.875	0.325	-2.93042
0.925	0.325	-2.25968
0.975	0.325	-1.0034
1	0.325	0

0	0.275	0
0.025	0.275	1.03542
0.075	0.275	2.19085
0.125	0.275	2.70778
0.175	0.275	2.79688
0.225	0.275	2.61226
0.275	0.275	2.26089
0.325	0.275	1.81227
0.375	0.275	1.30839
0.425	0.275	0.772844
0.475	0.275	0.218819
0.525	0.275	-0.344318
0.575	0.275	-0.905735
0.625	0.275	-1.44885
0.675	0.275	-1.94784
0.725	0.275	-2.36481
0.775	0.275	-2.64775
0.825	0.275	-2.72935
0.875	0.275	-2.52678
0.925	0.275	-1.94176
0.975	0.275	-0.859232
1	0.275	0

0	0.225	0
0.025	0.225	0.883845
0.075	0.225	1.8435
0.125	0.225	2.25229
0.175	0.225	2.30189
0.225	0.225	2.12946
0.275	0.225	1.82743
0.325	0.225	1.45355
0.375	0.225	1.0408
0.425	0.225	0.606209
0.475	0.225	0.158354
0.525	0.225	-0.296834
0.575	0.225	-0.751486
0.625	0.225	-1.19229
0.675	0.225	-1.59777
0.725	0.225	-1.93623
0.775	0.225	-2.16445
0.825	0.225	-2.22721
0.875	0.225	-2.05757
0.925	0.225	-1.57737
0.975	0.225	-0.696124
1	0.225	0

0	0.175	0
0.025	0.175	0.694095
0.075	0.175	1.42777
0.125	0.175	1.72335
0.175	0.175	1.74103
0.225	0.175	1.59366
0.275	0.175	1.3551
0.325	0.175	1.06942
0.375	0.175	0.760046
0.425	0.175	0.437691
0.475	0.175	0.106691
0.525	0.175	-0.230157
0.575	0.175	-0.568008
0.625	0.175	-0.897283
0.675	0.175	-1.20168
0.725	0.175	-1.45673
0.775	0.175	-1.62904
0.825	0.175	-1.67609
0.875	0.175	-1.5469
0.925	0.175	-1.18319
0.975	0.175	-0.519793
1	0.175	0

0	0.125	0
0.025	0.125	0.478929
0.075	0.125	0.974764
0.125	0.125	1.16185
0.175	0.125	1.15831
0.225	0.125	1.04719
0.275	0.125	0.881033
0.325	0.125	0.689433
0.375	0.125	0.486626
0.425	0.125	0.27788
0.475	0.125	0.0643019
0.525	0.125	-0.153693
0.575	0.125	-0.373888
0.625	0.125	-0.590459
0.675	0.125	-0.792636
0.725	0.125	-0.963766
0.775	0.125	-1.08077
0.825	0.125	-1.11407
0.875	0.125	-1.02817
0.925	0.125	-0.783371
0.975	0.125	-0.339498
1	0.125	0

0	0.075	0
0.025	0.075	0.261515
0.075	0.075	0.533005
0.125	0.075	0.626939
0.175	0.075	0.614559
0.225	0.075	0.546652
0.275	0.075	0.453715
0.325	0.075	0.351459
0.375	0.075	0.246357
0.425	0.075	0.139865
0.475	0.075	0.0313336
0.525	0.075	-0.0800205
0.575	0.075	-0.193764
0.625	0.075	-0.307271
0.675	0.075	-0.414992
0.725	0.075	-0.507902
0.775	0.075	-0.573113
0.825	0.075	-0.593637
0.875	0.075	-0.548509
0.925	0.075	-0.414298
0.975	0.075	-0.171901
1	0.075	0

0	0.025	0
0.025	0.025	0.0813352
0.075	0.025	0.173933
0.125	0.025	0.2011
0.175	0.025	0.191702
0.225	0.025	0.166024
0.275	0.025	0.134851
0.325	0.025	0.102876
0.375	0.025	0.0714653
0.425	0.025	0.040401
0.475	0.025	0.00890811
0.525	0.025	-0.0237156
0.575	0.025	-0.0576876
0.625	0.025	-0.0924402
0.675	0.025	-0.126381
0.725	0.025	-0.156684
0.775	0.025	-0.179087
0.825	0.025	-0.187621
0.875	0.025	-0.174255
0.925	0.025	-0.129082
0.975	0.025	-0.045646
1	0.025	0

0	0	0
0.025	0	0
0.075	0	0
0.125	0	0
0.175	0	0
0.225	0	0
0.275	0	0
0.325	0	0
0.375	0	0
0.425	0	0
0.475	0	0
0.525	0	0
0.575	0	0
0.625	0	0
0.675	0	0
0.725	0	0
0.775	0	0
0.825	0	0
0.875	0	0
0.925	0	0
0.975	0	0
1	0	0

