0	0	-1.43519
0	0.025	-1.43527
0	0.075	-1.43883
0	0.125	-1.43626
0	0.175	-1.42231
0	0.225	-1.39499
0	0.275	-1.35444
0	0.325	-1.30205
0	0.375	-1.23996
0	0.425	-1.17066
0	0.475	-1.09684
0	0.525	-1.02122
0	0.575	-0.946534
0	0.625	-0.875415
0	0.675	-0.810377
0	0.725	-0.753687
0	0.775	-0.707216
0	0.825	-0.672215
0	0.875	-0.649066
0	0.925	-0.637019
0	0.975	-0.634024
0	1	-0.634034

0.025	0	-1.43178
0.025	0.025	-1.43478
0.025	0.075	-1.44314
0.025	0.125	-1.44311
0.025	0.175	-1.42991
0.025	0.225	-1.40215
0.025	0.275	-1.36043
0.025	0.325	-1.30651
0.025	0.375	-1.24277
0.025	0.425	-1.17185
0.025	0.475	-1.09653
0.025	0.525	-1.01957
0.025	0.575	-0.943713
0.025	0.625	-0.871597
0.025	0.675	-0.805748
0.025	0.725	-0.748471
0.025	0.775	-0.701696
0.025	0.825	-0.666764
0.025	0.875	-0.644163
0.025	0.925	-0.633227
0.025	0.975	-0.631799
0.025	1	-0.632431

0.075	0	-1.41689
0.075	0.025	-1.44439
0.075	0.075	-1.48187
0.075	0.125	-1.49539
0.075	0.175	-1.48423
0.075	0.225	-1.45064
0.075	0.275	-1.39835
0.075	0.325	-1.33163
0.075	0.375	-1.25477
0.075	0.425	-1.17172
0.075	0.475	-1.08604
0.075	0.525	-1.00081
0.075	0.575	-0.918798
0.075	0.625	-0.84246
0.075	0.675	-0.774068
0.075	0.725	-0.715714
0.075	0.775	-0.669259
0.075	0.825	-0.636214
0.075	0.875	-0.61754
0.075	0.925	-0.613329
0.075	0.975	-0.622055
0.075	1	-0.629458

0.125	0	-1.38454
0.125	0.025	-1.46599
0.125	0.075	-1.56469
0.125	0.125	-1.60719
0.125	0.175	-1.60132
0.125	0.225	-1.5563
0.125	0.275	-1.48197
0.125	0.325	-1.38783
0.125	0.375	-1.28229
0.125	0.425	-1.17234
0.125	0.475	-1.06344
0.125	0.525	-0.959678
0.125	0.575	-0.86401
0.125	0.625	-0.778611
0.125	0.675	-0.705187
0.125	0.725	-0.645242
0.125	0.775	-0.600275
0.125	0.825	-0.571908
0.125	0.875	-0.561932
0.125	0.925	-0.572154
0.125	0.975	-0.603637
0.125	1	-0.628622

0.175	0	-1.33423
0.175	0.025	-1.49471
0.175	0.075	-1.68552
0.175	0.125	-1.77343
0.175	0.175	-1.77817
0.175	0.225	-1.71855
0.175	0.275	-1.61302
0.175	0.325	-1.47862
0.175	0.375	-1.32996
0.175	0.425	-1.17871
0.175	0.475	-1.03349
0.175	0.525	-0.90018
0.175	0.575	-0.782376
0.175	0.625	-0.682052
0.175	0.675	-0.600197
0.175	0.725	-0.537446
0.175	0.775	-0.494673
0.175	0.825	-0.473554
0.175	0.875	-0.477097
0.175	0.925	-0.509986
0.175	0.975	-0.578224
0.175	1	-0.632615

0.225	0	-1.26926
0.225	0.025	-1.52514
0.225	0.075	-1.83132
0.225	0.125	-1.97865
0.225	0.175	-2.00007
0.225	0.225	-1.92555
0.225	0.275	-1.78375
0.225	0.325	-1.60074
0.225	0.375	-1.39873
0.225	0.425	-1.19529
0.225	0.475	-1.00319
0.225	0.525	-0.830838
0.225	0.575	-0.683009
0.225	0.625	-0.561757
0.225	0.675	-0.467436
0.225	0.725	-0.399759
0.225	0.775	-0.358899
0.225	0.825	-0.34667
0.225	0.875	-0.367783
0.225	0.925	-0.43095
0.225	0.975	-0.549111
0.225	1	-0.643503

0.275	0	-1.1949
0.275	0.025	-1.55337
0.275	0.075	-1.98755
0.275	0.125	-2.20321
0.275	0.175	-2.24643
0.275	0.225	-2.15891
0.275	0.275	-1.98006
0.275	0.325	-1.74555
0.275	0.375	-1.48568
0.275	0.425	-1.22441
0.275	0.475	-0.979158
0.275	0.525	-0.761404
0.275	0.575	-0.577548
0.275	0.625	-0.430129
0.275	0.675	-0.319172
0.275	0.725	-0.243688
0.275	0.775	-0.203351
0.275	0.825	-0.200418
0.275	0.875	-0.241876
0.275	0.925	-0.341451
0.275	0.975	-0.520356
0.275	1	-0.663033

0.325	0	-1.11684
0.325	0.025	-1.577
0.325	0.075	-2.14064
0.325	0.125	-2.42705
0.325	0.175	-2.49499
0.325	0.225	-2.3976
0.325	0.275	-2.18469
0.325	0.325	-1.90113
0.325	0.375	-1.58488
0.325	0.425	-1.26598
0.325	0.475	-0.966447
0.325	0.525	-0.700939
0.325	0.575	-0.477803
0.325	0.625	-0.300481
0.325	0.675	-0.169137
0.325	0.725	-0.0825556
0.325	0.775	-0.040391
0.325	0.825	-0.0458691
0.325	0.875	-0.108886
0.325	0.925	-0.248946
0.325	0.975	-0.496238
0.325	1	-0.692827

0.375	0	-1.04018
0.375	0.025	-1.59432
0.375	0.075	-2.27847
0.375	0.125	-2.63155
0.375	0.175	-2.72434
0.375	0.225	-2.62072
0.375	0.275	-2.37983
0.375	0.325	-2.0544
0.375	0.375	-1.68878
0.375	0.425	-1.3181
0.375	0.475	-0.968312
0.375	0.525	-0.656977
0.375	0.575	-0.394476
0.375	0.625	-0.185517
0.375	0.675	-0.0309557
0.375	0.725	0.0699956
0.375	0.775	0.117007
0.375	0.825	0.105191
0.375	0.875	0.0210852
0.375	0.925	-0.161144
0.375	0.975	-0.48091
0.375	1	-0.734418

0.425	0	-0.968866
0.425	0.025	-1.60345
0.425	0.075	-2.39007
0.425	0.125	-2.79988
0.425	0.175	-2.91509
0.425	0.225	-2.80912
0.425	0.275	-2.54875
0.425	0.325	-2.19255
0.425	0.375	-1.78935
0.425	0.425	-1.37773
0.425	0.475	-0.986446
0.425	0.525	-0.635331
0.425	0.575	-0.336646
0.425	0.625	-0.0966181
0.425	0.675	0.0826562
0.425	0.725	0.200797
0.425	0.775	0.255989
0.425	0.825	0.240908
0.425	0.875	0.137901
0.425	0.925	-0.0855683
0.425	0.975	-0.478164
0.425	1	-0.789151

0.475	0	-0.905605
0.475	0.025	-1.60184
0.475	0.075	-2.46512
0.475	0.125	-2.91698
0.475	0.175	-3.05017
0.475	0.225	-2.94602
0.475	0.275	-2.67662
0.475	0.325	-2.30389
0.475	0.375	-1.87871
0.475	0.425	-1.44114
0.475	0.475	-1.0212
0.475	0.525	-0.64011
0.475	0.575	-0.311625
0.475	0.625	-0.0435931
0.475	0.675	0.160178
0.475	0.725	0.29743
0.475	0.775	0.364048
0.475	0.825	0.349535
0.475	0.875	0.231519
0.475	0.925	-0.0294522
0.475	0.975	-0.491283
0.475	1	-0.857948

0.525	0	-0.851941
0.525	0.025	-1.58611
0.525	0.075	-2.49376
0.525	0.125	-2.96949
0.525	0.175	-3.11497
0.525	0.225	-3.01714
0.525	0.275	-2.75067
0.525	0.325	-2.37791
0.525	0.375	-1.94922
0.525	0.425	-1.50388
0.525	0.475	-1.07151
0.525	0.525	-0.673598
0.525	0.575	-0.324821
0.525	0.625	-0.0345589
0.525	0.675	0.191362
0.525	0.725	0.34823
0.525	0.775	0.428959
0.525	0.825	0.419288
0.525	0.875	0.291803
0.525	0.925	0.0001068
0.525	0.975	-0.522964
0.525	1	-0.94094

0.575	0	-0.80849
0.575	0.025	-1.55227
0.575	0.075	-2.46695
0.575	0.125	-2.9461
0.575	0.175	-3.09759
0.575	0.225	-3.01089
0.575	0.275	-2.7601
0.575	0.325	-2.40513
0.575	0.375	-1.99311
0.575	0.425	-1.56037
0.575	0.475	-1.13445
0.575	0.525	-0.735816
0.575	0.575	-0.379348
0.575	0.625	-0.075639
0.575	0.675	0.167412
0.575	0.725	0.34233
0.575	0.775	0.438658
0.575	0.825	0.438083
0.575	0.875	0.308152
0.575	0.925	-0.00418717
0.575	0.975	-0.575315
0.575	1	-1.037

0.625	0	-0.775189
0.625	0.025	-1.49633
0.625	0.075	-2.37739
0.625	0.125	-2.83855
0.625	0.175	-2.9896
0.625	0.225	-2.91876
0.625	0.275	-2.69633
0.625	0.325	-2.37693
0.625	0.375	-2.00215
0.625	0.425	-1.60341
0.625	0.475	-1.20452
0.625	0.525	-0.823759
0.625	0.575	-0.475258
0.625	0.625	-0.170253
0.625	0.675	0.0815706
0.625	0.725	0.27006
0.625	0.775	0.381418
0.625	0.825	0.393458
0.625	0.875	0.269205
0.625	0.925	-0.0502177
0.625	0.975	-0.649924
0.625	1	-1.14327

0.675	0	-0.751511
0.675	0.025	-1.4152
0.675	0.075	-2.22113
0.675	0.125	-2.64329
0.675	0.175	-2.78753
0.675	0.225	-2.73657
0.675	0.275	-2.55373
0.675	0.325	-2.28605
0.675	0.375	-1.96774
0.675	0.425	-1.62382
0.675	0.475	-1.27311
0.675	0.525	-0.930504
0.675	0.575	-0.608422
0.675	0.625	-0.317879
0.675	0.675	-0.0696376
0.675	0.725	0.124077
0.675	0.775	0.246747
0.675	0.825	0.273137
0.675	0.875	0.162998
0.675	0.925	-0.146638
0.675	0.975	-0.748026
0.675	1	-1.25474

0.725	0	-0.736617
0.725	0.025	-1.30799
0.725	0.075	-1.99981
0.725	0.125	-2.36391
0.725	0.175	-2.49516
0.725	0.225	-2.46643
0.725	0.275	-2.33147
0.725	0.325	-2.12808
0.725	0.375	-1.88205
0.725	0.425	-1.61116
0.725	0.475	-1.32846
0.725	0.525	-1.04462
0.725	0.575	-0.769327
0.725	0.625	-0.512321
0.725	0.675	-0.284301
0.725	0.725	-0.0983603
0.725	0.775	0.0276034
0.725	0.825	0.066942
0.725	0.875	-0.0216766
0.725	0.925	-0.302297
0.725	0.975	-0.870636
0.725	1	-1.36427

0.775	0	-0.729406
0.775	0.025	-1.17755
0.775	0.075	-1.72348
0.775	0.125	-2.01425
0.775	0.175	-2.12666
0.775	0.225	-2.12005
0.775	0.275	-2.03675
0.775	0.325	-1.9046
0.775	0.375	-1.74081
0.775	0.425	-1.55594
0.775	0.475	-1.35718
0.775	0.525	-1.15056
0.775	0.575	-0.942319
0.775	0.625	-0.739788
0.775	0.675	-0.552155
0.775	0.725	-0.39162
0.775	0.775	-0.275383
0.775	0.825	-0.228983
0.775	0.875	-0.291605
0.775	0.925	-0.523868
0.775	0.975	-1.01827
0.775	1	-1.46311

0.825	0	-0.728446
0.825	0.025	-1.03261
0.825	0.075	-1.41388
0.825	0.125	-1.62198
0.825	0.175	-1.71051
0.825	0.225	-1.72304
0.825	0.275	-1.68965
0.825	0.325	-1.62833
0.825	0.375	-1.54843
0.825	0.425	-1.45426
0.825	0.475	-1.34786
0.825	0.525	-1.23098
0.825	0.575	-1.10615
0.825	0.625	-0.977427
0.825	0.675	-0.851044
0.825	0.725	-0.736285
0.825	0.775	-0.647043
0.825	0.825	-0.604518
0.825	0.875	-0.641663
0.825	0.925	-0.809988
0.825	0.975	-1.18914
0.825	1	-1.54246

0.875	0	-0.731768
0.875	0.025	-0.890396
0.875	0.075	-1.10786
0.875	0.125	-1.23238
0.875	0.175	-1.29415
0.875	0.225	-1.32062
0.875	0.275	-1.32965
0.875	0.325	-1.33026
0.875	0.375	-1.32552
0.875	0.425	-1.3152
0.875	0.475	-1.29783
0.875	0.525	-1.27196
0.875	0.575	-1.23693
0.875	0.625	-1.19336
0.875	0.675	-1.14362
0.875	0.725	-1.09241
0.875	0.775	-1.04787
0.875	0.825	-1.02358
0.875	0.875	-1.04201
0.875	0.925	-1.1398
0.875	0.975	-1.37377
0.875	1	-1.59592

0.925	0	-0.736532
0.925	0.025	-0.779608
0.925	0.075	-0.859944
0.925	0.125	-0.912363
0.925	0.175	-0.949818
0.925	0.225	-0.984712
0.925	0.275	-1.02366
0.925	0.325	-1.06856
0.925	0.375	-1.11845
0.925	0.425	-1.17089
0.925	0.475	-1.22294
0.925	0.525	-1.27169
0.925	0.575	-1.31458
0.925	0.625	-1.34963
0.925	0.675	-1.3756
0.925	0.725	-1.39237
0.925	0.775	-1.40148
0.925	0.825	-1.40725
0.925	0.875	-1.41895
0.925	0.925	-1.45445
0.925	0.975	-1.54288
0.925	1	-1.62254

0.975	0	-0.738843
0.975	0.025	-0.738796
0.975	0.075	-0.743714
0.975	0.125	-0.757916
0.975	0.175	-0.784121
0.975	0.225	-0.823321
0.975	0.275	-0.875094
0.975	0.325	-0.937987
0.975	0.375	-1.00986
0.975	0.425	-1.08816
0.975	0.475	-1.17014
0.975	0.525	-1.25292
0.975	0.575	-1.33363
0.975	0.625	-1.40937
0.975	0.675	-1.47736
0.975	0.725	-1.53495
0.975	0.775	-1.57991
0.975	0.825	-1.61073
0.975	0.875	-1.62724
0.975	0.925	-1.63157
0.975	0.975	-1.62946
0.975	1	-1.62945

1	0	-0.738843
1	0.025	-0.738796
1	0.075	-0.743714
1	0.125	-0.757916
1	0.175	-0.784121
1	0.225	-0.823321
1	0.275	-0.875094
1	0.325	-0.937987
1	0.375	-1.00986
1	0.425	-1.08816
1	0.475	-1.17014
1	0.525	-1.25292
1	0.575	-1.33363
1	0.625	-1.40937
1	0.675	-1.47736
1	0.725	-1.53495
1	0.775	-1.57991
1	0.825	-1.61073
1	0.875	-1.62724
1	0.925	-1.63157
1	0.975	-1.62946
1	1	-1.62945

