1	0.989379	0.968847	0.950082	0.933395	0.918854	0.906396	0.895862	0.887024	0.879632	0.873436	0.868204	0.863738	0.859873	0.856481	0.853465	0.850752	0.848289	0.846033	0.843951	0.842015	0.840202	0.838491	0.836863	0.835303	0.833796	0.832329	0.830891	0.829475	0.828073	0.82668	0.825292	0.823908	0.822526	0.821145	0.819766	0.818387	0.817008	0.815624	0.814224	0.812787	0.811261	0.809534	0.807347	0.804091	0.798282	0.786162	0.757809	0.687019	0.517039	0.198971	0	
1	0.989379	0.968847	0.950082	0.933395	0.918854	0.906396	0.895862	0.887024	0.879632	0.873436	0.868204	0.863738	0.859873	0.856481	0.853465	0.850752	0.848289	0.846033	0.843951	0.842015	0.840202	0.838491	0.836863	0.835303	0.833796	0.832329	0.830891	0.829475	0.828073	0.82668	0.825292	0.823908	0.822526	0.821145	0.819766	0.818387	0.817008	0.815624	0.814224	0.812786	0.811261	0.809534	0.807347	0.804091	0.798282	0.786162	0.757809	0.687019	0.517039	0.198971	0	
1	0.988714	0.966697	0.946398	0.928384	0.913005	0.900326	0.890124	0.881993	0.875478	0.87016	0.865704	0.861868	0.858485	0.855449	0.852691	0.850164	0.847834	0.845674	0.843661	0.841776	0.839999	0.838315	0.836706	0.83516	0.833662	0.8322	0.830766	0.82935	0.827946	0.826549	0.825158	0.823768	0.822381	0.820996	0.819612	0.81823	0.816849	0.815464	0.814068	0.812643	0.811147	0.809491	0.807468	0.804588	0.799607	0.789188	0.763732	0.695631	0.523765	0.200948	0	
1	0.986424	0.95929	0.93361	0.910816	0.892055	0.877756	0.867628	0.860927	0.85674	0.854193	0.852576	0.851378	0.850282	0.849123	0.847841	0.84644	0.84495	0.843408	0.841846	0.840289	0.83875	0.837236	0.835749	0.834286	0.832842	0.831413	0.829993	0.828578	0.827163	0.825749	0.824334	0.822918	0.821504	0.820092	0.818684	0.81728	0.815881	0.814482	0.813077	0.811652	0.810176	0.808581	0.806712	0.804167	0.799826	0.790315	0.765109	0.694053	0.517007	0.196158	0	
1	0.983041	0.948464	0.915157	0.885695	0.862088	0.845089	0.834315	0.828699	0.826897	0.82758	0.829606	0.832102	0.834478	0.836397	0.837717	0.83843	0.838606	0.838345	0.837752	0.836916	0.835909	0.834783	0.833573	0.832304	0.83099	0.829638	0.828256	0.826846	0.825415	0.823965	0.822503	0.821034	0.819565	0.818099	0.816642	0.815194	0.813757	0.812327	0.810897	0.809455	0.807975	0.806401	0.804601	0.802204	0.798055	0.788381	0.761239	0.684735	0.503026	0.18835	0	
1	0.979232	0.936448	0.895073	0.858847	0.830446	0.810699	0.798986	0.793905	0.793791	0.797012	0.802139	0.808025	0.81383	0.819013	0.823289	0.826567	0.828888	0.83037	0.831155	0.831389	0.831196	0.830679	0.829916	0.828962	0.82786	0.826638	0.825321	0.823925	0.822468	0.820966	0.819432	0.817883	0.816329	0.814783	0.813251	0.81174	0.81025	0.808778	0.807317	0.805853	0.804362	0.802794	0.801019	0.798655	0.794411	0.783954	0.753976	0.671844	0.486836	0.179974	0	
1	0.975364	0.924395	0.875355	0.833144	0.800899	0.779241	0.767066	0.762515	0.76361	0.76854	0.775762	0.784026	0.79238	0.800156	0.806944	0.812552	0.816951	0.82022	0.822498	0.823942	0.824709	0.824931	0.824721	0.824165	0.823332	0.822274	0.821036	0.819652	0.818156	0.816579	0.814949	0.813292	0.81163	0.809982	0.808361	0.806776	0.805229	0.803718	0.802235	0.800766	0.799284	0.797741	0.796004	0.793643	0.78918	0.777682	0.744716	0.65763	0.470657	0.172026	0	
1	0.971543	0.912636	0.856565	0.809401	0.774541	0.752146	0.740402	0.736848	0.739139	0.745318	0.753833	0.763473	0.773315	0.782683	0.791125	0.798383	0.804361	0.80908	0.81264	0.815179	0.816847	0.817786	0.818123	0.817962	0.817392	0.816485	0.815305	0.813909	0.812347	0.810669	0.808917	0.807132	0.805347	0.803589	0.801878	0.800225	0.798636	0.797107	0.795631	0.794192	0.792765	0.791298	0.789644	0.787311	0.782599	0.769998	0.734221	0.643057	0.455244	0.164781	0	
1	0.967799	0.901312	0.838955	0.787887	0.751568	0.729508	0.719047	0.717034	0.720721	0.728003	0.737353	0.747671	0.75815	0.768202	0.777415	0.785526	0.792406	0.798029	0.802447	0.805761	0.808094	0.809574	0.810324	0.810452	0.810058	0.80923	0.808048	0.806587	0.804918	0.803107	0.801215	0.799294	0.797389	0.795534	0.793754	0.792064	0.790468	0.788964	0.787543	0.786189	0.784876	0.78355	0.782043	0.779785	0.774839	0.761168	0.722876	0.628479	0.440736	0.158225	0	
1	0.96417	0.890577	0.822704	0.768647	0.731767	0.710815	0.702228	0.70215	0.707419	0.715782	0.725746	0.736336	0.746902	0.75699	0.76628	0.774556	0.781692	0.787642	0.792422	0.796095	0.79875	0.800492	0.801426	0.801658	0.801291	0.800422	0.799147	0.797556	0.795738	0.793775	0.791741	0.7897	0.787704	0.785792	0.783991	0.782316	0.780771	0.779352	0.778049	0.776845	0.775715	0.774598	0.7733	0.771165	0.766016	0.751353	0.710871	0.613989	0.427047	0.152248	0	
1	0.9607	0.880535	0.80783	0.751464	0.714602	0.695195	0.688784	0.69082	0.697746	0.707171	0.717632	0.728278	0.738617	0.74834	0.757244	0.765182	0.772066	0.777849	0.782532	0.78615	0.788764	0.790454	0.791311	0.791435	0.790927	0.789892	0.788437	0.786667	0.784682	0.782576	0.780432	0.778319	0.776293	0.774393	0.772644	0.771059	0.769639	0.768376	0.76726	0.766272	0.765387	0.764537	0.763502	0.761529	0.756214	0.740659	0.698308	0.599584	0.414031	0.146731	0	
1	0.95742	0.871196	0.794187	0.73594	0.699378	0.681663	0.677471	0.681599	0.690126	0.700531	0.711382	0.721944	0.731869	0.740992	0.749221	0.756494	0.762767	0.768016	0.77224	0.77546	0.777723	0.779092	0.779649	0.779486	0.778708	0.777425	0.77575	0.773798	0.771676	0.769482	0.7673	0.765201	0.763236	0.761441	0.759834	0.758424	0.757205	0.756169	0.755301	0.754585	0.753993	0.753452	0.752712	0.750932	0.745494	0.72916	0.685249	0.585237	0.401551	0.141572	0	
1	0.954335	0.862481	0.781527	0.721615	0.685406	0.66931	0.667186	0.673226	0.683174	0.694394	0.705485	0.71582	0.725185	0.733544	0.740913	0.747309	0.752741	0.757214	0.760735	0.763329	0.765035	0.765911	0.766035	0.765497	0.764404	0.762869	0.761008	0.758937	0.756763	0.754581	0.752472	0.750497	0.748701	0.747111	0.745737	0.74458	0.743631	0.742877	0.742301	0.741889	0.741616	0.741405	0.740979	0.739416	0.733905	0.71692	0.671739	0.570917	0.389492	0.136692	0	
1	0.951421	0.854258	0.76957	0.70805	0.672102	0.657413	0.657083	0.664748	0.675847	0.687646	0.698773	0.708705	0.717353	0.724804	0.731174	0.736556	0.74101	0.744572	0.747269	0.749131	0.7502	0.750534	0.750209	0.749316	0.747961	0.746254	0.74431	0.742239	0.74014	0.738099	0.736187	0.734452	0.732928	0.731631	0.730564	0.729719	0.729082	0.728637	0.72837	0.72827	0.728316	0.728434	0.728331	0.727011	0.721492	0.703996	0.657823	0.556608	0.377771	0.132035	0	
1	0.948641	0.846371	0.758045	0.694881	0.659022	0.645462	0.646595	0.655548	0.667486	0.679589	0.690521	0.699854	0.707624	0.714032	0.719293	0.723575	0.726988	0.729599	0.731453	0.732591	0.733055	0.732906	0.732217	0.731076	0.729584	0.727843	0.725959	0.724031	0.722144	0.720371	0.718766	0.717366	0.71619	0.715246	0.714526	0.714017	0.713702	0.713564	0.713593	0.713784	0.714129	0.714564	0.714789	0.713749	0.708301	0.690445	0.643543	0.542302	0.366328	0.12756	0	
1	0.945947	0.83867	0.746719	0.681827	0.64586	0.633142	0.635402	0.645303	0.657769	0.66991	0.680425	0.688984	0.695738	0.701004	0.705093	0.708245	0.710619	0.712312	0.713385	0.713883	0.713852	0.713347	0.712434	0.711195	0.709717	0.708092	0.70641	0.704753	0.70319	0.701778	0.700554	0.699543	0.698751	0.698177	0.697806	0.697621	0.697603	0.697738	0.698022	0.698463	0.699073	0.699808	0.700373	0.699664	0.694386	0.676328	0.628945	0.528002	0.355125	0.12324	0	
1	0.943293	0.831025	0.73541	0.66869	0.632432	0.62029	0.623368	0.633906	0.646622	0.658572	0.668498	0.67616	0.681824	0.685912	0.68883	0.690886	0.692284	0.693148	0.693551	0.693539	0.693153	0.692438	0.69145	0.690255	0.688926	0.687537	0.68616	0.684858	0.683684	0.682676	0.681858	0.681242	0.680825	0.680596	0.680539	0.680632	0.680858	0.681208	0.681688	0.682326	0.683162	0.684186	0.685117	0.684807	0.67981	0.66171	0.614076	0.513717	0.344134	0.119053	0	
1	0.94064	0.823331	0.723987	0.655346	0.618642	0.606852	0.610479	0.621385	0.634116	0.645699	0.654923	0.66164	0.666213	0.669167	0.670987	0.672044	0.672583	0.672748	0.672618	0.672235	0.671631	0.670837	0.669894	0.668849	0.667757	0.666673	0.66565	0.664733	0.663957	0.663345	0.66291	0.662651	0.66256	0.662621	0.662812	0.663114	0.663512	0.664004	0.664612	0.665392	0.666422	0.667734	0.669073	0.669246	0.664645	0.646656	0.598983	0.499461	0.333338	0.114987	0	
1	0.937954	0.815516	0.712366	0.641729	0.604459	0.592839	0.596789	0.607834	0.620389	0.631474	0.63994	0.645723	0.649276	0.651206	0.652066	0.652277	0.652113	0.651731	0.651212	0.65059	0.649884	0.64911	0.648289	0.647453	0.646635	0.645873	0.645201	0.644647	0.644232	0.643968	0.643855	0.643886	0.644048	0.644319	0.644679	0.645108	0.645596	0.646152	0.646822	0.647695	0.648897	0.650515	0.652319	0.653064	0.648975	0.631237	0.583711	0.485249	0.322727	0.11103	0	
1	0.935214	0.80753	0.700502	0.627815	0.589894	0.578297	0.58238	0.593368	0.605585	0.616077	0.623767	0.628672	0.631323	0.632388	0.63247	0.63202	0.631331	0.630565	0.629797	0.629051	0.628333	0.627642	0.626985	0.626372	0.625823	0.625358	0.624996	0.624751	0.624632	0.62464	0.62477	0.625008	0.625336	0.625733	0.626175	0.626646	0.627142	0.62769	0.628361	0.629289	0.630658	0.632613	0.63495	0.636363	0.632889	0.615522	0.568306	0.471096	0.312291	0.107176	0	
1	0.932404	0.79935	0.688378	0.613608	0.574976	0.563286	0.567337	0.578096	0.589838	0.599663	0.60658	0.610688	0.612578	0.612962	0.612466	0.611556	0.610526	0.609533	0.608644	0.607871	0.607207	0.606636	0.606152	0.605752	0.60544	0.605223	0.605109	0.6051	0.605198	0.605396	0.605683	0.606042	0.606452	0.606888	0.60733	0.607763	0.608194	0.608668	0.609292	0.610252	0.611798	0.614137	0.617083	0.619249	0.616477	0.599579	0.552808	0.457017	0.302025	0.103415	0	
1	0.929517	0.790965	0.675996	0.599129	0.559748	0.547866	0.551739	0.562114	0.573258	0.582357	0.588521	0.591923	0.593203	0.593091	0.592219	0.591042	0.589843	0.588767	0.587867	0.587144	0.586578	0.586145	0.585827	0.585611	0.585491	0.585465	0.585532	0.585687	0.585924	0.586233	0.586598	0.586999	0.587413	0.587814	0.588181	0.588505	0.588805	0.589152	0.589694	0.590679	0.592428	0.595208	0.598839	0.601835	0.59983	0.58347	0.537256	0.443024	0.291925	0.0997442	0	
1	0.926548	0.782378	0.66337	0.584409	0.544252	0.532092	0.535654	0.545505	0.555944	0.564273	0.569711	0.572504	0.573321	0.572892	0.571826	0.570555	0.569337	0.568298	0.567474	0.566857	0.566419	0.566128	0.56596	0.565895	0.565922	0.566033	0.566218	0.566471	0.56678	0.567132	0.567508	0.567885	0.568238	0.568539	0.568768	0.568923	0.569039	0.569218	0.56966	0.570677	0.572669	0.575954	0.580343	0.584228	0.583031	0.567255	0.521683	0.42913	0.281987	0.0961574	0	
1	0.923499	0.773594	0.65052	0.569477	0.52853	0.516014	0.519143	0.528344	0.537991	0.545522	0.550274	0.552557	0.55305	0.55246	0.551358	0.550135	0.549016	0.548103	0.547419	0.546946	0.54665	0.546497	0.54646	0.546516	0.54665	0.546849	0.547103	0.547401	0.547729	0.548071	0.548405	0.548706	0.548945	0.549094	0.549133	0.54907	0.548962	0.548948	0.549284	0.55036	0.552646	0.556505	0.561716	0.566531	0.566157	0.550986	0.506121	0.415347	0.272208	0.092651	0	
1	0.92037	0.764624	0.637467	0.554367	0.512621	0.49968	0.502266	0.510709	0.519496	0.526223	0.530343	0.532214	0.532507	0.531886	0.53087	0.5298	0.528864	0.528138	0.527632	0.527323	0.527174	0.527151	0.527226	0.527376	0.527584	0.527837	0.528122	0.528425	0.528732	0.529024	0.529276	0.52946	0.529545	0.529501	0.529312	0.528996	0.528638	0.528422	0.528669	0.529844	0.532487	0.536988	0.543073	0.548838	0.549278	0.53471	0.490597	0.401684	0.262587	0.0892222	0	
1	0.917163	0.755476	0.624229	0.539106	0.49656	0.483133	0.485081	0.492682	0.500569	0.506507	0.510057	0.511609	0.511807	0.511258	0.510415	0.509567	0.508862	0.508356	0.508046	0.507906	0.507901	0.507996	0.508166	0.508388	0.508645	0.508924	0.509211	0.509491	0.509747	0.50996	0.510101	0.510139	0.510041	0.509774	0.509331	0.508745	0.508131	0.507726	0.50792	0.509252	0.512322	0.517531	0.524525	0.531233	0.532454	0.518469	0.475139	0.388155	0.253124	0.0858692	0	
1	0.913878	0.746156	0.610825	0.523722	0.480383	0.466419	0.467652	0.474351	0.481325	0.48651	0.489561	0.49088	0.491066	0.490657	0.49004	0.489448	0.488996	0.488718	0.488605	0.488628	0.488755	0.488955	0.489202	0.489476	0.489762	0.490044	0.490309	0.490542	0.490725	0.490836	0.490844	0.490717	0.490416	0.489913	0.489207	0.488354	0.487505	0.48695	0.487149	0.488713	0.492286	0.498255	0.506174	0.513794	0.515741	0.502301	0.459772	0.374772	0.243824	0.0825912	0	
1	0.910517	0.736671	0.597267	0.508241	0.464126	0.449589	0.450049	0.455814	0.461886	0.466368	0.468992	0.470151	0.470386	0.470158	0.469789	0.469461	0.469258	0.469199	0.46927	0.469441	0.469683	0.469967	0.470271	0.470576	0.470867	0.471129	0.47135	0.471514	0.471602	0.471592	0.471452	0.471147	0.470639	0.469904	0.468952	0.467863	0.466828	0.466193	0.466483	0.468366	0.472515	0.479284	0.488116	0.496591	0.499187	0.486243	0.444522	0.361549	0.234689	0.0793886	0	
1	0.907078	0.727022	0.58357	0.492686	0.447827	0.432695	0.432349	0.437173	0.442376	0.446218	0.448485	0.449543	0.449863	0.449832	0.449709	0.449631	0.449656	0.449792	0.45002	0.450314	0.450645	0.450987	0.45132	0.451627	0.451894	0.452107	0.452255	0.452324	0.452296	0.452148	0.45185	0.451366	0.450663	0.449723	0.448571	0.447312	0.446177	0.445564	0.446052	0.448352	0.453145	0.460733	0.470441	0.479688	0.482839	0.47033	0.429415	0.348505	0.225728	0.0762628	0	
1	0.90356	0.717209	0.569744	0.477085	0.431527	0.415798	0.414637	0.418537	0.422922	0.426192	0.428165	0.429163	0.429585	0.429747	0.429848	0.429989	0.430208	0.430502	0.430852	0.431231	0.431613	0.431975	0.432299	0.432568	0.43277	0.432895	0.432934	0.432876	0.432706	0.432406	0.431947	0.431299	0.430434	0.429344	0.428072	0.426748	0.425638	0.42518	0.425994	0.428814	0.434307	0.442711	0.45323	0.463145	0.466742	0.454597	0.414481	0.335659	0.21695	0.0732154	0	
1	0.899959	0.70723	0.5558	0.461464	0.415271	0.398966	0.397005	0.40002	0.403651	0.406418	0.408149	0.409115	0.409639	0.409971	0.41026	0.410577	0.410941	0.411346	0.411768	0.412182	0.412565	0.412894	0.413154	0.41333	0.413414	0.413401	0.413285	0.413062	0.412725	0.41226	0.411649	0.410868	0.409899	0.408748	0.407473	0.406226	0.405299	0.405158	0.406442	0.409885	0.416123	0.425319	0.436563	0.44702	0.450941	0.439085	0.399752	0.323032	0.208364	0.0702478	0	
1	0.896271	0.697082	0.541746	0.445853	0.399111	0.382275	0.379553	0.381743	0.384693	0.387021	0.388552	0.389497	0.390108	0.390573	0.391001	0.391437	0.391888	0.392341	0.392773	0.393158	0.393475	0.393704	0.39383	0.393845	0.393745	0.393532	0.393209	0.392782	0.392254	0.391623	0.390882	0.390019	0.389032	0.387937	0.38681	0.385816	0.385262	0.38562	0.387526	0.391693	0.398708	0.408654	0.420517	0.431375	0.435488	0.423833	0.385259	0.310643	0.199978	0.0673598	0	
1	0.892491	0.68676	0.527595	0.430284	0.383103	0.365806	0.362387	0.363828	0.366173	0.368122	0.369481	0.3704	0.371066	0.371616	0.372122	0.37261	0.373077	0.373506	0.373872	0.374151	0.374321	0.374368	0.37428	0.374056	0.3737	0.373223	0.372641	0.371975	0.371241	0.370455	0.369625	0.368756	0.367858	0.366966	0.366163	0.365622	0.365647	0.366698	0.369382	0.374369	0.382181	0.392818	0.405177	0.416282	0.420438	0.408887	0.371032	0.298507	0.191792	0.0645483	0	
1	0.888613	0.676259	0.513357	0.414793	0.367309	0.349646	0.345616	0.346395	0.348211	0.349829	0.35103	0.351904	0.352581	0.353154	0.353666	0.35413	0.354532	0.354854	0.355068	0.355154	0.355092	0.35487	0.354485	0.353943	0.353261	0.352464	0.351585	0.350661	0.349728	0.34882	0.347965	0.347186	0.346511	0.345984	0.345696	0.345816	0.346629	0.348561	0.352171	0.358061	0.366675	0.377927	0.390643	0.401818	0.405854	0.394288	0.357093	0.286627	0.183799	0.0618055	0	
1	0.88463	0.66557	0.499044	0.39942	0.351793	0.333883	0.329346	0.329556	0.330914	0.332235	0.333275	0.334069	0.3347	0.335225	0.335666	0.336022	0.336274	0.336401	0.336378	0.336183	0.335803	0.335233	0.334478	0.333557	0.332501	0.331353	0.330165	0.328994	0.327899	0.326934	0.326147	0.32558	0.325274	0.325285	0.325701	0.326678	0.328469	0.331449	0.336106	0.342957	0.352352	0.36412	0.377027	0.388074	0.391795	0.380067	0.343446	0.274986	0.175972	0.0591168	0	
1	0.880532	0.654684	0.484672	0.384206	0.336622	0.318605	0.313674	0.313406	0.314364	0.315408	0.316267	0.316935	0.317456	0.317857	0.318145	0.31831	0.31833	0.318181	0.317842	0.317294	0.31653	0.315554	0.314385	0.313056	0.311616	0.310128	0.308664	0.307304	0.306128	0.305209	0.304614	0.304402	0.304623	0.305337	0.306627	0.308624	0.311541	0.315687	0.321463	0.329285	0.3394	0.351549	0.364449	0.375133	0.378309	0.366235	0.330069	0.26354	0.168266	0.0564595	0	
1	0.876308	0.64359	0.470251	0.369195	0.321864	0.303891	0.298682	0.298021	0.298622	0.299389	0.300036	0.300524	0.300866	0.30107	0.301132	0.301033	0.300752	0.300265	0.299554	0.298607	0.297428	0.29603	0.294448	0.292733	0.290953	0.28919	0.28754	0.2861	0.284969	0.284238	0.283988	0.284284	0.285186	0.286749	0.289043	0.292172	0.296296	0.301654	0.308551	0.31729	0.328008	0.340354	0.353004	0.363049	0.365408	0.352761	0.316894	0.252205	0.160606	0.0538019	0	
1	0.871944	0.632268	0.455795	0.354434	0.307584	0.289814	0.284437	0.28345	0.28372	0.284199	0.284596	0.284849	0.284951	0.284897	0.284673	0.284259	0.283634	0.282777	0.281676	0.280328	0.278747	0.276963	0.275025	0.273003	0.270983	0.269069	0.267371	0.266003	0.265078	0.264697	0.264948	0.265901	0.267612	0.270131	0.273507	0.27781	0.28315	0.289688	0.297628	0.307159	0.3183	0.330605	0.34272	0.351809	0.353036	0.339549	0.303797	0.24085	0.15289	0.0511039	0	
1	0.86742	0.620693	0.441313	0.339967	0.293846	0.276435	0.270988	0.269725	0.269674	0.269848	0.269957	0.26993	0.269747	0.269394	0.268853	0.268104	0.267128	0.265909	0.264443	0.262739	0.260823	0.258739	0.256553	0.254351	0.252237	0.250326	0.248742	0.24761	0.247047	0.247159	0.248036	0.249748	0.252346	0.255865	0.260335	0.26579	0.272285	0.279904	0.28875	0.298893	0.310231	0.322223	0.333485	0.341273	0.341029	0.326413	0.290582	0.229293	0.144988	0.04832	0	
1	0.862708	0.608825	0.426809	0.325842	0.28071	0.263808	0.258368	0.256864	0.256496	0.256347	0.256143	0.25581	0.255321	0.254658	0.253801	0.252733	0.251436	0.249905	0.248144	0.246171	0.244025	0.241765	0.23947	0.237237	0.235179	0.23342	0.23209	0.231314	0.231213	0.231893	0.233442	0.23593	0.239403	0.243887	0.249391	0.255915	0.263456	0.272021	0.281608	0.292166	0.303467	0.31487	0.324966	0.331115	0.329068	0.313048	0.276969	0.217304	0.136751	0.0454042	0	
1	0.857769	0.596608	0.412278	0.312103	0.268235	0.25198	0.246609	0.244886	0.244204	0.243726	0.243203	0.242563	0.241777	0.240823	0.239685	0.238346	0.236796	0.235034	0.233075	0.230946	0.228697	0.226393	0.224122	0.221986	0.2201	0.218588	0.217578	0.217192	0.21755	0.218756	0.220903	0.224063	0.228288	0.233601	0.239998	0.247447	0.255892	0.265256	0.275429	0.286227	0.297288	0.307869	0.316532	0.320759	0.316641	0.299009	0.262593	0.204617	0.128026	0.0423188	0	
1	0.852548	0.583964	0.397708	0.298798	0.256482	0.240997	0.235742	0.23382	0.232836	0.232042	0.231218	0.230297	0.229248	0.228053	0.226693	0.225156	0.223438	0.221544	0.219495	0.217324	0.215084	0.212847	0.210696	0.208733	0.207066	0.205812	0.205089	0.205015	0.205705	0.207268	0.209805	0.213403	0.218128	0.224018	0.231066	0.239222	0.24838	0.258377	0.268987	0.279886	0.290563	0.300163	0.307221	0.309354	0.303022	0.283714	0.247022	0.190953	0.118686	0.0390432	0	
1	0.84697	0.570789	0.383079	0.285982	0.245519	0.230913	0.22581	0.223714	0.222455	0.22138	0.220296	0.219142	0.217888	0.216514	0.215006	0.213354	0.211557	0.209625	0.20758	0.205458	0.203312	0.201206	0.199218	0.197438	0.195963	0.194893	0.194336	0.194401	0.195199	0.196846	0.199456	0.203141	0.207994	0.21408	0.221412	0.229935	0.23951	0.2499	0.260763	0.271625	0.281818	0.290364	0.295771	0.295799	0.287309	0.266481	0.229805	0.176074	0.108656	0.0355822	0	
1	0.840939	0.556958	0.368377	0.273728	0.235431	0.221797	0.216878	0.21464	0.213152	0.211849	0.210563	0.209237	0.207842	0.206359	0.204775	0.203083	0.201284	0.199387	0.197415	0.1954	0.193388	0.191433	0.189601	0.187965	0.186602	0.185598	0.185041	0.18503	0.185671	0.187083	0.189395	0.192741	0.197252	0.20303	0.210126	0.218509	0.228032	0.238414	0.249216	0.259828	0.269428	0.27691	0.280753	0.278867	0.268531	0.246631	0.210553	0.159841	0.0979488	0.031966	0	
1	0.834348	0.54235	0.353623	0.262155	0.226339	0.213746	0.209033	0.206695	0.205037	0.20357	0.202146	0.200712	0.199238	0.197708	0.196108	0.194433	0.192683	0.190867	0.189005	0.18712	0.185249	0.183434	0.181722	0.180168	0.17883	0.177771	0.177063	0.176785	0.177033	0.177921	0.179581	0.182163	0.185825	0.19071	0.196919	0.204467	0.213244	0.222971	0.233169	0.243138	0.251935	0.258344	0.260819	0.257424	0.245842	0.223648	0.189066	0.14228	0.0866694	0.0282383	0	
1	0.827106	0.52692	0.33895	0.251488	0.21843	0.206896	0.202396	0.199997	0.198228	0.19666	0.195159	0.193672	0.192171	0.190637	0.189061	0.187435	0.185762	0.184046	0.182301	0.180545	0.178802	0.177098	0.175467	0.173944	0.172566	0.171376	0.170422	0.169764	0.169475	0.169651	0.17041	0.171896	0.174273	0.177707	0.182341	0.188253	0.195402	0.203574	0.212332	0.220979	0.228537	0.233748	0.235075	0.230726	0.218754	0.197335	0.165394	0.123567	0.0749645	0.0244334	0	
1	0.819234	0.510879	0.324785	0.242172	0.212016	0.201456	0.197121	0.194677	0.192838	0.191217	0.189684	0.188182	0.186685	0.185174	0.183639	0.182075	0.180482	0.178863	0.177225	0.175579	0.173939	0.172321	0.170741	0.16922	0.167777	0.166435	0.165221	0.164168	0.163323	0.16275	0.162535	0.162789	0.163649	0.165271	0.16781	0.171385	0.176033	0.18165	0.18792	0.194268	0.199824	0.203419	0.203619	0.19881	0.187351	0.167876	0.13979	0.10393	0.0629539	0.0205718	0	
1	0.811068	0.495127	0.312245	0.235096	0.207627	0.19773	0.193401	0.190861	0.188951	0.187292	0.185745	0.184246	0.182764	0.181282	0.17979	0.178282	0.176757	0.175216	0.173663	0.172102	0.170539	0.168982	0.167437	0.165912	0.164411	0.162943	0.161516	0.160141	0.158837	0.157631	0.156567	0.155706	0.155131	0.154948	0.155274	0.156225	0.157878	0.160221	0.163096	0.166133	0.168704	0.1699	0.168554	0.163333	0.152907	0.136232	0.112952	0.0838353	0.0509005	0.0167364	0	
1	0.803719	0.482159	0.303904	0.231925	0.206099	0.196128	0.191437	0.188634	0.18658	0.184854	0.18328	0.181778	0.180307	0.178846	0.177385	0.175916	0.174438	0.172951	0.171454	0.16995	0.168439	0.166923	0.165401	0.163874	0.162338	0.160791	0.159228	0.157646	0.156041	0.154413	0.152769	0.151121	0.149492	0.147919	0.14645	0.145143	0.144047	0.143182	0.142493	0.141807	0.140777	0.138855	0.135286	0.129164	0.119557	0.105721	0.0873843	0.0650107	0.0397999	0.0132449	0	
1	0.799811	0.477509	0.304602	0.23506	0.208348	0.19696	0.191285	0.187931	0.185596	0.183734	0.182098	0.180571	0.179095	0.17764	0.176192	0.174743	0.17329	0.17183	0.170363	0.168888	0.167405	0.16591	0.164402	0.162875	0.161324	0.159739	0.158112	0.156429	0.154678	0.152844	0.150911	0.148864	0.146688	0.144366	0.141887	0.139237	0.136402	0.133363	0.130078	0.126466	0.122376	0.117562	0.111664	0.104229	0.0947617	0.0828311	0.0682117	0.0510004	0.0316146	0.0106863	0	
1	0.803287	0.488259	0.317979	0.244655	0.21363	0.199495	0.192353	0.188266	0.185574	0.183539	0.181821	0.180254	0.178761	0.1773	0.175852	0.174407	0.17296	0.171508	0.17005	0.168584	0.167108	0.16562	0.164115	0.162588	0.161031	0.159435	0.157787	0.156075	0.154282	0.152389	0.150375	0.148216	0.145886	0.143352	0.140578	0.137522	0.134134	0.130353	0.126108	0.121309	0.115852	0.109602	0.102395	0.0940314	0.0842864	0.0729389	0.0598103	0.0448065	0.027956	0.00952981	0	
1	0.803287	0.488259	0.317979	0.244655	0.213629	0.199495	0.192353	0.188266	0.185574	0.183539	0.181821	0.180254	0.178761	0.1773	0.175852	0.174407	0.17296	0.171508	0.170049	0.168583	0.167108	0.165619	0.164115	0.162588	0.161031	0.159434	0.157787	0.156075	0.154282	0.152389	0.150375	0.148216	0.145886	0.143351	0.140578	0.137522	0.134134	0.130353	0.126108	0.121309	0.115852	0.109602	0.102395	0.0940314	0.0842864	0.0729388	0.0598103	0.0448064	0.027956	0.00952981	0	
